5578 710 4868 0 5578
5442 653 4789 0 5442
5595 704 4891 0 5595
5448 686 4762 0 5448
5562 688 4874 0 5562
5466 635 4831 0 5466
5536 710 4826 0 5536
5408 692 4716 0 5408
5419 678 4741 0 5419
5330 714 4616 0 5330
5340 669 4671 0 5340
5430 671 4759 0 5430
5718 733 4985 0 5718
5811 789 5022 0 5811
5383 706 4677 0 5383
5519 679 4840 0 5519
5451 642 4809 0 5451
5300 660 4640 0 5300
5633 687 4946 0 5633
5333 675 4658 0 5333
5221 653 4568 0 5221
5519 728 4791 0 5519
5610 722 4888 0 5610
5044 623 4421 0 5044
5579 669 4910 1 5578
5613 668 4945 0 5613
5790 756 5034 0 5790
5136 616 4520 0 5136
5131 654 4477 0 5131
5626 713 4913 0 5626
5698 749 4949 0 5698
5684 741 4943 0 5684
5319 645 4674 0 5319
5425 679 4746 0 5425
5316 679 4637 0 5316
5799 716 5083 0 5799
5393 703 4690 0 5393
5256 643 4613 0 5256
4981 633 4348 0 4981
5139 652 4487 0 5139
5323 683 4640 0 5323
5399 672 4727 0 5399
5277 680 4597 0 5277
5590 730 4860 0 5590
5355 669 4686 0 5355
5853 717 5136 0 5853
5252 718 4534 0 5252
5545 699 4846 0 5545
5453 682 4771 0 5453
5520 718 4802 0 5520
5255 689 4566 0 5255
5195 657 4538 0 5195
5207 666 4541 0 5207
5686 672 5014 0 5686
5468 698 4770 0 5468
5366 691 4675 0 5366
5033 604 4429 0 5033
5456 702 4754 0 5456
5177 646 4531 0 5177
5285 652 4633 0 5285
5099 687 4412 0 5099
5120 653 4467 0 5120
5301 656 4645 0 5301
5269 624 4645 0 5269
5135 656 4479 0 5135
4837 578 4259 0 4837
5119 680 4439 0 5119
5166 645 4521 0 5166
4846 585 4261 0 4846
5491 683 4808 0 5491
5221 653 4568 0 5221
4685 570 4115 0 4685
4924 617 4307 0 4924
5166 634 4532 0 5166
5114 668 4446 0 5114
5493 707 4786 0 5493
4966 624 4342 0 4966
4872 627 4245 0 4872
5029 632 4397 0 5029
4847 607 4240 0 4847
4809 591 4218 0 4809
4931 622 4309 0 4931
4973 594 4379 0 4973
5008 597 4411 0 5008
5155 637 4518 0 5155
5478 662 4816 0 5478
5222 662 4560 0 5222
4961 592 4369 0 4961
5420 693 4727 0 5420
5381 658 4723 0 5381
5076 609 4467 0 5076
5177 663 4514 0 5177
5075 632 4443 0 5075
5253 670 4583 0 5253
5151 657 4494 0 5151
5015 667 4348 0 5015
5041 656 4385 0 5041
5185 641 4544 0 5185
4951 606 4345 0 4951
5324 684 4640 0 5324
4974 612 4362 0 4974
4925 598 4327 0 4925
4876 646 4230 0 4876
5090 650 4440 0 5090
5633 748 4885 0 5633
4856 601 4255 0 4856
5134 675 4459 0 5134
4780 614 4166 0 4780
5161 618 4543 0 5161
4994 606 4388 0 4994
5369 674 4695 0 5369
5113 653 4460 1 5112
5288 677 4611 0 5288
5018 603 4415 0 5018
5518 703 4815 0 5518
5431 684 4747 0 5431
5081 635 4446 0 5081
5376 678 4698 0 5376
4724 565 4159 0 4724
5071 672 4399 0 5071
4931 601 4330 0 4931
4915 632 4283 0 4915
4899 606 4293 0 4899
5107 642 4465 0 5107
4982 626 4356 0 4982
4767 589 4178 0 4767
5056 702 4354 0 5056
5229 653 4576 0 5229
5449 696 4753 0 5449
5343 676 4667 0 5343
5158 612 4546 0 5158
5612 728 4884 0 5612
5231 655 4576 0 5231
5079 669 4410 0 5079
5324 682 4642 0 5324
5066 627 4439 0 5066
4980 649 4331 0 4980
5241 668 4573 0 5241
5271 690 4581 0 5271
5209 653 4556 0 5209
5046 659 4387 0 5046
4935 646 4289 0 4935
5208 680 4528 0 5208
5020 632 4388 0 5020
4963 597 4366 1 4962
5449 696 4753 0 5449
5082 657 4425 0 5082
5101 602 4499 0 5101
5368 709 4659 0 5368
5398 721 4677 0 5398
5538 699 4839 0 5538
5630 779 4851 0 5630
5580 660 4920 0 5580
4948 609 4339 0 4948
5483 691 4792 0 5483
5393 679 4714 0 5393
5562 696 4866 0 5562
5819 735 5084 0 5819
5704 744 4960 0 5704
5538 660 4878 0 5538
5517 709 4808 0 5517
5667 648 5019 0 5667
5529 730 4799 0 5529
5479 744 4735 0 5479
5807 758 5049 0 5807
4794 657 4137 0 4794
5452 681 4771 1 5451
5353 681 4672 0 5353
5531 654 4877 0 5531
4828 608 4220 0 4828
5733 717 5016 0 5733
5652 708 4944 0 5652
5836 746 5090 0 5836
5237 622 4615 0 5237
5111 656 4455 0 5111
5785 660 5125 0 5785
5384 672 4712 0 5384
5484 674 4810 0 5484
5414 664 4750 0 5414
5722 734 4988 1 5721
5795 744 5051 0 5795
4666 575 4091 0 4666
5504 700 4804 0 5504
5533 684 4849 0 5533
5123 628 4495 0 5123
5336 697 4639 0 5336
5145 649 4496 0 5145
5517 688 4829 0 5517
5064 629 4435 0 5064
4959 605 4354 0 4959
5855 712 5143 0 5855
5335 684 4651 0 5335
5415 678 4737 0 5415
4940 609 4331 0 4940
5043 593 4450 0 5043
5103 626 4477 0 5103
5167 628 4539 0 5167
5366 688 4678 0 5366
5005 586 4419 0 5005
5349 683 4666 0 5349
5891 731 5160 0 5891
5123 700 4423 0 5123
5630 686 4944 0 5630
5565 654 4911 0 5565
5616 719 4897 0 5616
5154 616 4538 0 5154
5389 667 4722 0 5389
5562 692 4870 0 5562
4829 576 4253 0 4829
5005 609 4396 0 5005
5022 622 4400 0 5022
5496 684 4812 0 5496
5633 681 4952 1 5632
5403 691 4712 0 5403
5295 656 4639 1 5294
5367 717 4650 0 5367
5037 608 4429 0 5037
4992 625 4367 0 4992
5242 631 4611 0 5242
5511 654 4857 0 5511
5287 723 4564 0 5287
5017 642 4375 0 5017
5063 661 4402 0 5063
5499 687 4812 0 5499
5345 695 4650 0 5345
5186 644 4542 0 5186
5273 673 4600 0 5273
5382 673 4709 0 5382
5441 730 4711 0 5441
5180 692 4488 0 5180
5121 649 4472 0 5121
4714 597 4117 0 4714
5082 616 4466 0 5082
5167 635 4532 0 5167
5566 701 4865 0 5566
5169 638 4531 0 5169
5435 682 4753 0 5435
4910 646 4264 0 4910
5708 694 5014 0 5708
5857 742 5115 0 5857
5592 685 4907 0 5592
5012 642 4370 0 5012
4998 666 4332 0 4998
5397 695 4702 0 5397
5376 663 4713 0 5376
4932 654 4278 0 4932
5392 648 4744 0 5392
5370 696 4674 0 5370
5166 651 4515 0 5166
4873 640 4233 0 4873
5214 659 4555 0 5214
5211 595 4616 0 5211
5180 625 4555 0 5180
5061 650 4411 0 5061
5242 656 4586 0 5242
4780 593 4187 0 4780
5322 630 4692 0 5322
5184 678 4506 0 5184
5232 624 4608 0 5232
5290 666 4624 0 5290
5001 663 4338 0 5001
5311 673 4638 0 5311
5126 651 4475 0 5126
5340 658 4682 0 5340
5124 641 4483 0 5124
5070 609 4461 0 5070
5324 669 4655 0 5324
5280 662 4618 0 5280
5598 690 4908 0 5598
5150 652 4498 0 5150
5032 599 4433 0 5032
5175 643 4532 0 5175
5219 662 4557 0 5219
4939 651 4288 0 4939
5381 684 4697 0 5381
5351 676 4675 0 5351
5395 697 4698 0 5395
5159 686 4473 0 5159
5110 649 4461 0 5110
5503 682 4821 0 5503
5551 733 4818 0 5551
5373 689 4684 0 5373
5512 732 4780 0 5512
5475 683 4792 0 5475
5154 671 4483 0 5154
5276 638 4638 0 5276
5755 714 5041 0 5755
5379 662 4717 0 5379
5245 654 4591 0 5245
4786 605 4181 0 4786
5397 675 4722 0 5397
5654 706 4948 1 5653
5132 657 4475 0 5132
5155 663 4492 0 5155
5333 676 4657 0 5333
5336 679 4657 0 5336
5416 669 4747 0 5416
5006 647 4359 0 5006
5101 640 4461 0 5101
5316 677 4639 0 5316
5331 702 4629 0 5331
5131 673 4458 0 5131
5193 651 4542 0 5193
5305 667 4638 0 5305
5642 696 4946 0 5642
5025 664 4361 0 5025
4945 617 4328 0 4945
5200 637 4563 0 5200
5339 632 4707 0 5339
5320 705 4615 0 5320
5159 630 4529 0 5159
4827 562 4265 0 4827
5726 711 5015 0 5726
5345 700 4645 0 5345
4906 634 4272 0 4906
4535 563 3972 0 4535
5057 607 4450 0 5057
5250 623 4627 0 5250
5446 678 4768 1 5445
4837 624 4213 0 4837
5086 600 4486 0 5086
5425 713 4712 0 5425
5162 629 4533 0 5162
5206 659 4547 0 5206
5063 608 4455 0 5063
5103 660 4443 0 5103
5105 619 4486 0 5105
5248 654 4594 0 5248
4922 600 4322 0 4922
5321 677 4644 0 5321
4983 630 4353 0 4983
5302 668 4634 0 5302
5042 625 4417 0 5042
5306 670 4636 0 5306
5043 596 4447 0 5043
5561 683 4878 0 5561
5242 661 4581 0 5242
4957 680 4277 0 4957
5158 620 4538 0 5158
4815 596 4219 0 4815
5112 648 4464 0 5112
5259 622 4637 0 5259
5386 701 4685 0 5386
4930 614 4316 0 4930
5235 689 4546 0 5235
5474 664 4810 0 5474
5298 675 4623 0 5298
5563 718 4845 0 5563
5098 639 4459 0 5098
4838 621 4217 0 4838
5156 631 4525 0 5156
5350 664 4686 0 5350
5015 645 4370 0 5015
5428 694 4734 0 5428
4982 651 4331 0 4982
5297 657 4640 0 5297
5419 694 4725 0 5419
5076 638 4438 0 5076
5045 627 4418 0 5045
5403 670 4733 0 5403
4956 663 4293 0 4956
5140 661 4479 0 5140
5014 644 4370 0 5014
5433 689 4744 0 5433
5129 642 4487 0 5129
5319 636 4683 0 5319
5404 715 4689 0 5404
5280 661 4619 0 5280
5600 695 4905 0 5600
5272 697 4575 0 5272
5465 636 4829 0 5465
4659 586 4073 0 4659
5002 642 4360 0 5002
5337 688 4649 0 5337
4756 605 4151 0 4756
5279 653 4626 0 5279
5045 624 4421 0 5045
4917 625 4292 0 4917
4867 602 4265 0 4867
5144 647 4497 0 5144
4885 619 4266 0 4885
5329 650 4679 0 5329
5088 589 4499 0 5088
5029 624 4405 0 5029
4994 666 4328 0 4994
5226 649 4577 0 5226
5267 677 4590 0 5267
5246 658 4588 0 5246
5162 636 4526 0 5162
4995 629 4366 0 4995
5076 631 4445 0 5076
4926 610 4316 0 4926
5277 642 4635 0 5277
4950 599 4351 0 4950
4951 631 4320 0 4951
5203 651 4552 0 5203
5567 741 4826 0 5567
5266 651 4615 0 5266
5557 727 4830 0 5557
5518 690 4828 0 5518
5307 706 4601 0 5307
5165 662 4503 0 5165
5147 666 4481 0 5147
5298 639 4659 0 5298
5089 596 4493 0 5089
4762 624 4138 0 4762
5364 688 4676 0 5364
4887 598 4289 0 4887
5358 682 4676 0 5358
5231 626 4605 0 5231
5357 725 4632 0 5357
5041 630 4411 0 5041
5247 634 4613 0 5247
5483 679 4804 0 5483
4949 620 4329 0 4949
5128 650 4478 0 5128
5310 688 4622 0 5310
4860 609 4251 0 4860
5293 627 4666 0 5293
4988 622 4366 0 4988
5261 657 4604 0 5261
5319 647 4672 0 5319
5064 651 4413 0 5064
4901 674 4227 0 4901
4975 672 4303 0 4975
4852 592 4260 0 4852
5354 677 4677 0 5354
5503 659 4844 0 5503
5281 665 4616 0 5281
5095 613 4482 0 5095
5022 614 4408 0 5022
5000 607 4393 0 5000
4836 609 4227 0 4836
5018 642 4376 0 5018
4974 604 4370 0 4974
5428 653 4775 0 5428
5007 629 4378 0 5007
4820 595 4225 0 4820
5147 635 4512 0 5147
5302 676 4626 0 5302
5277 686 4591 0 5277
5545 691 4854 0 5545
4972 594 4378 0 4972
5350 659 4691 0 5350
4886 610 4276 0 4886
5343 689 4654 0 5343
4823 570 4253 0 4823
5266 649 4617 0 5266
5139 616 4523 0 5139
5183 617 4566 0 5183
4990 637 4353 0 4990
5199 654 4545 0 5199
5214 611 4603 0 5214
5165 659 4506 0 5165
5644 706 4938 0 5644
5101 637 4464 0 5101
5876 731 5145 0 5876
4958 645 4313 0 4958
5192 709 4483 0 5192
4439 591 3848 0 4439
5146 623 4523 0 5146
5172 668 4504 0 5172
5199 699 4500 0 5199
5243 603 4640 0 5243
5056 600 4456 0 5056
5292 700 4592 0 5292
4911 607 4304 0 4911
5554 669 4885 0 5554
5148 603 4545 0 5148
4955 598 4357 0 4955
5199 600 4599 0 5199
5268 680 4588 0 5268
5039 634 4405 0 5039
5342 648 4694 0 5342
4745 622 4123 0 4745
4663 611 4052 0 4663
5088 598 4490 0 5088
4774 594 4180 0 4774
5007 605 4402 0 5007
5146 640 4506 0 5146
5129 624 4505 0 5129
5303 683 4620 0 5303
5453 682 4771 0 5453
5086 639 4447 0 5086
5176 633 4543 0 5176
5347 676 4671 0 5347
5139 653 4486 0 5139
5065 595 4470 0 5065
4848 601 4247 0 4848
5270 705 4565 0 5270
5067 652 4415 0 5067
5041 655 4386 0 5041
4860 608 4252 0 4860
5484 730 4754 0 5484
5153 630 4523 0 5153
5391 705 4686 0 5391
5303 714 4589 0 5303
4621 569 4052 1 4620
5063 630 4433 0 5063
5206 704 4502 0 5206
5788 691 5097 0 5788
5180 621 4559 0 5180
4638 579 4059 0 4638
4928 627 4301 0 4928
4999 629 4370 0 4999
5005 635 4370 0 5005
5223 673 4550 0 5223
5117 619 4498 0 5117
5068 649 4419 0 5068
5182 637 4545 0 5182
4951 608 4343 0 4951
5440 649 4791 0 5440
4822 631 4191 0 4822
4832 571 4261 0 4832
5632 692 4940 0 5632
5208 648 4560 0 5208
4971 605 4366 0 4971
5088 613 4475 0 5088
5201 640 4561 0 5201
5443 685 4758 0 5443
5529 692 4837 0 5529
5429 675 4754 0 5429
5711 697 5014 0 5711
5373 681 4692 0 5373
5349 669 4680 0 5349
4928 637 4291 0 4928
5287 663 4624 0 5287
5181 636 4545 0 5181
5262 639 4623 0 5262
5306 654 4652 0 5306
5388 688 4700 0 5388
5294 693 4601 0 5294
5186 650 4536 0 5186
5122 626 4496 0 5122
5086 599 4487 0 5086
4801 635 4166 0 4801
5058 620 4438 0 5058
4832 588 4244 0 4832
5121 643 4478 0 5121
4962 585 4377 0 4962
5040 628 4412 0 5040
4740 568 4172 0 4740
5121 642 4479 0 5121
5280 693 4587 0 5280
5001 613 4388 0 5001
5257 678 4579 0 5257
5110 659 4451 1 5109
5556 693 4863 0 5556
4997 617 4380 0 4997
5351 695 4656 0 5351
5120 632 4488 0 5120
5134 681 4453 0 5134
4884 622 4262 0 4884
5094 653 4441 0 5094
5143 658 4485 0 5143
4852 591 4261 0 4852
5321 710 4611 0 5321
5286 645 4641 0 5286
5158 636 4522 0 5158
5071 663 4408 0 5071
5297 634 4663 0 5297
5265 667 4598 0 5265
5102 702 4400 0 5102
4985 662 4323 0 4985
4985 629 4356 0 4985
5558 644 4914 0 5558
5298 651 4647 0 5298
5012 645 4367 0 5012
5381 659 4722 0 5381
5184 669 4515 0 5184
4944 611 4333 0 4944
5111 595 4516 0 5111
4921 582 4339 0 4921
4984 646 4338 0 4984
5250 638 4612 0 5250
5305 666 4639 0 5305
5387 672 4715 0 5387
5010 647 4363 0 5010
5169 627 4542 0 5169
5228 637 4591 0 5228
5155 666 4489 0 5155
5370 693 4677 0 5370
4793 587 4206 0 4793
4840 598 4242 0 4840
5042 635 4407 0 5042
5481 704 4777 1 5480
5222 675 4547 0 5222
4941 622 4319 0 4941
5135 629 4506 0 5135
5243 642 4601 0 5243
5172 620 4552 0 5172
5590 680 4910 0 5590
5435 693 4742 0 5435
5198 669 4529 0 5198
5437 697 4740 0 5437
5353 655 4698 0 5353
5204 647 4557 0 5204
5085 643 4442 0 5085
5270 670 4600 0 5270
5088 627 4461 0 5088
5271 647 4624 0 5271
5435 656 4779 0 5435
5214 654 4560 0 5214
5193 636 4557 0 5193
5584 668 4916 0 5584
5412 656 4756 0 5412
5051 586 4465 0 5051
5024 617 4407 0 5024
4994 590 4404 0 4994
5312 647 4665 0 5312
4983 585 4398 0 4983
5172 594 4578 0 5172
5208 633 4575 0 5208
4915 603 4312 0 4915
4942 599 4343 0 4942
5361 686 4675 0 5361
5236 643 4593 0 5236
4824 567 4257 0 4824
5306 690 4616 0 5306
5099 649 4450 0 5099
4946 628 4318 0 4946
5481 682 4799 0 5481
5326 629 4697 0 5326
5494 657 4837 0 5494
4944 634 4310 0 4944
4895 611 4284 0 4895
4763 599 4164 0 4763
5369 731 4638 0 5369
4704 569 4135 0 4704
5181 654 4527 0 5181
5076 663 4413 0 5076
5255 662 4593 0 5255
4985 620 4365 0 4985
4969 638 4331 0 4969
5031 656 4375 0 5031
4676 606 4070 0 4676
4819 594 4225 0 4819
5200 685 4515 0 5200
4849 575 4274 0 4849
5144 643 4501 0 5144
5353 682 4671 0 5353
5040 635 4405 0 5040
5152 650 4502 0 5152
5282 661 4621 0 5282
4757 618 4139 0 4757
4802 620 4182 0 4802
4693 600 4093 0 4693
5182 633 4549 0 5182
5268 617 4651 0 5268
5047 645 4402 0 5047
5378 661 4717 0 5378
5240 624 4616 0 5240
4979 665 4314 0 4979
5428 694 4734 0 5428
4886 621 4265 0 4886
4913 596 4317 0 4913
5074 619 4455 0 5074
5079 622 4457 0 5079
4865 609 4256 0 4865
5045 657 4388 0 5045
5078 627 4451 0 5078
5190 635 4555 0 5190
5255 660 4595 0 5255
5359 684 4675 0 5359
4935 604 4331 0 4935
5267 686 4581 0 5267
5197 655 4542 0 5197
5202 658 4544 0 5202
5012 629 4383 0 5012
4995 625 4370 0 4995
5168 675 4493 0 5168
5522 690 4832 0 5522
4969 605 4364 0 4969
5151 679 4472 0 5151
5241 650 4591 0 5241
4825 622 4203 0 4825
4994 610 4384 0 4994
4990 662 4328 0 4990
5274 655 4619 0 5274
4931 571 4360 0 4931
4935 649 4286 0 4935
4772 613 4159 0 4772
4925 603 4322 0 4925
4670 568 4102 0 4670
5153 658 4495 0 5153
5221 600 4621 0 5221
5362 665 4697 0 5362
5194 668 4526 0 5194
5000 652 4348 0 5000
5263 682 4581 0 5263
4906 556 4350 0 4906
5572 754 4818 0 5572
5172 661 4511 0 5172
4835 622 4213 0 4835
5028 674 4354 0 5028
5590 701 4889 0 5590
5029 604 4425 0 5029
4694 593 4101 0 4694
4853 589 4264 0 4853
4909 634 4275 0 4909
4947 591 4356 0 4947
5260 675 4585 0 5260
4927 637 4290 0 4927
5000 604 4396 0 5000
4949 644 4305 0 4949
5147 675 4472 0 5147
5616 734 4882 0 5616
5057 652 4405 0 5057
5120 663 4457 0 5120
5276 651 4625 0 5276
4559 555 4004 0 4559
5137 614 4523 0 5137
4981 599 4382 0 4981
4832 597 4235 0 4832
5376 649 4727 0 5376
4961 638 4323 0 4961
5271 654 4617 0 5271
4934 624 4310 0 4934
5012 605 4407 0 5012
4948 623 4325 0 4948
5126 638 4488 0 5126
5111 659 4452 0 5111
5241 617 4624 0 5241
4766 619 4147 0 4766
5120 631 4489 0 5120
5039 646 4393 0 5039
5588 684 4904 0 5588
5244 677 4567 0 5244
5887 751 5136 0 5887
5425 716 4709 0 5425
5522 717 4805 0 5522
5284 623 4661 0 5284
5171 668 4503 0 5171
5099 669 4430 0 5099
5346 667 4679 0 5346
5019 648 4371 0 5019
5809 723 5086 0 5809
4782 594 4188 0 4782
5014 600 4414 0 5014
5069 650 4419 0 5069
5157 661 4496 0 5157
5440 706 4734 0 5440
4781 588 4193 0 4781
4655 597 4058 0 4655
5328 692 4636 0 5328
4874 619 4255 0 4874
5152 704 4448 0 5152
5346 713 4633 0 5346
5338 647 4691 0 5338
5241 646 4595 0 5241
4948 635 4313 0 4948
5264 665 4599 0 5264
5453 682 4771 0 5453
5057 665 4392 0 5057
5092 617 4475 0 5092
5269 666 4603 0 5269
5270 700 4570 0 5270
5411 668 4743 0 5411
5086 631 4455 0 5086
5149 652 4497 0 5149
4745 607 4138 0 4745
5985 738 5247 0 5985
5413 746 4667 0 5413
5417 658 4759 0 5417
4972 611 4361 0 4972
4975 674 4301 0 4975
4884 606 4278 0 4884
5416 691 4725 0 5416
5027 632 4395 0 5027
5202 723 4479 0 5202
4754 592 4162 0 4754
5130 643 4487 0 5130
5334 661 4673 0 5334
4697 594 4103 0 4697
5157 661 4496 0 5157
5230 684 4546 0 5230
5090 612 4478 0 5090
5091 645 4446 0 5091
5103 617 4486 0 5103
5173 647 4526 0 5173
5657 699 4958 0 5657
4976 609 4367 0 4976
5262 698 4564 0 5262
5445 657 4788 0 5445
5031 637 4394 0 5031
5382 711 4671 0 5382
5180 679 4501 0 5180
5374 688 4686 0 5374
5233 654 4579 0 5233
5430 653 4777 0 5430
5370 633 4737 0 5370
5185 657 4528 0 5185
5078 625 4453 0 5078
5895 746 5149 0 5895
4942 633 4309 0 4942
5171 689 4482 0 5171
5055 689 4366 0 5055
5097 615 4482 0 5097
5019 636 4383 0 5019
4893 654 4239 0 4893
4784 587 4197 0 4784
5716 717 4999 0 5716
4941 625 4316 0 4941
5485 667 4818 0 5485
5122 655 4467 0 5122
5133 657 4476 0 5133
5302 662 4640 0 5302
5457 698 4759 0 5457
4868 615 4253 1 4867
4901 616 4285 0 4901
5321 669 4652 0 5321
5169 626 4543 0 5169
5400 681 4719 0 5400
5002 669 4333 0 5002
5010 641 4369 0 5010
5356 686 4670 0 5356
4868 613 4255 0 4868
5170 652 4518 0 5170
4704 545 4159 0 4704
5140 667 4473 0 5140
5384 688 4696 0 5384
5145 610 4535 0 5145
5130 653 4477 0 5130
5186 677 4509 0 5186
4748 614 4134 0 4748
4757 575 4182 0 4757
5392 635 4757 0 5392
4942 609 4333 0 4942
5160 661 4499 0 5160
4809 619 4190 0 4809
4979 593 4386 0 4979
5078 613 4465 0 5078
5103 612 4491 0 5103
5224 618 4606 0 5224
5182 633 4549 0 5182
5247 621 4626 0 5247
5227 627 4600 0 5227
5107 655 4452 0 5107
5405 667 4738 0 5405
5695 756 4939 0 5695
4995 612 4383 0 4995
4998 603 4395 0 4998
4985 625 4360 0 4985
5194 686 4508 0 5194
4855 603 4252 0 4855
5506 635 4871 0 5506
5371 625 4746 0 5371
5525 698 4827 0 5525
5236 642 4594 0 5236
5263 651 4612 1 5262
5022 636 4386 0 5022
5265 650 4615 0 5265
5084 645 4439 0 5084
4918 641 4277 0 4918
5130 619 4511 0 5130
5457 695 4762 0 5457
5106 639 4467 0 5106
5622 660 4962 0 5622
5198 662 4536 0 5198
5293 674 4619 0 5293
5141 648 4493 0 5141
5091 661 4430 0 5091
5452 691 4761 0 5452
5201 694 4507 0 5201
5312 633 4679 0 5312
4928 597 4331 0 4928
5205 607 4598 0 5205
4619 599 4020 0 4619
5591 765 4826 0 5591
4831 607 4224 0 4831
4978 617 4361 0 4978
4905 636 4269 0 4905
5114 657 4457 0 5114
5002 605 4397 0 5002
5109 617 4492 0 5109
5169 606 4563 0 5169
5119 631 4488 0 5119
5135 651 4484 0 5135
5264 612 4652 0 5264
5225 645 4580 0 5225
5150 666 4484 0 5150
4946 621 4325 0 4946
5398 668 4730 0 5398
5212 611 4601 0 5212
5235 668 4567 0 5235
5363 636 4727 0 5363
5160 660 4500 0 5160
5280 670 4610 0 5280
5291 645 4646 0 5291
5080 635 4445 0 5080
4887 614 4273 0 4887
5294 680 4614 0 5294
5509 720 4789 0 5509
5564 720 4844 0 5564
4962 610 4352 0 4962
5241 650 4591 0 5241
5267 716 4551 0 5267
5098 642 4456 0 5098
5282 658 4624 0 5282
5464 664 4800 0 5464
5047 660 4387 0 5047
5420 720 4700 0 5420
4957 638 4319 0 4957
5152 609 4543 0 5152
5188 631 4557 0 5188
5237 672 4565 0 5237
5389 681 4708 0 5389
5908 744 5164 0 5908
5171 662 4509 0 5171
4881 637 4244 0 4881
5453 629 4824 0 5453
5112 641 4471 0 5112
5059 626 4433 0 5059
4751 615 4136 0 4751
5478 714 4764 0 5478
4925 613 4312 0 4925
5159 665 4494 0 5159
4662 585 4077 0 4662
5066 650 4416 1 5065
4995 618 4377 0 4995
5392 687 4705 0 5392
4965 607 4358 0 4965
5198 654 4544 0 5198
5320 622 4698 0 5320
5095 634 4461 0 5095
5316 648 4668 0 5316
5175 631 4544 0 5175
5286 666 4620 0 5286
5089 611 4478 0 5089
5065 652 4413 0 5065
5381 711 4670 0 5381
5081 626 4455 0 5081
5412 708 4704 0 5412
5320 646 4674 0 5320
5202 662 4540 0 5202
5178 676 4502 0 5178
5121 633 4488 0 5121
4930 591 4339 0 4930
5388 697 4691 0 5388
5680 699 4981 0 5680
5425 686 4739 0 5425
5088 625 4463 0 5088
4794 636 4158 0 4794
5484 651 4833 0 5484
5093 643 4450 0 5093
5221 665 4556 0 5221
5513 663 4850 0 5513
5049 629 4420 0 5049
4815 567 4248 0 4815
5821 756 5065 0 5821
5173 631 4542 0 5173
4917 626 4291 0 4917
5373 656 4717 0 5373
5526 727 4799 0 5526
5675 723 4952 0 5675
5248 627 4621 0 5248
5466 728 4738 1 5465
5168 642 4526 0 5168
5180 671 4509 0 5180
5023 595 4428 0 5023
5231 661 4570 0 5231
4976 632 4344 0 4976
5055 637 4418 0 5055
5168 724 4444 0 5168
5309 679 4630 0 5309
5220 701 4519 0 5220
4865 615 4250 0 4865
5231 671 4560 0 5231
5111 662 4449 0 5111
5408 651 4757 0 5408
5044 605 4439 0 5044
5157 675 4482 0 5157
5717 730 4987 0 5717
5102 626 4476 0 5102
5220 641 4579 0 5220
5353 657 4696 0 5353
5120 685 4435 0 5120
5017 681 4336 0 5017
5313 665 4648 0 5313
5173 605 4568 0 5173
5291 670 4621 0 5291
5111 630 4481 0 5111
5314 684 4630 0 5314
5299 677 4622 0 5299
5589 698 4891 0 5589
5049 633 4416 0 5049
5099 691 4408 0 5099
5487 696 4791 0 5487
5073 649 4424 0 5073
5092 606 4486 0 5092
4889 568 4321 0 4889
5358 674 4684 0 5358
5161 667 4494 0 5161
4982 637 4345 0 4982
4950 607 4343 0 4950
5541 649 4892 0 5541
5330 658 4672 0 5330
5197 632 4565 0 5197
4808 603 4205 0 4808
5100 644 4456 0 5100
