5578 3846 1732 3580 1998
5442 3733 1709 3453 1989
5595 3773 1822 3521 2074
5448 3669 1779 3396 2052
5562 3838 1724 3529 2033
5466 3757 1709 3491 1975
5536 3768 1768 3515 2021
5408 3679 1729 3394 2014
5419 3718 1701 3439 1980
5330 3619 1711 3336 1994
5340 3561 1779 3291 2049
5430 3673 1757 3407 2023
5718 3868 1850 3590 2128
5811 3961 1850 3677 2134
5383 3673 1710 3401 1982
5519 3802 1717 3490 2029
5451 3687 1764 3402 2049
5300 3646 1654 3371 1929
5633 3837 1796 3528 2105
5333 3631 1702 3375 1958
5221 3575 1646 3293 1928
5519 3754 1765 3443 2076
5610 3786 1824 3512 2098
5044 3446 1598 3197 1847
5579 3763 1816 3484 2095
5613 3835 1778 3571 2042
5790 3999 1791 3725 2065
5136 3476 1660 3236 1900
5131 3459 1672 3208 1923
5626 3831 1795 3541 2085
5698 3871 1827 3574 2124
5684 3861 1823 3599 2085
5319 3543 1776 3273 2046
5425 3659 1766 3393 2032
5316 3645 1671 3395 1921
5799 4000 1799 3705 2094
5393 3690 1703 3422 1971
5256 3581 1675 3305 1951
4981 3435 1546 3198 1783
5139 3487 1652 3225 1914
5323 3583 1740 3315 2008
5399 3630 1769 3362 2037
5277 3599 1678 3329 1948
5590 3784 1806 3498 2092
5355 3646 1709 3388 1967
5853 3965 1888 3660 2193
5252 3552 1700 3295 1957
5545 3720 1825 3460 2085
5453 3737 1716 3470 1983
5520 3732 1788 3469 2051
5255 3568 1687 3326 1929
5195 3541 1654 3278 1917
5207 3540 1667 3290 1917
5686 3784 1902 3511 2175
5468 3686 1782 3405 2063
5366 3574 1792 3325 2041
5033 3384 1649 3141 1892
5456 3748 1708 3475 1981
5177 3530 1647 3270 1907
5285 3547 1738 3279 2006
5099 3441 1658 3188 1911
5120 3498 1622 3257 1863
5301 3645 1656 3387 1914
5269 3568 1701 3301 1968
5135 3536 1599 3247 1888
4837 3301 1536 3048 1789
5119 3473 1646 3194 1925
5166 3483 1683 3225 1941
4846 3270 1576 3033 1813
5491 3739 1752 3463 2028
5221 3555 1666 3291 1930
4685 3172 1513 2924 1761
4924 3412 1512 3183 1741
5166 3552 1614 3289 1877
5114 3458 1656 3206 1908
5493 3660 1833 3415 2078
4966 3336 1630 3091 1875
4872 3296 1576 3065 1807
5029 3424 1605 3198 1831
4847 3296 1551 3084 1763
4809 3281 1528 3059 1750
4931 3348 1583 3088 1843
4973 3375 1598 3116 1857
5008 3458 1550 3211 1797
5155 3510 1645 3259 1896
5478 3698 1780 3416 2062
5222 3497 1725 3241 1981
4961 3341 1620 3115 1846
5420 3642 1778 3398 2022
5381 3699 1682 3439 1942
5076 3472 1604 3237 1839
5177 3584 1593 3335 1842
5075 3425 1650 3189 1886
5253 3573 1680 3289 1964
5151 3556 1595 3310 1841
5015 3431 1584 3202 1813
5041 3421 1620 3196 1845
5185 3502 1683 3250 1935
4951 3352 1599 3111 1840
5324 3576 1748 3293 2031
4974 3386 1588 3129 1845
4925 3312 1613 3084 1841
4876 3379 1497 3122 1754
5090 3441 1649 3183 1907
5633 3838 1795 3544 2089
4856 3318 1538 3062 1794
5134 3494 1640 3243 1891
4780 3246 1534 3029 1751
5161 3508 1653 3277 1884
4994 3395 1599 3172 1822
5369 3655 1714 3375 1994
5113 3483 1630 3215 1898
5288 3561 1727 3281 2007
5018 3441 1577 3200 1818
5518 3712 1806 3436 2082
5431 3688 1743 3436 1995
5081 3450 1631 3177 1904
5376 3621 1755 3347 2029
4724 3228 1496 2964 1760
5071 3392 1679 3154 1917
4931 3344 1587 3105 1826
4915 3379 1536 3151 1764
4899 3392 1507 3157 1742
5107 3490 1617 3247 1860
4982 3331 1651 3125 1857
4767 3218 1549 2977 1790
5056 3480 1576 3228 1828
5229 3588 1641 3346 1883
5449 3707 1742 3434 2015
5343 3703 1640 3446 1897
5158 3463 1695 3213 1945
5612 3834 1778 3528 2084
5231 3533 1698 3285 1946
5079 3468 1611 3215 1864
5324 3559 1765 3309 2015
5066 3452 1614 3198 1868
4980 3337 1643 3102 1878
5241 3589 1652 3324 1917
5271 3623 1648 3353 1918
5209 3560 1649 3327 1882
5046 3452 1594 3210 1836
4935 3306 1629 3063 1872
5208 3558 1650 3299 1909
5020 3340 1680 3085 1935
4963 3334 1629 3070 1893
5449 3755 1694 3469 1980
5082 3392 1690 3185 1897
5101 3519 1582 3227 1874
5368 3676 1692 3415 1953
5398 3661 1737 3409 1989
5538 3799 1739 3515 2023
5630 3871 1759 3589 2041
5580 3821 1759 3535 2045
4948 3376 1572 3147 1801
5483 3756 1727 3492 1991
5393 3622 1771 3331 2062
5562 3804 1758 3523 2039
5819 4031 1788 3738 2081
5704 3867 1837 3571 2133
5538 3740 1798 3456 2082
5517 3705 1812 3432 2085
5667 3832 1835 3556 2111
5529 3710 1819 3456 2073
5479 3769 1710 3519 1960
5807 3946 1861 3648 2159
4794 3287 1507 3046 1748
5452 3672 1780 3388 2064
5353 3607 1746 3348 2005
5531 3770 1761 3500 2031
4828 3328 1500 3088 1740
5733 3900 1833 3645 2088
5652 3782 1870 3513 2139
5836 4007 1829 3714 2122
5237 3537 1700 3316 1921
5111 3465 1646 3231 1880
5785 3861 1924 3564 2221
5384 3586 1798 3326 2058
5484 3703 1781 3436 2048
5414 3698 1716 3439 1975
5722 3840 1882 3545 2177
5795 3902 1893 3600 2195
4666 3150 1516 2935 1731
5504 3759 1745 3475 2029
5533 3747 1786 3464 2069
5123 3534 1589 3297 1826
5336 3646 1690 3370 1966
5145 3521 1624 3287 1858
5517 3783 1734 3508 2009
5064 3474 1590 3203 1861
4959 3345 1614 3141 1818
5855 3986 1869 3705 2150
5335 3604 1731 3328 2007
5415 3704 1711 3428 1987
4940 3329 1611 3091 1849
5043 3465 1578 3220 1823
5103 3421 1682 3164 1939
5167 3519 1648 3261 1906
5366 3646 1720 3369 1997
5005 3414 1591 3136 1869
5349 3647 1702 3383 1966
5891 3941 1950 3669 2222
5123 3497 1626 3231 1892
5630 3796 1834 3523 2107
5565 3815 1750 3532 2033
5616 3823 1793 3542 2074
5154 3509 1645 3275 1879
5389 3638 1751 3377 2012
5562 3806 1756 3537 2025
4829 3263 1566 3010 1819
5005 3432 1573 3175 1830
5022 3402 1620 3160 1862
5496 3717 1779 3462 2034
5633 3861 1772 3584 2049
5403 3644 1759 3375 2028
5295 3671 1624 3414 1881
5367 3694 1673 3415 1952
5037 3414 1623 3160 1877
4992 3456 1536 3204 1788
5242 3598 1644 3349 1893
5511 3757 1754 3486 2025
5287 3573 1714 3321 1966
5017 3425 1592 3144 1873
5063 3387 1676 3100 1963
5499 3742 1757 3441 2058
5345 3637 1708 3376 1969
5186 3521 1665 3270 1916
5273 3575 1698 3329 1944
5382 3649 1733 3405 1977
5441 3647 1794 3360 2081
5180 3543 1637 3281 1899
5121 3460 1661 3235 1886
4714 3174 1540 2940 1774
5082 3432 1650 3154 1928
5167 3575 1592 3281 1886
5566 3789 1777 3493 2073
5169 3503 1666 3258 1911
5435 3677 1758 3407 2028
4910 3374 1536 3145 1765
5708 3807 1901 3538 2170
5857 4024 1833 3737 2120
5592 3839 1753 3557 2035
5012 3444 1568 3182 1830
4998 3437 1561 3170 1828
5397 3672 1725 3396 2001
5376 3644 1732 3386 1990
4932 3384 1548 3150 1782
5392 3654 1738 3378 2014
5370 3685 1685 3436 1934
5166 3526 1640 3253 1913
4873 3313 1560 3095 1778
5214 3442 1772 3212 2002
5211 3543 1668 3273 1938
5180 3522 1658 3268 1912
5061 3442 1619 3209 1852
5242 3554 1688 3316 1926
4780 3250 1530 2997 1783
5322 3620 1702 3363 1959
5184 3544 1640 3284 1900
5232 3558 1674 3304 1928
5290 3568 1722 3334 1956
5001 3403 1598 3165 1836
5311 3718 1593 3444 1867
5126 3532 1594 3266 1860
5340 3591 1749 3319 2021
5124 3507 1617 3257 1867
5070 3484 1586 3243 1827
5324 3621 1703 3372 1952
5280 3607 1673 3364 1916
5598 3802 1796 3528 2070
5150 3534 1616 3266 1884
5032 3381 1651 3144 1888
5175 3466 1709 3206 1969
5219 3581 1638 3320 1899
4939 3312 1627 3057 1882
5381 3640 1741 3387 1994
5351 3648 1703 3375 1976
5395 3665 1730 3392 2003
5159 3539 1620 3292 1867
5110 3441 1669 3168 1942
5503 3729 1774 3442 2061
5551 3746 1805 3467 2084
5373 3574 1799 3311 2062
5512 3692 1820 3460 2052
5475 3780 1695 3502 1973
5154 3542 1612 3306 1848
5276 3550 1726 3295 1981
5755 3874 1881 3569 2186
5379 3657 1722 3400 1979
5245 3526 1719 3283 1962
4786 3231 1555 3010 1776
5397 3666 1731 3418 1979
5654 3822 1832 3550 2104
5132 3461 1671 3223 1909
5155 3461 1694 3210 1945
5333 3636 1697 3357 1976
5336 3577 1759 3311 2025
5416 3648 1768 3385 2031
5006 3384 1622 3127 1879
5101 3480 1621 3237 1864
5316 3653 1663 3354 1962
5331 3525 1806 3260 2071
5131 3478 1653 3240 1891
5193 3552 1641 3254 1939
5305 3589 1716 3311 1994
5642 3868 1774 3584 2058
5025 3418 1607 3173 1852
4945 3410 1535 3154 1791
5200 3548 1652 3275 1925
5339 3613 1726 3359 1980
5320 3647 1673 3383 1937
5159 3444 1715 3176 1983
4827 3296 1531 3075 1752
5726 3914 1812 3648 2078
5345 3663 1682 3387 1958
4906 3337 1569 3086 1820
4535 3041 1494 2819 1716
5057 3416 1641 3158 1899
5250 3601 1649 3331 1919
5446 3603 1843 3338 2108
4837 3311 1526 3076 1761
5086 3432 1654 3173 1913
5425 3685 1740 3413 2012
5162 3412 1750 3171 1991
5206 3547 1659 3303 1903
5063 3453 1610 3205 1858
5103 3486 1617 3229 1874
5105 3453 1652 3197 1908
5248 3674 1574 3417 1831
4922 3306 1616 3053 1869
5321 3617 1704 3350 1971
4983 3391 1592 3149 1834
5302 3621 1681 3375 1927
5042 3459 1583 3212 1830
5306 3683 1623 3397 1909
5043 3410 1633 3187 1856
5561 3763 1798 3499 2062
5242 3604 1638 3325 1917
4957 3296 1661 3058 1899
5158 3503 1655 3233 1925
4815 3273 1542 3016 1799
5112 3421 1691 3154 1958
5259 3601 1658 3333 1926
5386 3724 1662 3443 1943
4930 3391 1539 3147 1783
5235 3576 1659 3313 1922
5474 3798 1676 3550 1924
5298 3632 1666 3373 1925
5563 3800 1763 3544 2019
5098 3505 1593 3258 1840
4838 3333 1505 3118 1720
5156 3524 1632 3273 1883
5350 3669 1681 3404 1946
5015 3412 1603 3155 1860
5428 3677 1751 3438 1990
4982 3440 1542 3193 1789
5297 3550 1747 3276 2021
5419 3624 1795 3344 2075
5076 3397 1679 3151 1925
5045 3414 1631 3188 1857
5403 3682 1721 3412 1991
4956 3403 1553 3152 1804
5140 3474 1666 3233 1907
5014 3375 1639 3141 1873
5433 3677 1756 3394 2039
5129 3522 1607 3270 1859
5319 3588 1731 3308 2011
5404 3687 1717 3428 1976
5280 3609 1671 3383 1897
5600 3827 1773 3543 2057
5272 3633 1639 3368 1904
5465 3716 1749 3433 2032
4659 3187 1472 2959 1700
5002 3381 1621 3153 1849
5337 3653 1684 3414 1923
4756 3194 1562 2942 1814
5279 3585 1694 3329 1950
5045 3426 1619 3164 1881
4917 3289 1628 3048 1869
4867 3316 1551 3082 1785
5144 3496 1648 3256 1888
4885 3273 1612 3037 1848
5329 3560 1769 3282 2047
5088 3403 1685 3163 1925
5029 3407 1622 3132 1897
4994 3424 1570 3161 1833
5226 3476 1750 3239 1987
5267 3614 1653 3356 1911
5246 3612 1634 3394 1852
5162 3508 1654 3258 1904
4995 3441 1554 3175 1820
5076 3414 1662 3162 1914
4926 3284 1642 3019 1907
5277 3601 1676 3307 1970
4950 3428 1522 3151 1799
4951 3388 1563 3133 1818
5203 3524 1679 3259 1944
5567 3800 1767 3511 2056
5266 3601 1665 3361 1905
5557 3734 1823 3456 2101
5518 3745 1773 3469 2049
5307 3652 1655 3385 1922
5165 3537 1628 3309 1856
5147 3500 1647 3286 1861
5298 3531 1767 3283 2015
5089 3413 1676 3166 1923
4762 3229 1533 2988 1774
5364 3642 1722 3358 2006
4887 3367 1520 3087 1800
5358 3640 1718 3392 1966
5231 3554 1677 3300 1931
5357 3629 1728 3353 2004
5041 3481 1560 3241 1800
5247 3572 1675 3329 1918
5483 3747 1736 3484 1999
4949 3367 1582 3096 1853
5128 3496 1632 3254 1874
5310 3649 1661 3369 1941
4860 3340 1520 3080 1780
5293 3609 1684 3349 1944
4988 3389 1599 3147 1841
5261 3549 1712 3291 1970
5319 3598 1721 3331 1988
5064 3475 1589 3222 1842
4901 3337 1564 3102 1799
4975 3311 1664 3115 1860
4852 3304 1548 3080 1772
5354 3666 1688 3394 1960
5503 3781 1722 3533 1970
5281 3579 1702 3306 1975
5095 3512 1583 3260 1835
5022 3406 1616 3137 1885
5000 3363 1637 3113 1887
4836 3332 1504 3093 1743
5018 3452 1566 3197 1821
4974 3397 1577 3186 1788
5428 3686 1742 3415 2013
5007 3359 1648 3113 1894
4820 3277 1543 3038 1782
5147 3537 1610 3254 1893
5302 3592 1710 3326 1976
5277 3533 1744 3296 1981
5545 3729 1816 3493 2052
4972 3392 1580 3139 1833
5350 3674 1676 3430 1920
4886 3282 1604 3056 1830
5343 3610 1733 3351 1992
4823 3281 1542 3021 1802
5266 3556 1710 3265 2001
5139 3545 1594 3267 1872
5183 3508 1675 3237 1946
4990 3346 1644 3090 1900
5199 3590 1609 3324 1875
5214 3583 1631 3346 1868
5165 3582 1583 3302 1863
5644 3868 1776 3582 2062
5101 3420 1681 3142 1959
5876 4005 1871 3725 2151
4958 3356 1602 3132 1826
5192 3525 1667 3267 1925
4439 3041 1398 2827 1612
5146 3475 1671 3209 1937
5172 3484 1688 3229 1943
5199 3588 1611 3311 1888
5243 3586 1657 3347 1896
5056 3515 1541 3255 1801
5292 3659 1633 3382 1910
4911 3337 1574 3089 1822
5554 3778 1776 3522 2032
5148 3495 1653 3220 1928
4955 3363 1592 3118 1837
5199 3554 1645 3293 1906
5268 3601 1667 3352 1916
5039 3403 1636 3164 1875
5342 3675 1667 3417 1925
4745 3225 1520 2996 1749
4663 3183 1480 2960 1703
5088 3462 1626 3206 1882
4774 3261 1513 3033 1741
5007 3428 1579 3176 1831
5146 3504 1642 3245 1901
5129 3476 1653 3219 1910
5303 3619 1684 3356 1947
5453 3781 1672 3510 1943
5086 3397 1689 3151 1935
5176 3441 1735 3199 1977
5347 3644 1703 3346 2001
5139 3529 1610 3293 1846
5065 3430 1635 3164 1901
4848 3337 1511 3090 1758
5270 3632 1638 3369 1901
5067 3402 1665 3144 1923
5041 3483 1558 3255 1786
4860 3308 1552 3065 1795
5484 3699 1785 3439 2045
5153 3461 1692 3196 1957
5391 3687 1704 3446 1945
5303 3646 1657 3361 1942
4621 3191 1430 2971 1650
5063 3405 1658 3169 1894
5206 3527 1679 3255 1951
5788 3921 1867 3626 2162
5180 3531 1649 3273 1907
4638 3144 1494 2914 1724
4928 3344 1584 3107 1821
4999 3374 1625 3126 1873
5005 3431 1574 3174 1831
5223 3597 1626 3334 1889
5117 3487 1630 3256 1861
5068 3440 1628 3181 1887
5182 3495 1687 3265 1917
4951 3367 1584 3129 1822
5440 3655 1785 3400 2040
4822 3258 1564 3015 1807
4832 3246 1586 3004 1828
5632 3788 1844 3512 2120
5208 3583 1625 3339 1869
4971 3375 1596 3136 1835
5088 3444 1644 3196 1892
5201 3546 1655 3293 1908
5443 3725 1718 3472 1971
5529 3799 1730 3524 2005
5429 3678 1751 3401 2028
5711 3883 1828 3594 2117
5373 3576 1797 3309 2064
5349 3604 1745 3337 2012
4928 3377 1551 3122 1806
5287 3604 1683 3320 1967
5181 3539 1642 3291 1890
5262 3560 1702 3282 1980
5306 3617 1689 3360 1946
5388 3664 1724 3423 1965
5294 3581 1713 3338 1956
5186 3458 1728 3210 1976
5122 3444 1678 3152 1970
5086 3505 1581 3269 1817
4801 3280 1521 3026 1775
5058 3409 1649 3169 1889
4832 3312 1520 3078 1754
5121 3455 1666 3196 1925
4962 3366 1596 3111 1851
5040 3425 1615 3199 1841
4740 3200 1540 2949 1791
5121 3477 1644 3238 1883
5280 3599 1681 3330 1950
5001 3370 1631 3120 1881
5257 3565 1692 3310 1947
5110 3433 1677 3160 1950
5556 3797 1759 3513 2043
4997 3421 1576 3179 1818
5351 3633 1718 3371 1980
5120 3504 1616 3229 1891
5134 3497 1637 3259 1875
4884 3292 1592 3038 1846
5094 3455 1639 3219 1875
5143 3451 1692 3192 1951
4852 3316 1536 3083 1769
5321 3609 1712 3370 1951
5286 3599 1687 3320 1966
5158 3559 1599 3317 1841
5071 3451 1620 3224 1847
5297 3576 1721 3342 1955
5265 3553 1712 3261 2004
5102 3435 1667 3170 1932
4985 3401 1584 3167 1818
4985 3384 1601 3159 1826
5558 3772 1786 3498 2060
5298 3616 1682 3358 1940
5012 3461 1551 3224 1788
5381 3661 1720 3421 1960
5184 3526 1658 3282 1902
4944 3398 1546 3158 1786
5111 3456 1655 3198 1913
4921 3344 1577 3086 1835
4984 3415 1569 3159 1825
5250 3602 1648 3342 1908
5305 3617 1688 3363 1942
5387 3696 1691 3423 1964
5010 3417 1593 3188 1822
5169 3528 1641 3265 1904
5228 3575 1653 3347 1881
5155 3542 1613 3272 1883
5370 3679 1691 3415 1955
4793 3236 1557 3024 1769
4840 3270 1570 3053 1787
5042 3458 1584 3195 1847
5481 3739 1742 3457 2024
5222 3549 1673 3306 1916
4941 3394 1547 3127 1814
5135 3476 1659 3229 1906
5243 3462 1781 3206 2037
5172 3542 1630 3255 1917
5590 3780 1810 3488 2102
5435 3701 1734 3440 1995
5198 3500 1698 3232 1966
5437 3638 1799 3374 2063
5353 3673 1680 3388 1965
5204 3479 1725 3244 1960
5085 3486 1599 3256 1829
5270 3616 1654 3378 1892
5088 3458 1630 3200 1888
5271 3616 1655 3342 1929
5435 3687 1748 3439 1996
5214 3504 1710 3253 1961
5193 3496 1697 3220 1973
5584 3826 1758 3541 2043
5412 3683 1729 3406 2006
5051 3389 1662 3148 1903
5024 3393 1631 3151 1873
4994 3428 1566 3171 1823
5312 3597 1715 3336 1976
4983 3486 1497 3235 1748
5172 3462 1710 3234 1938
5208 3543 1665 3282 1926
4915 3333 1582 3107 1808
4942 3380 1562 3157 1785
5361 3590 1771 3325 2036
5236 3569 1667 3312 1924
4824 3325 1499 3068 1756
5306 3598 1708 3350 1956
5099 3466 1633 3215 1884
4946 3375 1571 3123 1823
5481 3787 1694 3521 1960
5326 3591 1735 3355 1971
5494 3748 1746 3501 1993
4944 3355 1589 3115 1829
4895 3361 1534 3110 1785
4763 3232 1531 2999 1764
5369 3679 1690 3427 1942
4704 3229 1475 2979 1725
5181 3553 1628 3289 1892
5076 3476 1600 3229 1847
5255 3558 1697 3300 1955
4985 3371 1614 3146 1839
4969 3424 1545 3181 1788
5031 3445 1586 3206 1825
4676 3151 1525 2909 1767
4819 3279 1540 3049 1770
5200 3564 1636 3308 1892
4849 3323 1526 3104 1745
5144 3455 1689 3202 1942
5353 3545 1808 3271 2082
5040 3410 1630 3164 1876
5152 3466 1686 3196 1956
5282 3563 1719 3318 1964
4757 3190 1567 2968 1789
4802 3299 1503 3074 1728
4693 3170 1523 2945 1748
5182 3565 1617 3298 1884
5268 3538 1730 3306 1962
5047 3405 1642 3175 1872
5378 3660 1718 3386 1992
5240 3617 1623 3341 1899
4979 3365 1614 3117 1862
5428 3673 1755 3407 2021
4886 3354 1532 3108 1778
4913 3365 1548 3133 1780
5074 3442 1632 3177 1897
5079 3459 1620 3204 1875
4865 3357 1508 3107 1758
5045 3424 1621 3186 1859
5078 3452 1626 3208 1870
5190 3499 1691 3246 1944
5255 3596 1659 3337 1918
5359 3629 1730 3364 1995
4935 3313 1622 3068 1867
5267 3567 1700 3336 1931
5197 3586 1611 3299 1898
5202 3504 1698 3254 1948
5012 3385 1627 3141 1871
4995 3422 1573 3184 1811
5168 3521 1647 3258 1910
5522 3722 1800 3444 2078
4969 3404 1565 3185 1784
5151 3490 1661 3245 1906
5241 3527 1714 3267 1974
4825 3307 1518 3079 1746
4994 3396 1598 3139 1855
4990 3363 1627 3093 1897
5274 3552 1722 3284 1990
4931 3390 1541 3146 1785
4935 3369 1566 3116 1819
4772 3282 1490 3039 1733
4925 3354 1571 3117 1808
4670 3158 1512 2942 1728
5153 3496 1657 3243 1910
5221 3552 1669 3301 1920
5362 3601 1761 3352 2010
5194 3584 1610 3300 1894
5000 3393 1607 3167 1833
5263 3626 1637 3311 1952
4906 3343 1563 3103 1803
5572 3797 1775 3514 2058
5172 3594 1578 3344 1828
4835 3281 1554 3057 1778
5028 3432 1596 3184 1844
5590 3866 1724 3576 2014
5029 3362 1667 3114 1915
4694 3178 1516 2944 1750
4853 3406 1447 3181 1672
4909 3396 1513 3138 1771
4947 3362 1585 3089 1858
5260 3500 1760 3235 2025
4927 3340 1587 3078 1849
5000 3403 1597 3150 1850
4949 3364 1585 3144 1805
5147 3462 1685 3212 1935
5616 3808 1808 3539 2077
5057 3402 1655 3137 1920
5120 3512 1608 3282 1838
5276 3602 1674 3326 1950
4559 3062 1497 2827 1732
5137 3500 1637 3242 1895
4981 3386 1595 3153 1828
4832 3265 1567 3030 1802
5376 3663 1713 3401 1975
4961 3416 1545 3181 1780
5271 3602 1669 3336 1935
4934 3338 1596 3115 1819
5012 3396 1616 3119 1893
4948 3368 1580 3134 1814
5126 3532 1594 3288 1838
5111 3441 1670 3208 1903
5241 3586 1655 3314 1927
4766 3200 1566 2970 1796
5120 3481 1639 3238 1882
5039 3387 1652 3152 1887
5588 3736 1852 3475 2113
5244 3557 1687 3313 1931
5887 3993 1894 3709 2178
5425 3669 1756 3383 2042
5522 3686 1836 3440 2082
5284 3623 1661 3365 1919
5171 3506 1665 3262 1909
5099 3393 1706 3156 1943
5346 3692 1654 3444 1902
5019 3398 1621 3152 1867
5809 3930 1879 3625 2184
4782 3204 1578 2988 1794
5014 3343 1671 3091 1923
5069 3489 1580 3215 1854
5157 3485 1672 3222 1935
5440 3630 1810 3367 2073
4781 3259 1522 3021 1760
4655 3169 1486 2952 1703
5328 3572 1756 3315 2013
4874 3293 1581 3060 1814
5152 3497 1655 3249 1903
5346 3652 1694 3358 1988
5338 3640 1698 3365 1973
5241 3576 1665 3312 1929
4948 3339 1609 3076 1872
5264 3543 1721 3298 1966
5453 3728 1725 3489 1964
5057 3410 1647 3174 1883
5092 3465 1627 3190 1902
5269 3550 1719 3302 1967
5270 3570 1700 3333 1937
5411 3666 1745 3392 2019
5086 3474 1612 3206 1880
5149 3490 1659 3234 1915
4745 3261 1484 3026 1719
5985 4078 1907 3795 2190
5413 3698 1715 3429 1984
5417 3655 1762 3369 2048
4972 3390 1582 3154 1818
4975 3382 1593 3118 1857
4884 3311 1573 3051 1833
5416 3686 1730 3440 1976
5027 3426 1601 3201 1826
5202 3475 1727 3218 1984
4754 3246 1508 3013 1741
5130 3468 1662 3245 1885
5334 3652 1682 3399 1935
4697 3202 1495 2984 1713
5157 3549 1608 3289 1868
5230 3515 1715 3248 1982
5090 3463 1627 3205 1885
5091 3452 1639 3214 1877
5103 3476 1627 3246 1857
5173 3535 1638 3291 1882
5657 3820 1837 3533 2124
4976 3346 1630 3098 1878
5262 3587 1675 3319 1943
5445 3707 1738 3451 1994
5031 3357 1674 3123 1908
5382 3661 1721 3401 1981
5180 3586 1594 3301 1879
5374 3673 1701 3380 1994
5233 3585 1648 3312 1921
5430 3681 1749 3401 2029
5370 3592 1778 3363 2007
5185 3572 1613 3332 1853
5078 3445 1633 3187 1891
5895 4016 1879 3719 2176
4942 3354 1588 3132 1810
5171 3516 1655 3272 1899
5055 3455 1600 3230 1825
5097 3417 1680 3170 1927
5019 3434 1585 3188 1831
4893 3289 1604 3058 1835
4784 3206 1578 2977 1807
5716 3851 1865 3558 2158
4941 3331 1610 3051 1890
5485 3733 1752 3451 2034
5122 3483 1639 3239 1883
5133 3488 1645 3230 1903
5302 3570 1732 3320 1982
5457 3693 1764 3433 2024
4868 3358 1510 3128 1740
4901 3299 1602 3060 1841
5321 3619 1702 3371 1950
5169 3525 1644 3283 1886
5400 3745 1655 3459 1941
5002 3423 1579 3186 1816
5010 3405 1605 3145 1865
5356 3667 1689 3387 1969
4868 3315 1553 3048 1820
5170 3463 1707 3205 1965
4704 3161 1543 2921 1783
5140 3468 1672 3226 1914
5384 3783 1601 3510 1874
5145 3451 1694 3224 1921
5130 3493 1637 3233 1897
5186 3545 1641 3314 1872
4748 3185 1563 2944 1804
4757 3209 1548 2976 1781
5392 3664 1728 3415 1977
4942 3358 1584 3110 1832
5160 3521 1639 3254 1906
4809 3303 1506 3062 1747
4979 3425 1554 3221 1758
5078 3406 1672 3160 1918
5103 3493 1610 3247 1856
5224 3534 1690 3252 1972
5182 3562 1620 3303 1879
5247 3528 1719 3307 1940
5227 3457 1770 3216 2011
5107 3490 1617 3224 1883
5405 3625 1780 3344 2061
5695 3830 1865 3511 2184
4995 3387 1608 3164 1831
4998 3364 1634 3135 1863
4985 3386 1599 3123 1862
5194 3574 1620 3288 1906
4855 3302 1553 3038 1817
5506 3771 1735 3501 2005
5371 3682 1689 3405 1966
5525 3751 1774 3483 2042
5236 3601 1635 3327 1909
5263 3575 1688 3316 1947
5022 3383 1639 3134 1888
5265 3561 1704 3307 1958
5084 3473 1611 3240 1844
4918 3369 1549 3177 1741
5130 3474 1656 3245 1885
5457 3685 1772 3417 2040
5106 3486 1620 3236 1870
5622 3787 1835 3513 2109
5198 3640 1558 3368 1830
5293 3580 1713 3294 1999
5141 3495 1646 3203 1938
5091 3402 1689 3152 1939
5452 3762 1690 3522 1930
5201 3481 1720 3239 1962
5312 3615 1697 3355 1957
4928 3314 1614 3071 1857
5205 3547 1658 3285 1920
4619 3086 1533 2868 1751
5591 3803 1788 3535 2056
4831 3214 1617 2986 1845
4978 3399 1579 3155 1823
4905 3406 1499 3178 1727
5114 3499 1615 3242 1872
5002 3417 1585 3151 1851
5109 3457 1652 3217 1892
5169 3576 1593 3314 1855
5119 3497 1622 3248 1871
5135 3512 1623 3252 1883
5264 3582 1682 3318 1946
5225 3532 1693 3276 1949
5150 3492 1658 3218 1932
4946 3390 1556 3109 1837
5398 3732 1666 3474 1924
5212 3483 1729 3236 1976
5235 3597 1638 3360 1875
5363 3669 1694 3406 1957
5160 3566 1594 3299 1861
5280 3570 1710 3326 1954
5291 3595 1696 3326 1965
5080 3454 1626 3180 1900
4887 3308 1579 3081 1806
5294 3542 1752 3287 2007
5509 3758 1751 3464 2045
5564 3839 1725 3574 1990
4962 3346 1616 3095 1867
5241 3575 1666 3322 1919
5267 3584 1683 3311 1956
5098 3438 1660 3174 1924
5282 3565 1717 3317 1965
5464 3736 1728 3441 2023
5047 3411 1636 3151 1896
5420 3718 1702 3443 1977
4957 3392 1565 3145 1812
5152 3509 1643 3254 1898
5188 3558 1630 3301 1887
5237 3559 1678 3310 1927
5389 3656 1733 3392 1997
5908 3975 1933 3692 2216
5171 3514 1657 3274 1897
4881 3353 1528 3113 1768
5453 3725 1728 3479 1974
5112 3545 1567 3277 1835
5059 3499 1560 3236 1823
4751 3227 1524 2999 1752
5478 3738 1740 3499 1979
4925 3378 1547 3139 1786
5159 3538 1621 3287 1872
4662 3135 1527 2904 1758
5066 3432 1634 3178 1888
4995 3425 1570 3177 1818
5392 3717 1675 3442 1950
4965 3407 1558 3181 1784
5198 3550 1648 3276 1922
5320 3603 1717 3339 1981
5095 3526 1569 3271 1824
5316 3667 1649 3402 1914
5175 3511 1664 3243 1932
5286 3566 1720 3320 1966
5089 3460 1629 3188 1901
5065 3427 1638 3169 1896
5381 3646 1735 3378 2003
5081 3399 1682 3143 1938
5412 3680 1732 3387 2025
5320 3659 1661 3390 1930
5202 3533 1669 3297 1905
5178 3526 1652 3269 1909
5121 3462 1659 3214 1907
4930 3280 1650 3034 1896
5388 3648 1740 3422 1966
5680 3900 1780 3612 2068
5425 3700 1725 3416 2009
5088 3413 1675 3208 1880
4794 3222 1572 2987 1807
5484 3724 1760 3442 2042
5093 3443 1650 3201 1892
5221 3576 1645 3309 1912
5513 3780 1733 3507 2006
5049 3409 1640 3170 1879
4815 3273 1542 3035 1780
5821 3934 1887 3667 2154
5173 3508 1665 3283 1890
4917 3277 1640 3044 1873
5373 3687 1686 3421 1952
5526 3739 1787 3486 2040
5675 3867 1808 3587 2088
5248 3572 1676 3307 1941
5466 3772 1694 3482 1984
5168 3536 1632 3300 1868
5180 3494 1686 3239 1941
5023 3415 1608 3169 1854
5231 3528 1703 3235 1996
4976 3389 1587 3144 1832
5055 3392 1663 3141 1914
5168 3539 1629 3289 1879
5309 3602 1707 3358 1951
5220 3520 1700 3293 1927
4865 3334 1531 3104 1761
5231 3603 1628 3341 1890
5111 3522 1589 3260 1851
5408 3691 1717 3437 1971
5044 3400 1644 3144 1900
5157 3522 1635 3259 1898
5717 3894 1823 3627 2090
5102 3467 1635 3260 1842
5220 3597 1623 3351 1869
5353 3686 1667 3425 1928
5120 3474 1646 3232 1888
5017 3401 1616 3175 1842
5313 3527 1786 3276 2037
5173 3516 1657 3288 1885
5291 3567 1724 3302 1989
5111 3452 1659 3194 1917
5314 3671 1643 3406 1908
5299 3617 1682 3381 1918
5589 3773 1816 3505 2084
5049 3432 1617 3183 1866
5099 3450 1649 3219 1880
5487 3785 1702 3492 1995
5073 3386 1687 3121 1952
5092 3494 1598 3242 1850
4889 3332 1557 3096 1793
5358 3649 1709 3378 1980
5161 3490 1671 3201 1960
4982 3336 1646 3074 1908
4950 3404 1546 3153 1797
5541 3766 1775 3495 2046
5330 3607 1723 3316 2014
5197 3519 1678 3258 1939
4808 3286 1522 3045 1763
5100 3492 1608 3230 1870
