5578 5521 57 5521 57
5442 5381 61 5381 61
5595 5557 38 5557 38
5448 5406 42 5406 42
5562 5515 47 5515 47
5466 5422 44 5422 44
5536 5486 50 5486 50
5408 5349 59 5349 59
5419 5372 47 5372 47
5330 5279 51 5279 51
5340 5288 52 5288 52
5430 5370 60 5370 60
5718 5658 60 5658 60
5811 5761 50 5761 50
5383 5340 43 5340 43
5519 5472 47 5472 47
5451 5410 41 5410 41
5300 5253 47 5253 47
5633 5588 45 5588 45
5333 5287 46 5287 46
5221 5186 35 5186 35
5519 5456 63 5456 63
5610 5565 45 5565 45
5044 4999 45 4999 45
5579 5536 43 5536 43
5613 5563 50 5563 50
5790 5737 53 5737 53
5136 5086 50 5086 50
5131 5093 38 5092 39
5626 5579 47 5579 47
5698 5650 48 5650 48
5684 5632 52 5632 52
5319 5270 49 5270 49
5425 5375 50 5375 50
5316 5273 43 5273 43
5799 5749 50 5749 50
5393 5348 45 5348 45
5256 5208 48 5208 48
4981 4937 44 4937 44
5139 5097 42 5097 42
5323 5277 46 5277 46
5399 5342 57 5342 57
5277 5239 38 5238 39
5590 5548 42 5548 42
5355 5310 45 5310 45
5853 5808 45 5808 45
5252 5199 53 5197 55
5545 5507 38 5507 38
5453 5408 45 5408 45
5520 5476 44 5476 44
5255 5205 50 5205 50
5195 5150 45 5150 45
5207 5163 44 5163 44
5686 5646 40 5646 40
5468 5422 46 5422 46
5366 5325 41 5325 41
5033 4985 48 4985 48
5456 5411 45 5411 45
5177 5124 53 5124 53
5285 5238 47 5238 47
5099 5049 50 5049 50
5120 5064 56 5064 56
5301 5255 46 5254 47
5269 5218 51 5218 51
5135 5083 52 5083 52
4837 4797 40 4796 41
5119 5069 50 5069 50
5166 5120 46 5119 47
4846 4793 53 4793 53
5491 5443 48 5443 48
5221 5167 54 5167 54
4685 4648 37 4648 37
4924 4876 48 4876 48
5166 5114 52 5114 52
5114 5057 57 5057 57
5493 5440 53 5440 53
4966 4923 43 4923 43
4872 4833 39 4833 39
5029 4996 33 4996 33
4847 4809 38 4809 38
4809 4765 44 4765 44
4931 4890 41 4890 41
4973 4931 42 4931 42
5008 4959 49 4958 50
5155 5107 48 5107 48
5478 5421 57 5421 57
5222 5179 43 5179 43
4961 4913 48 4913 48
5420 5373 47 5373 47
5381 5333 48 5333 48
5076 5041 35 5041 35
5177 5139 38 5139 38
5075 5025 50 5025 50
5253 5214 39 5214 39
5151 5103 48 5103 48
5015 4968 47 4968 47
5041 5000 41 5000 41
5185 5138 47 5138 47
4951 4920 31 4920 31
5324 5270 54 5270 54
4974 4937 37 4937 37
4925 4870 55 4870 55
4876 4831 45 4831 45
5090 5039 51 5039 51
5633 5568 65 5568 65
4856 4819 37 4819 37
5134 5089 45 5089 45
4780 4739 41 4739 41
5161 5121 40 5121 40
4994 4939 55 4939 55
5369 5325 44 5325 44
5113 5072 41 5072 41
5288 5242 46 5242 46
5018 4971 47 4970 48
5518 5470 48 5470 48
5431 5381 50 5381 50
5081 5039 42 5039 42
5376 5327 49 5327 49
4724 4677 47 4677 47
5071 5021 50 5021 50
4931 4883 48 4883 48
4915 4876 39 4876 39
4899 4856 43 4856 43
5107 5073 34 5073 34
4982 4932 50 4932 50
4767 4731 36 4731 36
5056 5021 35 5021 35
5229 5180 49 5180 49
5449 5405 44 5405 44
5343 5295 48 5294 49
5158 5111 47 5111 47
5612 5557 55 5557 55
5231 5183 48 5182 49
5079 5026 53 5025 54
5324 5276 48 5274 50
5066 5029 37 5029 37
4980 4936 44 4936 44
5241 5199 42 5199 42
5271 5226 45 5226 45
5209 5161 48 5161 48
5046 4993 53 4993 53
4935 4885 50 4885 50
5208 5166 42 5166 42
5020 4972 48 4972 48
4963 4931 32 4931 32
5449 5403 46 5403 46
5082 5029 53 5028 54
5101 5048 53 5048 53
5368 5308 60 5307 61
5398 5335 63 5335 63
5538 5481 57 5481 57
5630 5578 52 5578 52
5580 5536 44 5536 44
4948 4913 35 4913 35
5483 5431 52 5431 52
5393 5350 43 5350 43
5562 5509 53 5509 53
5819 5779 40 5779 40
5704 5657 47 5657 47
5538 5479 59 5479 59
5517 5466 51 5466 51
5667 5618 49 5618 49
5529 5472 57 5472 57
5479 5416 63 5416 63
5807 5760 47 5760 47
4794 4744 50 4744 50
5452 5407 45 5407 45
5353 5303 50 5302 51
5531 5487 44 5487 44
4828 4791 37 4790 38
5733 5677 56 5677 56
5652 5604 48 5604 48
5836 5800 36 5800 36
5237 5185 52 5185 52
5111 5051 60 5051 60
5785 5741 44 5741 44
5384 5332 52 5332 52
5484 5431 53 5431 53
5414 5364 50 5364 50
5722 5668 54 5668 54
5795 5750 45 5750 45
4666 4616 50 4615 51
5504 5461 43 5461 43
5533 5482 51 5482 51
5123 5084 39 5084 39
5336 5288 48 5288 48
5145 5104 41 5104 41
5517 5476 41 5476 41
5064 5016 48 5016 48
4959 4905 54 4905 54
5855 5799 56 5799 56
5335 5286 49 5286 49
5415 5367 48 5367 48
4940 4899 41 4899 41
5043 5002 41 5002 41
5103 5051 52 5051 52
5167 5125 42 5125 42
5366 5326 40 5326 40
5005 4979 26 4979 26
5349 5303 46 5303 46
5891 5859 32 5858 33
5123 5074 49 5074 49
5630 5572 58 5572 58
5565 5521 44 5521 44
5616 5564 52 5564 52
5154 5109 45 5109 45
5389 5335 54 5334 55
5562 5502 60 5501 61
4829 4791 38 4790 39
5005 4957 48 4957 48
5022 4986 36 4986 36
5496 5442 54 5442 54
5633 5571 62 5571 62
5403 5359 44 5359 44
5295 5244 51 5244 51
5367 5304 63 5304 63
5037 4994 43 4994 43
4992 4944 48 4944 48
5242 5186 56 5186 56
5511 5453 58 5453 58
5287 5237 50 5237 50
5017 4968 49 4968 49
5063 5009 54 5009 54
5499 5439 60 5439 60
5345 5290 55 5290 55
5186 5145 41 5145 41
5273 5225 48 5225 48
5382 5342 40 5342 40
5441 5392 49 5392 49
5180 5138 42 5138 42
5121 5075 46 5074 47
4714 4670 44 4670 44
5082 5027 55 5027 55
5167 5124 43 5124 43
5566 5519 47 5519 47
5169 5125 44 5125 44
5435 5383 52 5383 52
4910 4871 39 4871 39
5708 5657 51 5657 51
5857 5793 64 5793 64
5592 5540 52 5540 52
5012 4970 42 4970 42
4998 4949 49 4949 49
5397 5342 55 5341 56
5376 5325 51 5325 51
4932 4889 43 4889 43
5392 5356 36 5356 36
5370 5327 43 5327 43
5166 5108 58 5107 59
4873 4826 47 4826 47
5214 5167 47 5167 47
5211 5156 55 5156 55
5180 5119 61 5119 61
5061 5009 52 5009 52
5242 5184 58 5184 58
4780 4718 62 4717 63
5322 5287 35 5286 36
5184 5127 57 5127 57
5232 5186 46 5185 47
5290 5240 50 5240 50
5001 4965 36 4965 36
5311 5265 46 5265 46
5126 5077 49 5077 49
5340 5284 56 5284 56
5124 5082 42 5082 42
5070 5028 42 5028 42
5324 5277 47 5277 47
5280 5241 39 5241 39
5598 5552 46 5552 46
5150 5105 45 5104 46
5032 4995 37 4995 37
5175 5126 49 5126 49
5219 5183 36 5183 36
4939 4897 42 4897 42
5381 5332 49 5332 49
5351 5306 45 5306 45
5395 5353 42 5353 42
5159 5108 51 5108 51
5110 5064 46 5064 46
5503 5462 41 5462 41
5551 5502 49 5502 49
5373 5325 48 5325 48
5512 5463 49 5463 49
5475 5420 55 5420 55
5154 5116 38 5115 39
5276 5230 46 5230 46
5755 5706 49 5706 49
5379 5340 39 5340 39
5245 5204 41 5204 41
4786 4754 32 4754 32
5397 5345 52 5345 52
5654 5611 43 5611 43
5132 5083 49 5083 49
5155 5100 55 5100 55
5333 5280 53 5280 53
5336 5301 35 5301 35
5416 5363 53 5363 53
5006 4969 37 4968 38
5101 5058 43 5058 43
5316 5265 51 5265 51
5331 5281 50 5281 50
5131 5091 40 5091 40
5193 5149 44 5149 44
5305 5257 48 5257 48
5642 5598 44 5598 44
5025 4977 48 4976 49
4945 4906 39 4906 39
5200 5158 42 5158 42
5339 5296 43 5295 44
5320 5273 47 5273 47
5159 5108 51 5108 51
4827 4789 38 4789 38
5726 5666 60 5666 60
5345 5303 42 5303 42
4906 4868 38 4868 38
4535 4486 49 4486 49
5057 5022 35 5022 35
5250 5196 54 5195 55
5446 5398 48 5398 48
4837 4797 40 4797 40
5086 5043 43 5043 43
5425 5370 55 5370 55
5162 5118 44 5118 44
5206 5154 52 5154 52
5063 5027 36 5027 36
5103 5070 33 5070 33
5105 5067 38 5067 38
5248 5202 46 5202 46
4922 4871 51 4871 51
5321 5280 41 5280 41
4983 4944 39 4944 39
5302 5261 41 5261 41
5042 4988 54 4988 54
5306 5262 44 5262 44
5043 5007 36 5006 37
5561 5509 52 5509 52
5242 5190 52 5190 52
4957 4913 44 4913 44
5158 5122 36 5122 36
4815 4773 42 4773 42
5112 5063 49 5063 49
5259 5221 38 5221 38
5386 5336 50 5336 50
4930 4886 44 4886 44
5235 5189 46 5188 47
5474 5423 51 5423 51
5298 5251 47 5251 47
5563 5503 60 5503 60
5098 5040 58 5040 58
4838 4792 46 4792 46
5156 5107 49 5107 49
5350 5296 54 5296 54
5015 4971 44 4971 44
5428 5388 40 5388 40
4982 4941 41 4941 41
5297 5241 56 5240 57
5419 5368 51 5368 51
5076 5033 43 5033 43
5045 5002 43 5002 43
5403 5357 46 5357 46
4956 4916 40 4916 40
5140 5104 36 5104 36
5014 4964 50 4964 50
5433 5387 46 5386 47
5129 5074 55 5074 55
5319 5265 54 5264 55
5404 5353 51 5353 51
5280 5231 49 5231 49
5600 5548 52 5547 53
5272 5215 57 5213 59
5465 5432 33 5432 33
4659 4624 35 4624 35
5002 4962 40 4962 40
5337 5283 54 5283 54
4756 4717 39 4717 39
5279 5234 45 5234 45
5045 4993 52 4993 52
4917 4870 47 4870 47
4867 4824 43 4824 43
5144 5102 42 5102 42
4885 4844 41 4843 42
5329 5286 43 5286 43
5088 5048 40 5048 40
5029 4987 42 4987 42
4994 4954 40 4954 40
5226 5168 58 5168 58
5267 5223 44 5223 44
5246 5201 45 5201 45
5162 5130 32 5129 33
4995 4958 37 4957 38
5076 5031 45 5031 45
4926 4885 41 4885 41
5277 5226 51 5226 51
4950 4912 38 4912 38
4951 4899 52 4899 52
5203 5150 53 5149 54
5567 5510 57 5510 57
5266 5223 43 5223 43
5557 5496 61 5496 61
5518 5477 41 5477 41
5307 5261 46 5259 48
5165 5117 48 5117 48
5147 5093 54 5093 54
5298 5247 51 5247 51
5089 5044 45 5044 45
4762 4726 36 4726 36
5364 5319 45 5319 45
4887 4837 50 4837 50
5358 5314 44 5314 44
5231 5189 42 5189 42
5357 5312 45 5311 46
5041 5002 39 5002 39
5247 5207 40 5207 40
5483 5426 57 5426 57
4949 4916 33 4916 33
5128 5088 40 5088 40
5310 5264 46 5264 46
4860 4808 52 4808 52
5293 5241 52 5241 52
4988 4947 41 4947 41
5261 5222 39 5222 39
5319 5267 52 5267 52
5064 5014 50 5014 50
4901 4858 43 4858 43
4975 4924 51 4924 51
4852 4818 34 4818 34
5354 5308 46 5308 46
5503 5457 46 5457 46
5281 5230 51 5230 51
5095 5053 42 5051 44
5022 4969 53 4968 54
5000 4956 44 4956 44
4836 4799 37 4799 37
5018 4970 48 4970 48
4974 4933 41 4933 41
5428 5374 54 5373 55
5007 4954 53 4954 53
4820 4787 33 4787 33
5147 5101 46 5101 46
5302 5262 40 5262 40
5277 5230 47 5230 47
5545 5490 55 5490 55
4972 4947 25 4946 26
5350 5302 48 5302 48
4886 4843 43 4843 43
5343 5302 41 5302 41
4823 4773 50 4773 50
5266 5207 59 5207 59
5139 5092 47 5092 47
5183 5133 50 5132 51
4990 4950 40 4950 40
5199 5154 45 5153 46
5214 5171 43 5171 43
5165 5113 52 5113 52
5644 5586 58 5586 58
5101 5064 37 5064 37
5876 5842 34 5842 34
4958 4921 37 4921 37
5192 5140 52 5140 52
4439 4401 38 4401 38
5146 5097 49 5097 49
5172 5133 39 5133 39
5199 5156 43 5156 43
5243 5206 37 5206 37
5056 5004 52 5003 53
5292 5243 49 5243 49
4911 4864 47 4863 48
5554 5502 52 5502 52
5148 5098 50 5098 50
4955 4915 40 4915 40
5199 5161 38 5161 38
5268 5217 51 5216 52
5039 5007 32 5007 32
5342 5306 36 5306 36
4745 4701 44 4701 44
4663 4622 41 4622 41
5088 5050 38 5050 38
4774 4737 37 4737 37
5007 4958 49 4958 49
5146 5103 43 5103 43
5129 5079 50 5079 50
5303 5262 41 5262 41
5453 5411 42 5411 42
5086 5035 51 5035 51
5176 5135 41 5134 42
5347 5302 45 5302 45
5139 5078 61 5078 61
5065 5021 44 5021 44
4848 4801 47 4801 47
5270 5225 45 5225 45
5067 5018 49 5018 49
5041 4996 45 4996 45
4860 4807 53 4807 53
5484 5423 61 5423 61
5153 5107 46 5107 46
5391 5335 56 5335 56
5303 5262 41 5262 41
4621 4582 39 4582 39
5063 5021 42 5021 42
5206 5153 53 5153 53
5788 5740 48 5739 49
5180 5142 38 5142 38
4638 4592 46 4592 46
4928 4885 43 4884 44
4999 4963 36 4963 36
5005 4945 60 4945 60
5223 5176 47 5176 47
5117 5072 45 5072 45
5068 5018 50 5017 51
5182 5141 41 5141 41
4951 4915 36 4915 36
5440 5397 43 5397 43
4822 4783 39 4783 39
4832 4793 39 4793 39
5632 5592 40 5592 40
5208 5156 52 5156 52
4971 4924 47 4924 47
5088 5036 52 5036 52
5201 5154 47 5154 47
5443 5391 52 5391 52
5529 5489 40 5489 40
5429 5379 50 5379 50
5711 5670 41 5670 41
5373 5331 42 5331 42
5349 5301 48 5301 48
4928 4891 37 4890 38
5287 5241 46 5241 46
5181 5129 52 5129 52
5262 5222 40 5222 40
5306 5262 44 5262 44
5388 5345 43 5345 43
5294 5251 43 5251 43
5186 5140 46 5140 46
5122 5078 44 5078 44
5086 5045 41 5045 41
4801 4757 44 4755 46
5058 5019 39 5019 39
4832 4796 36 4796 36
5121 5085 36 5085 36
4962 4905 57 4905 57
5040 4994 46 4994 46
4740 4691 49 4691 49
5121 5072 49 5072 49
5280 5229 51 5229 51
5001 4965 36 4964 37
5257 5196 61 5196 61
5110 5068 42 5068 42
5556 5510 46 5510 46
4997 4951 46 4951 46
5351 5311 40 5310 41
5120 5080 40 5080 40
5134 5083 51 5083 51
4884 4842 42 4842 42
5094 5040 54 5040 54
5143 5085 58 5085 58
4852 4816 36 4816 36
5321 5266 55 5266 55
5286 5224 62 5224 62
5158 5120 38 5120 38
5071 5016 55 5016 55
5297 5249 48 5248 49
5265 5215 50 5215 50
5102 5052 50 5052 50
4985 4946 39 4946 39
4985 4952 33 4952 33
5558 5508 50 5507 51
5298 5251 47 5251 47
5012 4957 55 4957 55
5381 5317 64 5317 64
5184 5132 52 5132 52
4944 4894 50 4894 50
5111 5068 43 5067 44
4921 4878 43 4878 43
4984 4941 43 4941 43
5250 5201 49 5201 49
5305 5262 43 5262 43
5387 5344 43 5344 43
5010 4964 46 4963 47
5169 5132 37 5131 38
5228 5186 42 5186 42
5155 5107 48 5107 48
5370 5328 42 5328 42
4793 4742 51 4742 51
4840 4787 53 4787 53
5042 5004 38 5004 38
5481 5430 51 5430 51
5222 5189 33 5189 33
4941 4901 40 4901 40
5135 5081 54 5081 54
5243 5188 55 5188 55
5172 5134 38 5134 38
5590 5542 48 5542 48
5435 5397 38 5397 38
5198 5154 44 5154 44
5437 5390 47 5390 47
5353 5319 34 5319 34
5204 5147 57 5147 57
5085 5043 42 5043 42
5270 5227 43 5227 43
5088 5039 49 5039 49
5271 5224 47 5224 47
5435 5389 46 5389 46
5214 5170 44 5170 44
5193 5147 46 5147 46
5584 5535 49 5535 49
5412 5366 46 5366 46
5051 5002 49 5002 49
5024 4982 42 4982 42
4994 4952 42 4952 42
5312 5262 50 5262 50
4983 4932 51 4932 51
5172 5128 44 5128 44
5208 5160 48 5160 48
4915 4870 45 4870 45
4942 4901 41 4901 41
5361 5315 46 5315 46
5236 5196 40 5195 41
4824 4775 49 4775 49
5306 5251 55 5251 55
5099 5058 41 5058 41
4946 4899 47 4899 47
5481 5430 51 5430 51
5326 5281 45 5281 45
5494 5435 59 5435 59
4944 4901 43 4901 43
4895 4849 46 4849 46
4763 4718 45 4718 45
5369 5313 56 5313 56
4704 4661 43 4661 43
5181 5128 53 5128 53
5076 5031 45 5031 45
5255 5205 50 5205 50
4985 4936 49 4935 50
4969 4933 36 4933 36
5031 4989 42 4989 42
4676 4629 47 4629 47
4819 4757 62 4757 62
5200 5143 57 5143 57
4849 4798 51 4798 51
5144 5096 48 5095 49
5353 5301 52 5301 52
5040 4995 45 4995 45
5152 5102 50 5101 51
5282 5225 57 5225 57
4757 4721 36 4721 36
4802 4755 47 4755 47
4693 4661 32 4661 32
5182 5138 44 5138 44
5268 5219 49 5219 49
5047 4996 51 4995 52
5378 5335 43 5335 43
5240 5179 61 5179 61
4979 4932 47 4932 47
5428 5376 52 5376 52
4886 4840 46 4840 46
4913 4864 49 4864 49
5074 5026 48 5026 48
5079 5034 45 5034 45
4865 4821 44 4821 44
5045 5002 43 5002 43
5078 5032 46 5031 47
5190 5140 50 5140 50
5255 5213 42 5212 43
5359 5307 52 5307 52
4935 4896 39 4896 39
5267 5220 47 5220 47
5197 5137 60 5136 61
5202 5148 54 5148 54
5012 4964 48 4964 48
4995 4939 56 4939 56
5168 5117 51 5117 51
5522 5477 45 5477 45
4969 4925 44 4925 44
5151 5102 49 5102 49
5241 5193 48 5193 48
4825 4778 47 4778 47
4994 4951 43 4951 43
4990 4953 37 4953 37
5274 5221 53 5221 53
4931 4887 44 4887 44
4935 4878 57 4878 57
4772 4727 45 4727 45
4925 4879 46 4879 46
4670 4627 43 4627 43
5153 5114 39 5114 39
5221 5181 40 5181 40
5362 5313 49 5313 49
5194 5152 42 5152 42
5000 4962 38 4962 38
5263 5211 52 5211 52
4906 4857 49 4857 49
5572 5524 48 5524 48
5172 5127 45 5127 45
4835 4777 58 4777 58
5028 4971 57 4971 57
5590 5533 57 5533 57
5029 4977 52 4977 52
4694 4650 44 4650 44
4853 4816 37 4816 37
4909 4864 45 4863 46
4947 4903 44 4903 44
5260 5213 47 5213 47
4927 4872 55 4872 55
5000 4954 46 4954 46
4949 4911 38 4911 38
5147 5100 47 5100 47
5616 5569 47 5569 47
5057 5017 40 5016 41
5120 5079 41 5079 41
5276 5232 44 5232 44
4559 4522 37 4521 38
5137 5074 63 5074 63
4981 4926 55 4926 55
4832 4787 45 4787 45
5376 5324 52 5324 52
4961 4912 49 4912 49
5271 5232 39 5232 39
4934 4888 46 4888 46
5012 4960 52 4959 53
4948 4908 40 4907 41
5126 5085 41 5085 41
5111 5058 53 5058 53
5241 5200 41 5200 41
4766 4716 50 4716 50
5120 5076 44 5076 44
5039 4995 44 4995 44
5588 5548 40 5548 40
5244 5202 42 5202 42
5887 5839 48 5838 49
5425 5375 50 5375 50
5522 5474 48 5474 48
5284 5228 56 5228 56
5171 5121 50 5121 50
5099 5053 46 5053 46
5346 5297 49 5297 49
5019 4978 41 4978 41
5809 5753 56 5752 57
4782 4746 36 4745 37
5014 4966 48 4966 48
5069 5022 47 5022 47
5157 5114 43 5114 43
5440 5382 58 5382 58
4781 4723 58 4723 58
4655 4599 56 4599 56
5328 5275 53 5275 53
4874 4834 40 4834 40
5152 5107 45 5107 45
5346 5304 42 5304 42
5338 5289 49 5289 49
5241 5200 41 5200 41
4948 4902 46 4902 46
5264 5215 49 5215 49
5453 5397 56 5397 56
5057 5014 43 5014 43
5092 5054 38 5054 38
5269 5229 40 5229 40
5270 5222 48 5222 48
5411 5353 58 5353 58
5086 5031 55 5031 55
5149 5105 44 5104 45
4745 4706 39 4706 39
5985 5931 54 5931 54
5413 5373 40 5373 40
5417 5373 44 5372 45
4972 4936 36 4936 36
4975 4934 41 4933 42
4884 4842 42 4842 42
5416 5378 38 5378 38
5027 4990 37 4990 37
5202 5146 56 5146 56
4754 4711 43 4711 43
5130 5077 53 5077 53
5334 5280 54 5280 54
4697 4659 38 4659 38
5157 5105 52 5105 52
5230 5176 54 5176 54
5090 5045 45 5044 46
5091 5048 43 5046 45
5103 5050 53 5050 53
5173 5129 44 5129 44
5657 5604 53 5603 54
4976 4932 44 4932 44
5262 5215 47 5215 47
5445 5393 52 5393 52
5031 4996 35 4996 35
5382 5331 51 5331 51
5180 5134 46 5134 46
5374 5324 50 5324 50
5233 5186 47 5186 47
5430 5385 45 5385 45
5370 5327 43 5327 43
5185 5139 46 5139 46
5078 5016 62 5016 62
5895 5851 44 5851 44
4942 4893 49 4893 49
5171 5123 48 5123 48
5055 5002 53 5002 53
5097 5037 60 5037 60
5019 4989 30 4989 30
4893 4841 52 4841 52
4784 4740 44 4740 44
5716 5669 47 5669 47
4941 4902 39 4902 39
5485 5433 52 5432 53
5122 5081 41 5081 41
5133 5094 39 5094 39
5302 5259 43 5258 44
5457 5404 53 5404 53
4868 4824 44 4824 44
4901 4851 50 4851 50
5321 5275 46 5275 46
5169 5115 54 5115 54
5400 5349 51 5349 51
5002 4961 41 4961 41
5010 4960 50 4960 50
5356 5307 49 5306 50
4868 4841 27 4841 27
5170 5118 52 5118 52
4704 4656 48 4656 48
5140 5095 45 5095 45
5384 5337 47 5337 47
5145 5086 59 5086 59
5130 5081 49 5081 49
5186 5141 45 5141 45
4748 4711 37 4711 37
4757 4707 50 4707 50
5392 5362 30 5362 30
4942 4889 53 4889 53
5160 5117 43 5117 43
4809 4757 52 4757 52
4979 4936 43 4934 45
5078 5013 65 5012 66
5103 5050 53 5050 53
5224 5177 47 5176 48
5182 5128 54 5127 55
5247 5204 43 5204 43
5227 5176 51 5176 51
5107 5066 41 5066 41
5405 5354 51 5354 51
5695 5645 50 5645 50
4995 4941 54 4941 54
4998 4958 40 4957 41
4985 4954 31 4954 31
5194 5147 47 5147 47
4855 4814 41 4814 41
5506 5466 40 5466 40
5371 5316 55 5316 55
5525 5478 47 5478 47
5236 5196 40 5196 40
5263 5218 45 5217 46
5022 4984 38 4984 38
5265 5228 37 5227 38
5084 5038 46 5038 46
4918 4875 43 4875 43
5130 5085 45 5085 45
5457 5411 46 5411 46
5106 5062 44 5062 44
5622 5582 40 5582 40
5198 5152 46 5152 46
5293 5248 45 5247 46
5141 5087 54 5087 54
5091 5047 44 5047 44
5452 5404 48 5404 48
5201 5165 36 5165 36
5312 5265 47 5265 47
4928 4887 41 4887 41
5205 5163 42 5163 42
4619 4571 48 4571 48
5591 5528 63 5528 63
4831 4783 48 4783 48
4978 4935 43 4935 43
4905 4856 49 4856 49
5114 5060 54 5060 54
5002 4958 44 4958 44
5109 5072 37 5072 37
5169 5128 41 5128 41
5119 5079 40 5079 40
5135 5082 53 5082 53
5264 5210 54 5210 54
5225 5185 40 5185 40
5150 5108 42 5108 42
4946 4909 37 4909 37
5398 5338 60 5338 60
5212 5171 41 5170 42
5235 5184 51 5184 51
5363 5317 46 5317 46
5160 5119 41 5119 41
5280 5227 53 5227 53
5291 5255 36 5254 37
5080 5028 52 5028 52
4887 4857 30 4857 30
5294 5252 42 5252 42
5509 5461 48 5461 48
5564 5511 53 5511 53
4962 4912 50 4911 51
5241 5205 36 5205 36
5267 5221 46 5221 46
5098 5049 49 5049 49
5282 5226 56 5226 56
5464 5417 47 5417 47
5047 4995 52 4994 53
5420 5375 45 5375 45
4957 4922 35 4921 36
5152 5106 46 5106 46
5188 5151 37 5151 37
5237 5172 65 5172 65
5389 5341 48 5341 48
5908 5867 41 5867 41
5171 5120 51 5120 51
4881 4849 32 4849 32
5453 5403 50 5403 50
5112 5070 42 5070 42
5059 5009 50 5009 50
4751 4708 43 4707 44
5478 5435 43 5435 43
4925 4878 47 4878 47
5159 5113 46 5112 47
4662 4623 39 4623 39
5066 5012 54 5012 54
4995 4942 53 4941 54
5392 5336 56 5336 56
4965 4923 42 4923 42
5198 5140 58 5139 59
5320 5276 44 5276 44
5095 5051 44 5051 44
5316 5267 49 5267 49
5175 5121 54 5121 54
5286 5240 46 5240 46
5089 5044 45 5044 45
5065 5021 44 5021 44
5381 5325 56 5324 57
5081 5038 43 5038 43
5412 5372 40 5372 40
5320 5251 69 5251 69
5202 5154 48 5153 49
5178 5126 52 5126 52
5121 5073 48 5073 48
4930 4890 40 4890 40
5388 5348 40 5348 40
5680 5632 48 5632 48
5425 5370 55 5370 55
5088 5046 42 5046 42
4794 4743 51 4743 51
5484 5440 44 5440 44
5093 5058 35 5058 35
5221 5171 50 5171 50
5513 5452 61 5452 61
5049 4999 50 4999 50
4815 4772 43 4772 43
5821 5768 53 5768 53
5173 5121 52 5121 52
4917 4873 44 4873 44
5373 5339 34 5339 34
5526 5475 51 5475 51
5675 5633 42 5632 43
5248 5200 48 5200 48
5466 5423 43 5423 43
5168 5126 42 5126 42
5180 5136 44 5136 44
5023 4985 38 4985 38
5231 5188 43 5188 43
4976 4921 55 4921 55
5055 5006 49 5006 49
5168 5128 40 5128 40
5309 5259 50 5259 50
5220 5188 32 5187 33
4865 4805 60 4805 60
5231 5177 54 5177 54
5111 5052 59 5051 60
5408 5355 53 5355 53
5044 5000 44 5000 44
5157 5120 37 5120 37
5717 5670 47 5669 48
5102 5056 46 5056 46
5220 5172 48 5172 48
5353 5302 51 5301 52
5120 5087 33 5087 33
5017 4966 51 4966 51
5313 5263 50 5263 50
5173 5127 46 5127 46
5291 5234 57 5234 57
5111 5058 53 5058 53
5314 5265 49 5265 49
5299 5261 38 5260 39
5589 5520 69 5520 69
5049 5003 46 5003 46
5099 5065 34 5065 34
5487 5435 52 5435 52
5073 5027 46 5027 46
5092 5039 53 5039 53
4889 4852 37 4851 38
5358 5312 46 5312 46
5161 5119 42 5119 42
4982 4936 46 4936 46
4950 4915 35 4915 35
5541 5496 45 5496 45
5330 5278 52 5278 52
5197 5147 50 5147 50
4808 4766 42 4766 42
5100 5066 34 5066 34
