5578 5402 176 5398 180
5442 5265 177 5263 179
5595 5429 166 5429 166
5448 5281 167 5280 168
5562 5385 177 5382 180
5466 5305 161 5304 162
5536 5356 180 5356 180
5408 5237 171 5232 176
5419 5238 181 5237 182
5330 5160 170 5160 170
5340 5170 170 5165 175
5430 5280 150 5276 154
5718 5552 166 5549 169
5811 5639 172 5638 173
5383 5231 152 5231 152
5519 5337 182 5334 185
5451 5294 157 5294 157
5300 5141 159 5138 162
5633 5460 173 5458 175
5333 5168 165 5166 167
5221 5058 163 5056 165
5519 5349 170 5348 171
5610 5439 171 5439 171
5044 4897 147 4897 147
5579 5405 174 5405 174
5613 5413 200 5413 200
5790 5617 173 5616 174
5136 4981 155 4978 158
5131 4958 173 4957 174
5626 5456 170 5455 171
5698 5495 203 5493 205
5684 5519 165 5518 166
5319 5165 154 5162 157
5425 5258 167 5256 169
5316 5133 183 5131 185
5799 5619 180 5618 181
5393 5239 154 5236 157
5256 5090 166 5086 170
4981 4810 171 4810 171
5139 4986 153 4984 155
5323 5168 155 5168 155
5399 5231 168 5227 172
5277 5106 171 5103 174
5590 5424 166 5421 169
5355 5192 163 5188 167
5853 5671 182 5668 185
5252 5115 137 5114 138
5545 5375 170 5374 171
5453 5316 137 5311 142
5520 5350 170 5347 173
5255 5090 165 5088 167
5195 5018 177 5017 178
5207 5042 165 5041 166
5686 5522 164 5522 164
5468 5289 179 5287 181
5366 5189 177 5184 182
5033 4888 145 4887 146
5456 5300 156 5300 156
5177 5009 168 5007 170
5285 5131 154 5128 157
5099 4953 146 4951 148
5120 4980 140 4977 143
5301 5119 182 5117 184
5269 5109 160 5107 162
5135 4988 147 4986 149
4837 4707 130 4707 130
5119 4959 160 4954 165
5166 5013 153 5012 154
4846 4710 136 4709 137
5491 5305 186 5304 187
5221 5072 149 5071 150
4685 4529 156 4529 156
4924 4780 144 4779 145
5166 5029 137 5027 139
5114 4928 186 4927 187
5493 5345 148 5344 149
4966 4822 144 4820 146
4872 4720 152 4719 153
5029 4871 158 4868 161
4847 4692 155 4692 155
4809 4658 151 4656 153
4931 4804 127 4803 128
4973 4791 182 4790 183
5008 4859 149 4858 150
5155 4988 167 4988 167
5478 5309 169 5304 174
5222 5066 156 5064 158
4961 4811 150 4810 151
5420 5262 158 5262 158
5381 5236 145 5234 147
5076 4914 162 4911 165
5177 5014 163 5012 165
5075 4904 171 4904 171
5253 5101 152 5100 153
5151 4999 152 4997 154
5015 4869 146 4869 146
5041 4891 150 4889 152
5185 5020 165 5019 166
4951 4783 168 4781 170
5324 5143 181 5141 183
4974 4815 159 4814 160
4925 4745 180 4742 183
4876 4714 162 4711 165
5090 4948 142 4946 144
5633 5468 165 5465 168
4856 4715 141 4713 143
5134 4980 154 4978 156
4780 4610 170 4609 171
5161 5003 158 4998 163
4994 4835 159 4833 161
5369 5213 156 5212 157
5113 4968 145 4966 147
5288 5121 167 5118 170
5018 4868 150 4865 153
5518 5343 175 5339 179
5431 5242 189 5241 190
5081 4939 142 4937 144
5376 5225 151 5223 153
4724 4567 157 4567 157
5071 4923 148 4918 153
4931 4779 152 4778 153
4915 4760 155 4757 158
4899 4754 145 4753 146
5107 4951 156 4947 160
4982 4816 166 4814 168
4767 4615 152 4614 153
5056 4909 147 4909 147
5229 5090 139 5083 146
5449 5263 186 5262 187
5343 5177 166 5173 170
5158 4987 171 4987 171
5612 5452 160 5450 162
5231 5049 182 5048 183
5079 4915 164 4913 166
5324 5168 156 5167 157
5066 4888 178 4887 179
4980 4827 153 4823 157
5241 5075 166 5075 166
5271 5082 189 5079 192
5209 5037 172 5035 174
5046 4894 152 4893 153
4935 4781 154 4780 155
5208 5041 167 5040 168
5020 4863 157 4862 158
4963 4815 148 4814 149
5449 5286 163 5281 168
5082 4923 159 4922 160
5101 4951 150 4949 152
5368 5171 197 5169 199
5398 5246 152 5246 152
5538 5389 149 5388 150
5630 5459 171 5457 173
5580 5385 195 5384 196
4948 4803 145 4799 149
5483 5313 170 5309 174
5393 5231 162 5229 164
5562 5401 161 5399 163
5819 5643 176 5641 178
5704 5507 197 5504 200
5538 5377 161 5374 164
5517 5338 179 5338 179
5667 5490 177 5488 179
5529 5360 169 5358 171
5479 5320 159 5317 162
5807 5645 162 5641 166
4794 4646 148 4644 150
5452 5281 171 5281 171
5353 5178 175 5176 177
5531 5367 164 5367 164
4828 4679 149 4679 149
5733 5516 217 5514 219
5652 5497 155 5496 156
5836 5649 187 5647 189
5237 5064 173 5063 174
5111 4969 142 4969 142
5785 5619 166 5617 168
5384 5222 162 5220 164
5484 5313 171 5312 172
5414 5244 170 5244 170
5722 5555 167 5554 168
5795 5613 182 5613 182
4666 4534 132 4533 133
5504 5338 166 5336 168
5533 5375 158 5372 161
5123 4945 178 4943 180
5336 5166 170 5165 171
5145 4984 161 4982 163
5517 5339 178 5339 178
5064 4906 158 4906 158
4959 4821 138 4821 138
5855 5676 179 5676 179
5335 5162 173 5162 173
5415 5261 154 5259 156
4940 4796 144 4794 146
5043 4893 150 4891 152
5103 4946 157 4946 157
5167 4991 176 4987 180
5366 5210 156 5206 160
5005 4871 134 4870 135
5349 5177 172 5174 175
5891 5704 187 5703 188
5123 4966 157 4964 159
5630 5459 171 5456 174
5565 5386 179 5386 179
5616 5415 201 5415 201
5154 5007 147 5005 149
5389 5213 176 5212 177
5562 5383 179 5383 179
4829 4676 153 4674 155
5005 4868 137 4865 140
5022 4851 171 4850 172
5496 5330 166 5328 168
5633 5453 180 5452 181
5403 5218 185 5213 190
5295 5131 164 5127 168
5367 5206 161 5204 163
5037 4871 166 4869 168
4992 4813 179 4810 182
5242 5072 170 5069 173
5511 5313 198 5310 201
5287 5139 148 5136 151
5017 4869 148 4868 149
5063 4899 164 4898 165
5499 5329 170 5327 172
5345 5175 170 5173 172
5186 5020 166 5018 168
5273 5083 190 5082 191
5382 5214 168 5211 171
5441 5259 182 5259 182
5180 5016 164 5014 166
5121 4960 161 4959 162
4714 4561 153 4561 153
5082 4934 148 4934 148
5167 5017 150 5014 153
5566 5410 156 5407 159
5169 5001 168 4999 170
5435 5251 184 5248 187
4910 4777 133 4777 133
5708 5544 164 5541 167
5857 5692 165 5689 168
5592 5395 197 5392 200
5012 4851 161 4849 163
4998 4856 142 4856 142
5397 5228 169 5226 171
5376 5199 177 5197 179
4932 4780 152 4780 152
5392 5234 158 5233 159
5370 5215 155 5212 158
5166 5016 150 5014 152
4873 4729 144 4727 146
5214 5068 146 5067 147
5211 5041 170 5040 171
5180 5008 172 5008 172
5061 4911 150 4910 151
5242 5100 142 5098 144
4780 4634 146 4634 146
5322 5168 154 5165 157
5184 5021 163 5021 163
5232 5073 159 5070 162
5290 5118 172 5117 173
5001 4857 144 4856 145
5311 5148 163 5148 163
5126 4970 156 4969 157
5340 5167 173 5166 174
5124 4969 155 4965 159
5070 4893 177 4891 179
5324 5169 155 5167 157
5280 5150 130 5149 131
5598 5411 187 5407 191
5150 5004 146 5000 150
5032 4871 161 4869 163
5175 5025 150 5021 154
5219 5057 162 5057 162
4939 4788 151 4785 154
5381 5219 162 5219 162
5351 5177 174 5176 175
5395 5210 185 5208 187
5159 5029 130 5029 130
5110 4956 154 4954 156
5503 5346 157 5346 157
5551 5397 154 5396 155
5373 5236 137 5229 144
5512 5345 167 5341 171
5475 5326 149 5322 153
5154 4992 162 4989 165
5276 5105 171 5103 173
5755 5576 179 5575 180
5379 5224 155 5220 159
5245 5070 175 5069 176
4786 4643 143 4642 144
5397 5232 165 5231 166
5654 5469 185 5468 186
5132 5005 127 5003 129
5155 4999 156 4997 158
5333 5150 183 5150 183
5336 5171 165 5169 167
5416 5262 154 5259 157
5006 4846 160 4846 160
5101 4951 150 4951 150
5316 5149 167 5148 168
5331 5147 184 5144 187
5131 4964 167 4963 168
5193 5007 186 5005 188
5305 5146 159 5143 162
5642 5478 164 5477 165
5025 4843 182 4842 183
4945 4792 153 4791 154
5200 5051 149 5049 151
5339 5163 176 5160 179
5320 5170 150 5169 151
5159 4997 162 4997 162
4827 4679 148 4678 149
5726 5562 164 5561 165
5345 5210 135 5209 136
4906 4755 151 4753 153
4535 4411 124 4406 129
5057 4907 150 4905 152
5250 5093 157 5090 160
5446 5284 162 5283 163
4837 4676 161 4675 162
5086 4919 167 4916 170
5425 5239 186 5239 186
5162 4987 175 4986 176
5206 5054 152 5053 153
5063 4926 137 4923 140
5103 4946 157 4944 159
5105 4935 170 4933 172
5248 5073 175 5073 175
4922 4775 147 4775 147
5321 5162 159 5160 161
4983 4845 138 4844 139
5302 5148 154 5146 156
5042 4874 168 4873 169
5306 5152 154 5151 155
5043 4879 164 4878 165
5561 5398 163 5396 165
5242 5093 149 5093 149
4957 4819 138 4818 139
5158 4995 163 4993 165
4815 4672 143 4671 144
5112 4947 165 4945 167
5259 5110 149 5110 149
5386 5223 163 5219 167
4930 4759 171 4758 172
5235 5078 157 5075 160
5474 5302 172 5301 173
5298 5123 175 5122 176
5563 5423 140 5422 141
5098 4939 159 4938 160
4838 4692 146 4691 147
5156 4997 159 4997 159
5350 5210 140 5209 141
5015 4860 155 4859 156
5428 5278 150 5277 151
4982 4848 134 4847 135
5297 5145 152 5141 156
5419 5236 183 5236 183
5076 4932 144 4929 147
5045 4896 149 4895 150
5403 5239 164 5238 165
4956 4803 153 4803 153
5140 5006 134 5006 134
5014 4858 156 4857 157
5433 5252 181 5248 185
5129 4971 158 4970 159
5319 5147 172 5146 173
5404 5236 168 5234 170
5280 5134 146 5132 148
5600 5427 173 5426 174
5272 5098 174 5098 174
5465 5300 165 5299 166
4659 4524 135 4524 135
5002 4856 146 4854 148
5337 5178 159 5177 160
4756 4607 149 4605 151
5279 5119 160 5117 162
5045 4878 167 4874 171
4917 4759 158 4758 159
4867 4727 140 4722 145
5144 4987 157 4984 160
4885 4735 150 4734 151
5329 5175 154 5175 154
5088 4939 149 4938 150
5029 4880 149 4878 151
4994 4853 141 4850 144
5226 5079 147 5078 148
5267 5107 160 5106 161
5246 5080 166 5077 169
5162 4999 163 4995 167
4995 4835 160 4833 162
5076 4928 148 4926 150
4926 4766 160 4765 161
5277 5092 185 5088 189
4950 4806 144 4805 145
4951 4812 139 4811 140
5203 5033 170 5030 173
5567 5388 179 5385 182
5266 5099 167 5097 169
5557 5401 156 5400 157
5518 5345 173 5345 173
5307 5135 172 5132 175
5165 5012 153 5010 155
5147 4974 173 4970 177
5298 5148 150 5148 150
5089 4948 141 4946 143
4762 4617 145 4615 147
5364 5213 151 5209 155
4887 4726 161 4725 162
5358 5201 157 5199 159
5231 5079 152 5076 155
5357 5204 153 5199 158
5041 4879 162 4879 162
5247 5108 139 5108 139
5483 5314 169 5314 169
4949 4801 148 4801 148
5128 4959 169 4959 169
5310 5143 167 5140 170
4860 4730 130 4729 131
5293 5113 180 5112 181
4988 4847 141 4847 141
5261 5096 165 5096 165
5319 5170 149 5166 153
5064 4904 160 4903 161
4901 4749 152 4748 153
4975 4798 177 4798 177
4852 4725 127 4724 128
5354 5187 167 5186 168
5503 5336 167 5333 170
5281 5118 163 5116 165
5095 4954 141 4952 143
5022 4854 168 4850 172
5000 4844 156 4842 158
4836 4699 137 4698 138
5018 4875 143 4873 145
4974 4829 145 4827 147
5428 5270 158 5269 159
5007 4851 156 4849 158
4820 4676 144 4675 145
5147 4993 154 4989 158
5302 5148 154 5146 156
5277 5112 165 5111 166
5545 5357 188 5355 190
4972 4831 141 4830 142
5350 5198 152 5195 155
4886 4735 151 4733 153
5343 5185 158 5184 159
4823 4679 144 4674 149
5266 5120 146 5118 148
5139 4966 173 4965 174
5183 5028 155 5027 156
4990 4848 142 4848 142
5199 5042 157 5037 162
5214 5061 153 5061 153
5165 5000 165 4999 166
5644 5467 177 5464 180
5101 4944 157 4939 162
5876 5725 151 5722 154
4958 4796 162 4793 165
5192 5031 161 5029 163
4439 4321 118 4319 120
5146 4991 155 4988 158
5172 5007 165 5005 167
5199 5029 170 5025 174
5243 5088 155 5086 157
5056 4907 149 4904 152
5292 5121 171 5121 171
4911 4769 142 4767 144
5554 5393 161 5392 162
5148 4981 167 4980 168
4955 4808 147 4807 148
5199 5031 168 5027 172
5268 5104 164 5102 166
5039 4884 155 4884 155
5342 5193 149 5193 149
4745 4615 130 4614 131
4663 4507 156 4505 158
5088 4939 149 4939 149
4774 4624 150 4624 150
5007 4858 149 4856 151
5146 4989 157 4986 160
5129 4965 164 4964 165
5303 5143 160 5141 162
5453 5286 167 5281 172
5086 4939 147 4937 149
5176 5006 170 5004 172
5347 5161 186 5159 188
5139 4965 174 4962 177
5065 4897 168 4896 169
4848 4707 141 4704 144
5270 5119 151 5116 154
5067 4899 168 4895 172
5041 4894 147 4892 149
4860 4726 134 4724 136
5484 5331 153 5331 153
5153 5020 133 5020 133
5391 5220 171 5216 175
5303 5144 159 5142 161
4621 4488 133 4486 135
5063 4917 146 4916 147
5206 5044 162 5044 162
5788 5611 177 5611 177
5180 5016 164 5012 168
4638 4496 142 4496 142
4928 4782 146 4782 146
4999 4851 148 4850 149
5005 4832 173 4831 174
5223 5058 165 5056 167
5117 4950 167 4946 171
5068 4910 158 4908 160
5182 5026 156 5026 156
4951 4784 167 4781 170
5440 5281 159 5279 161
4822 4667 155 4666 156
4832 4673 159 4672 160
5632 5480 152 5479 153
5208 5050 158 5048 160
4971 4815 156 4813 158
5088 4937 151 4935 153
5201 5025 176 5022 179
5443 5271 172 5270 173
5529 5368 161 5364 165
5429 5296 133 5294 135
5711 5536 175 5534 177
5373 5226 147 5224 149
5349 5170 179 5166 183
4928 4782 146 4782 146
5287 5128 159 5125 162
5181 5027 154 5026 155
5262 5087 175 5086 176
5306 5137 169 5135 171
5388 5237 151 5234 154
5294 5136 158 5135 159
5186 5062 124 5060 126
5122 4976 146 4974 148
5086 4928 158 4927 159
4801 4644 157 4641 160
5058 4902 156 4901 157
4832 4690 142 4688 144
5121 4964 157 4963 158
4962 4793 169 4791 171
5040 4875 165 4873 167
4740 4602 138 4599 141
5121 4978 143 4977 144
5280 5092 188 5089 191
5001 4859 142 4858 143
5257 5099 158 5098 159
5110 4939 171 4936 174
5556 5394 162 5394 162
4997 4832 165 4831 166
5351 5181 170 5180 171
5120 4954 166 4952 168
5134 4955 179 4954 180
4884 4746 138 4746 138
5094 4920 174 4918 176
5143 4997 146 4993 150
4852 4697 155 4696 156
5321 5186 135 5185 136
5286 5118 168 5117 169
5158 5001 157 5001 157
5071 4917 154 4916 155
5297 5136 161 5136 161
5265 5097 168 5097 168
5102 4938 164 4937 165
4985 4851 134 4849 136
4985 4826 159 4824 161
5558 5384 174 5381 177
5298 5132 166 5132 166
5012 4855 157 4853 159
5381 5211 170 5208 173
5184 5014 170 5011 173
4944 4809 135 4808 136
5111 4956 155 4953 158
4921 4782 139 4781 140
4984 4830 154 4830 154
5250 5096 154 5095 155
5305 5121 184 5119 186
5387 5235 152 5235 152
5010 4833 177 4832 178
5169 5009 160 5008 161
5228 5065 163 5064 164
5155 5008 147 5007 148
5370 5175 195 5173 197
4793 4645 148 4643 150
4840 4687 153 4684 156
5042 4919 123 4919 123
5481 5309 172 5309 172
5222 5052 170 5047 175
4941 4796 145 4796 145
5135 4975 160 4974 161
5243 5083 160 5083 160
5172 5004 168 5004 168
5590 5412 178 5409 181
5435 5252 183 5252 183
5198 5028 170 5025 173
5437 5263 174 5263 174
5353 5192 161 5191 162
5204 5043 161 5038 166
5085 4927 158 4925 160
5270 5118 152 5117 153
5088 4934 154 4933 155
5271 5112 159 5112 159
5435 5239 196 5236 199
5214 5021 193 5016 198
5193 5039 154 5036 157
5584 5398 186 5395 189
5412 5256 156 5253 159
5051 4886 165 4883 168
5024 4876 148 4872 152
4994 4855 139 4853 141
5312 5133 179 5128 184
4983 4834 149 4834 149
5172 5024 148 5021 151
5208 5064 144 5063 145
4915 4749 166 4747 168
4942 4767 175 4765 177
5361 5201 160 5199 162
5236 5078 158 5076 160
4824 4672 152 4670 154
5306 5150 156 5149 157
5099 4952 147 4950 149
4946 4785 161 4783 163
5481 5310 171 5307 174
5326 5170 156 5169 157
5494 5337 157 5334 160
4944 4788 156 4786 158
4895 4750 145 4748 147
4763 4590 173 4586 177
5369 5216 153 5216 153
4704 4545 159 4543 161
5181 5047 134 5045 136
5076 4915 161 4913 163
5255 5087 168 5083 172
4985 4820 165 4818 167
4969 4806 163 4805 164
5031 4856 175 4856 175
4676 4541 135 4540 136
4819 4655 164 4655 164
5200 5050 150 5049 151
4849 4703 146 4703 146
5144 4988 156 4987 157
5353 5165 188 5163 190
5040 4897 143 4896 144
5152 5010 142 5007 145
5282 5109 173 5108 174
4757 4626 131 4621 136
4802 4663 139 4661 141
4693 4548 145 4547 146
5182 5027 155 5026 156
5268 5121 147 5119 149
5047 4897 150 4896 151
5378 5236 142 5232 146
5240 5078 162 5077 163
4979 4848 131 4846 133
5428 5253 175 5253 175
4886 4732 154 4729 157
4913 4762 151 4758 155
5074 4912 162 4911 163
5079 4948 131 4945 134
4865 4715 150 4714 151
5045 4893 152 4891 154
5078 4943 135 4942 136
5190 5043 147 5043 147
5255 5103 152 5101 154
5359 5197 162 5196 163
4935 4785 150 4783 152
5267 5088 179 5088 179
5197 5045 152 5044 153
5202 5054 148 5053 149
5012 4860 152 4859 153
4995 4835 160 4832 163
5168 5012 156 5009 159
5522 5344 178 5341 181
4969 4820 149 4816 153
5151 4986 165 4983 168
5241 5086 155 5083 158
4825 4668 157 4666 159
4994 4841 153 4838 156
4990 4858 132 4858 132
5274 5087 187 5084 190
4931 4798 133 4798 133
4935 4793 142 4791 144
4772 4618 154 4614 158
4925 4784 141 4781 144
4670 4531 139 4531 139
5153 4981 172 4978 175
5221 5045 176 5044 177
5362 5189 173 5188 174
5194 5034 160 5031 163
5000 4848 152 4845 155
5263 5105 158 5103 160
4906 4774 132 4773 133
5572 5399 173 5398 174
5172 5005 167 5003 169
4835 4679 156 4678 157
5028 4887 141 4885 143
5590 5447 143 5447 143
5029 4856 173 4851 178
4694 4532 162 4529 165
4853 4711 142 4708 145
4909 4753 156 4752 157
4947 4796 151 4796 151
5260 5112 148 5110 150
4927 4777 150 4775 152
5000 4850 150 4849 151
4949 4797 152 4795 154
5147 4996 151 4992 155
5616 5422 194 5421 195
5057 4897 160 4893 164
5120 4945 175 4944 176
5276 5109 167 5108 168
4559 4413 146 4411 148
5137 4983 154 4983 154
4981 4799 182 4797 184
4832 4658 174 4657 175
5376 5234 142 5230 146
4961 4797 164 4796 165
5271 5102 169 5101 170
4934 4793 141 4791 143
5012 4861 151 4861 151
4948 4787 161 4785 163
5126 4971 155 4968 158
5111 4950 161 4950 161
5241 5054 187 5051 190
4766 4612 154 4612 154
5120 4977 143 4977 143
5039 4884 155 4881 158
5588 5397 191 5394 194
5244 5090 154 5088 156
5887 5676 211 5676 211
5425 5249 176 5248 177
5522 5356 166 5356 166
5284 5112 172 5110 174
5171 5005 166 5004 167
5099 4936 163 4934 165
5346 5171 175 5166 180
5019 4870 149 4868 151
5809 5630 179 5630 179
4782 4616 166 4613 169
5014 4864 150 4863 151
5069 4934 135 4933 136
5157 4981 176 4980 177
5440 5274 166 5273 167
4781 4649 132 4648 133
4655 4510 145 4508 147
5328 5159 169 5157 171
4874 4719 155 4719 155
5152 5016 136 5013 139
5346 5187 159 5185 161
5338 5174 164 5173 165
5241 5091 150 5090 151
4948 4806 142 4806 142
5264 5091 173 5089 175
5453 5258 195 5257 196
5057 4908 149 4908 149
5092 4949 143 4948 144
5269 5131 138 5128 141
5270 5119 151 5119 151
5411 5231 180 5231 180
5086 4936 150 4935 151
5149 4998 151 4998 151
4745 4598 147 4597 148
5985 5790 195 5788 197
5413 5239 174 5238 175
5417 5242 175 5241 176
4972 4829 143 4827 145
4975 4813 162 4811 164
4884 4750 134 4747 137
5416 5261 155 5259 157
5027 4878 149 4876 151
5202 5031 171 5026 176
4754 4615 139 4615 139
5130 4969 161 4967 163
5334 5165 169 5165 169
4697 4548 149 4548 149
5157 5009 148 5008 149
5230 5074 156 5071 159
5090 4938 152 4936 154
5091 4927 164 4926 165
5103 4968 135 4967 136
5173 5036 137 5035 138
5657 5459 198 5456 201
4976 4817 159 4816 160
5262 5116 146 5115 147
5445 5273 172 5270 175
5031 4882 149 4880 151
5382 5216 166 5216 166
5180 5009 171 5007 173
5374 5220 154 5218 156
5233 5065 168 5061 172
5430 5273 157 5271 159
5370 5180 190 5177 193
5185 5016 169 5011 174
5078 4932 146 4926 152
5895 5734 161 5729 166
4942 4781 161 4781 161
5171 5020 151 5019 152
5055 4903 152 4899 156
5097 4942 155 4942 155
5019 4851 168 4849 170
4893 4755 138 4751 142
4784 4628 156 4627 157
5716 5548 168 5548 168
4941 4789 152 4789 152
5485 5310 175 5310 175
5122 4975 147 4971 151
5133 4984 149 4981 152
5302 5123 179 5119 183
5457 5300 157 5300 157
4868 4729 139 4727 141
4901 4754 147 4753 148
5321 5159 162 5156 165
5169 5011 158 5008 161
5400 5234 166 5231 169
5002 4851 151 4851 151
5010 4870 140 4865 145
5356 5197 159 5196 160
4868 4703 165 4703 165
5170 5005 165 5002 168
4704 4560 144 4559 145
5140 4962 178 4960 180
5384 5221 163 5219 165
5145 5017 128 5015 130
5130 4972 158 4971 159
5186 5041 145 5040 146
4748 4613 135 4612 136
4757 4604 153 4601 156
5392 5217 175 5213 179
4942 4794 148 4793 149
5160 4992 168 4990 170
4809 4675 134 4672 137
4979 4806 173 4805 174
5078 4920 158 4916 162
5103 4951 152 4948 155
5224 5082 142 5081 143
5182 5018 164 5018 164
5247 5083 164 5081 166
5227 5070 157 5068 159
5107 4964 143 4961 146
5405 5254 151 5252 153
5695 5508 187 5507 188
4995 4840 155 4837 158
4998 4838 160 4838 160
4985 4849 136 4847 138
5194 5029 165 5026 168
4855 4679 176 4678 177
5506 5315 191 5314 192
5371 5194 177 5192 179
5525 5375 150 5372 153
5236 5073 163 5070 166
5263 5083 180 5082 181
5022 4859 163 4858 164
5265 5096 169 5095 170
5084 4923 161 4923 161
4918 4778 140 4777 141
5130 4966 164 4960 170
5457 5281 176 5276 181
5106 4950 156 4949 157
5622 5438 184 5437 185
5198 5025 173 5020 178
5293 5125 168 5123 170
5141 4965 176 4964 177
5091 4931 160 4925 166
5452 5286 166 5286 166
5201 5030 171 5029 172
5312 5148 164 5148 164
4928 4773 155 4771 157
5205 5074 131 5073 132
4619 4472 147 4472 147
5591 5444 147 5441 150
4831 4669 162 4668 163
4978 4812 166 4811 167
4905 4755 150 4755 150
5114 4939 175 4937 177
5002 4835 167 4834 168
5109 4971 138 4970 139
5169 5003 166 5001 168
5119 4959 160 4958 161
5135 4987 148 4984 151
5264 5089 175 5089 175
5225 5056 169 5054 171
5150 4978 172 4978 172
4946 4786 160 4786 160
5398 5226 172 5223 175
5212 5051 161 5051 161
5235 5080 155 5078 157
5363 5225 138 5224 139
5160 5008 152 5006 154
5280 5137 143 5137 143
5291 5132 159 5130 161
5080 4923 157 4921 159
4887 4738 149 4737 150
5294 5145 149 5144 150
5509 5341 168 5339 170
5564 5400 164 5400 164
4962 4829 133 4828 134
5241 5074 167 5072 169
5267 5108 159 5107 160
5098 4933 165 4932 166
5282 5096 186 5095 187
5464 5308 156 5306 158
5047 4890 157 4887 160
5420 5250 170 5248 172
4957 4808 149 4803 154
5152 4975 177 4975 177
5188 5025 163 5025 163
5237 5073 164 5069 168
5389 5209 180 5208 181
5908 5711 197 5706 202
5171 5000 171 5000 171
4881 4726 155 4725 156
5453 5293 160 5292 161
5112 4964 148 4963 149
5059 4908 151 4905 154
4751 4616 135 4615 136
5478 5306 172 5304 174
4925 4771 154 4769 156
5159 4982 177 4977 182
4662 4520 142 4518 144
5066 4908 158 4903 163
4995 4845 150 4843 152
5392 5223 169 5223 169
4965 4807 158 4807 158
5198 5036 162 5034 164
5320 5154 166 5153 167
5095 4938 157 4938 157
5316 5149 167 5144 172
5175 5041 134 5039 136
5286 5096 190 5095 191
5089 4914 175 4914 175
5065 4914 151 4911 154
5381 5228 153 5226 155
5081 4926 155 4923 158
5412 5224 188 5224 188
5320 5161 159 5160 160
5202 5047 155 5046 156
5178 5035 143 5035 143
5121 4967 154 4965 156
4930 4788 142 4783 147
5388 5223 165 5222 166
5680 5500 180 5499 181
5425 5274 151 5271 154
5088 4933 155 4933 155
4794 4630 164 4628 166
5484 5298 186 5294 190
5093 4943 150 4941 152
5221 5078 143 5076 145
5513 5322 191 5322 191
5049 4893 156 4891 158
4815 4670 145 4668 147
5821 5654 167 5652 169
5173 5001 172 5000 173
4917 4760 157 4760 157
5373 5202 171 5201 172
5526 5352 174 5350 176
5675 5506 169 5502 173
5248 5090 158 5090 158
5466 5289 177 5289 177
5168 4990 178 4989 179
5180 5013 167 5010 170
5023 4871 152 4870 153
5231 5069 162 5066 165
4976 4819 157 4816 160
5055 4887 168 4885 170
5168 4990 178 4989 179
5309 5150 159 5147 162
5220 5067 153 5065 155
4865 4710 155 4709 156
5231 5061 170 5059 172
5111 4962 149 4962 149
5408 5249 159 5245 163
5044 4873 171 4872 172
5157 4993 164 4993 164
5717 5535 182 5532 185
5102 4917 185 4916 186
5220 5073 147 5067 153
5353 5195 158 5194 159
5120 4975 145 4974 146
5017 4833 184 4831 186
5313 5162 151 5161 152
5173 4994 179 4992 181
5291 5141 150 5140 151
5111 4959 152 4958 153
5314 5171 143 5166 148
5299 5145 154 5144 155
5589 5410 179 5409 180
5049 4894 155 4892 157
5099 4951 148 4951 148
5487 5304 183 5302 185
5073 4912 161 4909 164
5092 4952 140 4950 142
4889 4738 151 4738 151
5358 5196 162 5194 164
5161 5019 142 5016 145
4982 4857 125 4855 127
4950 4803 147 4802 148
5541 5337 204 5335 206
5330 5160 170 5160 170
5197 5048 149 5047 150
4808 4661 147 4660 148
5100 4944 156 4941 159
