5578 5307 271 5304 274
5442 5158 284 5153 289
5595 5348 247 5344 251
5448 5183 265 5178 270
5562 5270 292 5267 295
5466 5216 250 5215 251
5536 5278 258 5270 266
5408 5110 298 5106 302
5419 5171 248 5167 252
5330 5087 243 5083 247
5340 5097 243 5091 249
5430 5178 252 5174 256
5718 5454 264 5448 270
5811 5520 291 5517 294
5383 5104 279 5100 283
5519 5241 278 5237 282
5451 5202 249 5197 254
5300 5053 247 5051 249
5633 5361 272 5354 279
5333 5089 244 5087 246
5221 4953 268 4949 272
5519 5265 254 5259 260
5610 5358 252 5353 257
5044 4808 236 4802 242
5579 5328 251 5321 258
5613 5360 253 5356 257
5790 5527 263 5518 272
5136 4914 222 4910 226
5131 4883 248 4878 253
5626 5369 257 5365 261
5698 5430 268 5427 271
5684 5408 276 5404 280
5319 5080 239 5073 246
5425 5161 264 5159 266
5316 5025 291 5021 295
5799 5543 256 5539 260
5393 5127 266 5119 274
5256 4997 259 4995 261
4981 4734 247 4729 252
5139 4905 234 4900 239
5323 5065 258 5060 263
5399 5132 267 5127 272
5277 5033 244 5032 245
5590 5322 268 5318 272
5355 5078 277 5070 285
5853 5574 279 5565 288
5252 4991 261 4987 265
5545 5300 245 5295 250
5453 5170 283 5164 289
5520 5248 272 5247 273
5255 4997 258 4993 262
5195 4924 271 4923 272
5207 4955 252 4948 259
5686 5381 305 5377 309
5468 5211 257 5206 262
5366 5118 248 5113 253
5033 4813 220 4810 223
5456 5190 266 5182 274
5177 4946 231 4939 238
5285 5044 241 5036 249
5099 4854 245 4844 255
5120 4895 225 4890 230
5301 5049 252 5045 256
5269 5023 246 5018 251
5135 4873 262 4869 266
4837 4590 247 4586 251
5119 4879 240 4875 244
5166 4924 242 4920 246
4846 4623 223 4619 227
5491 5231 260 5227 264
5221 4943 278 4942 279
4685 4465 220 4460 225
4924 4725 199 4718 206
5166 4912 254 4909 257
5114 4863 251 4857 257
5493 5240 253 5234 259
4966 4724 242 4720 246
4872 4652 220 4647 225
5029 4764 265 4763 266
4847 4619 228 4616 231
4809 4571 238 4565 244
4931 4700 231 4697 234
4973 4736 237 4732 241
5008 4765 243 4762 246
5155 4911 244 4907 248
5478 5197 281 5192 286
5222 4962 260 4956 266
4961 4717 244 4713 248
5420 5162 258 5154 266
5381 5130 251 5124 257
5076 4819 257 4815 261
5177 4910 267 4907 270
5075 4830 245 4827 248
5253 5003 250 5001 252
5151 4910 241 4906 245
5015 4775 240 4771 244
5041 4834 207 4828 213
5185 4927 258 4926 259
4951 4710 241 4709 242
5324 5086 238 5082 242
4974 4742 232 4740 234
4925 4683 242 4675 250
4876 4610 266 4603 273
5090 4816 274 4813 277
5633 5344 289 5338 295
4856 4635 221 4633 223
5134 4897 237 4891 243
4780 4551 229 4546 234
5161 4932 229 4925 236
4994 4719 275 4713 281
5369 5096 273 5090 279
5113 4864 249 4862 251
5288 5001 287 4993 295
5018 4817 201 4812 206
5518 5230 288 5228 290
5431 5198 233 5195 236
5081 4849 232 4844 237
5376 5124 252 5121 255
4724 4501 223 4499 225
5071 4832 239 4827 244
4931 4690 241 4688 243
4915 4688 227 4684 231
4899 4672 227 4670 229
5107 4849 258 4844 263
4982 4735 247 4732 250
4767 4531 236 4525 242
5056 4813 243 4810 246
5229 4967 262 4962 267
5449 5191 258 5189 260
5343 5065 278 5064 279
5158 4896 262 4892 266
5612 5331 281 5325 287
5231 4962 269 4956 275
5079 4845 234 4843 236
5324 5065 259 5058 266
5066 4822 244 4818 248
4980 4746 234 4744 236
5241 4961 280 4958 283
5271 5036 235 5033 238
5209 4981 228 4977 232
5046 4792 254 4787 259
4935 4706 229 4700 235
5208 4957 251 4953 255
5020 4783 237 4780 240
4963 4757 206 4754 209
5449 5181 268 5175 274
5082 4838 244 4834 248
5101 4860 241 4858 243
5368 5137 231 5133 235
5398 5145 253 5141 257
5538 5291 247 5286 252
5630 5344 286 5339 291
5580 5310 270 5305 275
4948 4721 227 4713 235
5483 5241 242 5237 246
5393 5141 252 5134 259
5562 5307 255 5299 263
5819 5543 276 5536 283
5704 5433 271 5429 275
5538 5261 277 5258 280
5517 5225 292 5222 295
5667 5407 260 5405 262
5529 5274 255 5268 261
5479 5204 275 5198 281
5807 5534 273 5529 278
4794 4554 240 4550 244
5452 5189 263 5182 270
5353 5091 262 5086 267
5531 5274 257 5268 263
4828 4615 213 4611 217
5733 5464 269 5462 271
5652 5373 279 5368 284
5836 5515 321 5509 327
5237 4988 249 4983 254
5111 4852 259 4848 263
5785 5483 302 5474 311
5384 5106 278 5104 280
5484 5238 246 5234 250
5414 5161 253 5155 259
5722 5468 254 5463 259
5795 5509 286 5504 291
4666 4443 223 4437 229
5504 5224 280 5220 284
5533 5274 259 5269 264
5123 4879 244 4876 247
5336 5065 271 5059 277
5145 4888 257 4885 260
5517 5256 261 5250 267
5064 4824 240 4822 242
4959 4711 248 4706 253
5855 5601 254 5597 258
5335 5055 280 5052 283
5415 5161 254 5153 262
4940 4722 218 4716 224
5043 4820 223 4818 225
5103 4871 232 4863 240
5167 4947 220 4944 223
5366 5106 260 5101 265
5005 4766 239 4761 244
5349 5100 249 5093 256
5891 5601 290 5597 294
5123 4880 243 4874 249
5630 5374 256 5372 258
5565 5268 297 5264 301
5616 5345 271 5336 280
5154 4903 251 4901 253
5389 5123 266 5121 268
5562 5292 270 5285 277
4829 4610 219 4609 220
5005 4760 245 4750 255
5022 4765 257 4762 260
5496 5261 235 5258 238
5633 5399 234 5395 238
5403 5143 260 5141 262
5295 5041 254 5037 258
5367 5122 245 5118 249
5037 4777 260 4774 263
4992 4757 235 4753 239
5242 5005 237 5002 240
5511 5237 274 5234 277
5287 5023 264 5018 269
5017 4782 235 4777 240
5063 4815 248 4812 251
5499 5258 241 5256 243
5345 5112 233 5105 240
5186 4939 247 4930 256
5273 5027 246 5025 248
5382 5113 269 5111 271
5441 5172 269 5170 271
5180 4948 232 4946 234
5121 4912 209 4909 212
4714 4471 243 4464 250
5082 4845 237 4844 238
5167 4912 255 4905 262
5566 5284 282 5280 286
5169 4907 262 4902 267
5435 5179 256 5177 258
4910 4684 226 4681 229
5708 5427 281 5423 285
5857 5583 274 5576 281
5592 5299 293 5294 298
5012 4748 264 4743 269
4998 4762 236 4755 243
5397 5168 229 5164 233
5376 5126 250 5123 253
4932 4698 234 4695 237
5392 5131 261 5126 266
5370 5099 271 5097 273
5166 4914 252 4911 255
4873 4648 225 4639 234
5214 4959 255 4954 260
5211 4978 233 4974 237
5180 4936 244 4932 248
5061 4818 243 4810 251
5242 4986 256 4983 259
4780 4555 225 4551 229
5322 5080 242 5073 249
5184 4939 245 4937 247
5232 4989 243 4986 246
5290 5038 252 5038 252
5001 4777 224 4773 228
5311 5032 279 5027 284
5126 4880 246 4875 251
5340 5101 239 5098 242
5124 4889 235 4886 238
5070 4841 229 4838 232
5324 5072 252 5068 256
5280 5051 229 5043 237
5598 5318 280 5312 286
5150 4900 250 4896 254
5032 4800 232 4793 239
5175 4933 242 4930 245
5219 4978 241 4972 247
4939 4701 238 4693 246
5381 5133 248 5128 253
5351 5088 263 5081 270
5395 5123 272 5117 278
5159 4917 242 4914 245
5110 4886 224 4884 226
5503 5229 274 5224 279
5551 5275 276 5271 280
5373 5118 255 5110 263
5512 5239 273 5234 278
5475 5211 264 5208 267
5154 4920 234 4913 241
5276 5041 235 5035 241
5755 5484 271 5475 280
5379 5106 273 5103 276
5245 4983 262 4976 269
4786 4557 229 4554 232
5397 5143 254 5139 258
5654 5363 291 5360 294
5132 4877 255 4870 262
5155 4901 254 4896 259
5333 5065 268 5062 271
5336 5067 269 5064 272
5416 5144 272 5141 275
5006 4758 248 4754 252
5101 4891 210 4885 216
5316 5056 260 5055 261
5331 5068 263 5063 268
5131 4884 247 4882 249
5193 4934 259 4932 261
5305 5060 245 5052 253
5642 5360 282 5358 284
5025 4781 244 4777 248
4945 4693 252 4687 258
5200 4950 250 4947 253
5339 5071 268 5065 274
5320 5075 245 5073 247
5159 4909 250 4907 252
4827 4630 197 4625 202
5726 5463 263 5461 265
5345 5081 264 5078 267
4906 4624 282 4621 285
4535 4321 214 4317 218
5057 4815 242 4812 245
5250 4988 262 4981 269
5446 5171 275 5165 281
4837 4603 234 4600 237
5086 4830 256 4828 258
5425 5168 257 5167 258
5162 4894 268 4891 271
5206 4962 244 4956 250
5063 4825 238 4825 238
5103 4869 234 4866 237
5105 4859 246 4857 248
5248 5007 241 5006 242
4922 4679 243 4678 244
5321 5081 240 5080 241
4983 4737 246 4732 251
5302 5058 244 5054 248
5042 4838 204 4831 211
5306 5060 246 5054 252
5043 4831 212 4823 220
5561 5289 272 5285 276
5242 5030 212 5026 216
4957 4744 213 4737 220
5158 4894 264 4890 268
4815 4595 220 4589 226
5112 4871 241 4863 249
5259 5014 245 5011 248
5386 5096 290 5094 292
4930 4700 230 4697 233
5235 4999 236 4995 240
5474 5200 274 5195 279
5298 5024 274 5020 278
5563 5300 263 5295 268
5098 4833 265 4828 270
4838 4600 238 4596 242
5156 4917 239 4914 242
5350 5092 258 5085 265
5015 4785 230 4775 240
5428 5155 273 5149 279
4982 4739 243 4736 246
5297 5068 229 5061 236
5419 5172 247 5167 252
5076 4824 252 4822 254
5045 4822 223 4821 224
5403 5150 253 5146 257
4956 4701 255 4700 256
5140 4917 223 4914 226
5014 4771 243 4764 250
5433 5187 246 5186 247
5129 4886 243 4884 245
5319 5053 266 5050 269
5404 5163 241 5160 244
5280 5032 248 5028 252
5600 5324 276 5319 281
5272 5022 250 5016 256
5465 5204 261 5197 268
4659 4431 228 4428 231
5002 4772 230 4764 238
5337 5089 248 5084 253
4756 4529 227 4524 232
5279 5006 273 5003 276
5045 4810 235 4805 240
4917 4676 241 4669 248
4867 4652 215 4646 221
5144 4899 245 4892 252
4885 4678 207 4672 213
5329 5058 271 5052 277
5088 4856 232 4852 236
5029 4789 240 4787 242
4994 4778 216 4775 219
5226 4986 240 4985 241
5267 5019 248 5015 252
5246 5006 240 4999 247
5162 4935 227 4930 232
4995 4755 240 4749 246
5076 4846 230 4841 235
4926 4695 231 4692 234
5277 5036 241 5033 244
4950 4715 235 4713 237
4951 4712 239 4708 243
5203 4962 241 4956 247
5567 5316 251 5314 253
5266 5036 230 5030 236
5557 5276 281 5274 283
5518 5270 248 5266 252
5307 5026 281 5025 282
5165 4935 230 4930 235
5147 4903 244 4901 246
5298 5036 262 5032 266
5089 4850 239 4846 243
4762 4540 222 4538 224
5364 5108 256 5104 260
4887 4650 237 4646 241
5358 5105 253 5102 256
5231 4997 234 4991 240
5357 5154 203 5146 211
5041 4821 220 4817 224
5247 4977 270 4975 272
5483 5221 262 5216 267
4949 4715 234 4713 236
5128 4888 240 4881 247
5310 5058 252 5053 257
4860 4602 258 4598 262
5293 5026 267 5022 271
4988 4739 249 4729 259
5261 4992 269 4985 276
5319 5046 273 5043 276
5064 4838 226 4837 227
4901 4677 224 4674 227
4975 4724 251 4717 258
4852 4631 221 4631 221
5354 5082 272 5079 275
5503 5241 262 5235 268
5281 5029 252 5022 259
5095 4855 240 4853 242
5022 4801 221 4798 224
5000 4770 230 4766 234
4836 4608 228 4607 229
5018 4768 250 4764 254
4974 4711 263 4708 266
5428 5163 265 5160 268
5007 4767 240 4765 242
4820 4599 221 4595 225
5147 4904 243 4899 248
5302 5043 259 5040 262
5277 4991 286 4987 290
5545 5276 269 5268 277
4972 4737 235 4734 238
5350 5102 248 5100 250
4886 4658 228 4649 237
5343 5094 249 5092 251
4823 4583 240 4577 246
5266 5021 245 5017 249
5139 4903 236 4897 242
5183 4937 246 4931 252
4990 4716 274 4714 276
5199 4964 235 4961 238
5214 4957 257 4955 259
5165 4918 247 4914 251
5644 5404 240 5403 241
5101 4845 256 4841 260
5876 5605 271 5601 275
4958 4724 234 4718 240
5192 4933 259 4929 263
4439 4238 201 4233 206
5146 4889 257 4882 264
5172 4892 280 4889 283
5199 4960 239 4957 242
5243 4968 275 4965 278
5056 4835 221 4832 224
5292 5051 241 5047 245
4911 4673 238 4672 239
5554 5303 251 5298 256
5148 4923 225 4918 230
4955 4724 231 4717 238
5199 4962 237 4961 238
5268 5014 254 5009 259
5039 4808 231 4803 236
5342 5099 243 5095 247
4745 4543 202 4534 211
4663 4422 241 4421 242
5088 4839 249 4833 255
4774 4558 216 4551 223
5007 4791 216 4784 223
5146 4900 246 4889 257
5129 4897 232 4893 236
5303 5043 260 5041 262
5453 5187 266 5182 271
5086 4860 226 4858 228
5176 4961 215 4955 221
5347 5114 233 5112 235
5139 4917 222 4912 227
5065 4819 246 4817 248
4848 4622 226 4618 230
5270 5004 266 5001 269
5067 4824 243 4818 249
5041 4818 223 4814 227
4860 4646 214 4642 218
5484 5220 264 5211 273
5153 4920 233 4915 238
5391 5139 252 5136 255
5303 5036 267 5032 271
4621 4417 204 4411 210
5063 4818 245 4813 250
5206 4969 237 4963 243
5788 5496 292 5494 294
5180 4944 236 4938 242
4638 4437 201 4432 206
4928 4703 225 4699 229
4999 4772 227 4770 229
5005 4775 230 4771 234
5223 4944 279 4939 284
5117 4844 273 4843 274
5068 4831 237 4829 239
5182 4906 276 4904 278
4951 4724 227 4721 230
5440 5186 254 5181 259
4822 4585 237 4578 244
4832 4584 248 4580 252
5632 5379 253 5371 261
5208 4940 268 4933 275
4971 4731 240 4727 244
5088 4840 248 4836 252
5201 4955 246 4955 246
5443 5194 249 5189 254
5529 5257 272 5250 279
5429 5188 241 5185 244
5711 5422 289 5416 295
5373 5111 262 5109 264
5349 5093 256 5089 260
4928 4710 218 4707 221
5287 5029 258 5025 262
5181 4931 250 4925 256
5262 5027 235 5026 236
5306 5082 224 5080 226
5388 5135 253 5129 259
5294 5050 244 5049 245
5186 4948 238 4941 245
5122 4874 248 4869 253
5086 4836 250 4833 253
4801 4565 236 4560 241
5058 4825 233 4823 235
4832 4605 227 4597 235
5121 4872 249 4866 255
4962 4721 241 4717 245
5040 4796 244 4794 246
4740 4512 228 4511 229
5121 4875 246 4873 248
5280 4982 298 4978 302
5001 4778 223 4775 226
5257 4988 269 4985 272
5110 4861 249 4858 252
5556 5279 277 5275 281
4997 4766 231 4759 238
5351 5103 248 5099 252
5120 4881 239 4878 242
5134 4905 229 4902 232
4884 4660 224 4653 231
5094 4855 239 4853 241
5143 4914 229 4906 237
4852 4633 219 4627 225
5321 5045 276 5036 285
5286 5046 240 5043 243
5158 4889 269 4880 278
5071 4841 230 4834 237
5297 5016 281 5009 288
5265 5011 254 5008 257
5102 4870 232 4865 237
4985 4776 209 4772 213
4985 4715 270 4709 276
5558 5307 251 5302 256
5298 5018 280 5014 284
5012 4789 223 4786 226
5381 5124 257 5118 263
5184 4905 279 4902 282
4944 4724 220 4721 223
5111 4863 248 4860 251
4921 4680 241 4677 244
4984 4724 260 4720 264
5250 4992 258 4990 260
5305 5038 267 5034 271
5387 5133 254 5129 258
5010 4771 239 4763 247
5169 4909 260 4906 263
5228 5001 227 4997 231
5155 4905 250 4901 254
5370 5123 247 5120 250
4793 4541 252 4535 258
4840 4621 219 4620 220
5042 4832 210 4828 214
5481 5202 279 5197 284
5222 4947 275 4946 276
4941 4702 239 4699 242
5135 4918 217 4916 219
5243 4983 260 4977 266
5172 4923 249 4920 252
5590 5321 269 5314 276
5435 5180 255 5173 262
5198 4950 248 4942 256
5437 5151 286 5149 288
5353 5112 241 5106 247
5204 4956 248 4948 256
5085 4835 250 4832 253
5270 5031 239 5026 244
5088 4841 247 4835 253
5271 5006 265 5002 269
5435 5200 235 5197 238
5214 4939 275 4938 276
5193 4939 254 4934 259
5584 5323 261 5320 264
5412 5109 303 5107 305
5051 4808 243 4807 244
5024 4788 236 4783 241
4994 4740 254 4737 257
5312 5057 255 5055 257
4983 4759 224 4751 232
5172 4930 242 4925 247
5208 4943 265 4938 270
4915 4706 209 4701 214
4942 4730 212 4727 215
5361 5088 273 5088 273
5236 4997 239 4993 243
4824 4594 230 4592 232
5306 5055 251 5050 256
5099 4853 246 4852 247
4946 4694 252 4688 258
5481 5228 253 5223 258
5326 5052 274 5048 278
5494 5242 252 5238 256
4944 4704 240 4700 244
4895 4659 236 4658 237
4763 4517 246 4515 248
5369 5112 257 5112 257
4704 4486 218 4482 222
5181 4959 222 4950 231
5076 4814 262 4809 267
5255 4967 288 4960 295
4985 4727 258 4724 261
4969 4742 227 4737 232
5031 4782 249 4777 254
4676 4444 232 4441 235
4819 4582 237 4578 241
5200 4950 250 4945 255
4849 4621 228 4616 233
5144 4914 230 4910 234
5353 5113 240 5106 247
5040 4810 230 4810 230
5152 4930 222 4926 226
5282 5024 258 5022 260
4757 4530 227 4527 230
4802 4578 224 4570 232
4693 4480 213 4477 216
5182 4944 238 4938 244
5268 5043 225 5041 227
5047 4812 235 4807 240
5378 5122 256 5115 263
5240 4996 244 4992 248
4979 4755 224 4750 229
5428 5168 260 5164 264
4886 4648 238 4645 241
4913 4686 227 4684 229
5074 4818 256 4813 261
5079 4833 246 4828 251
4865 4635 230 4631 234
5045 4802 243 4800 245
5078 4845 233 4842 236
5190 4934 256 4928 262
5255 4994 261 4985 270
5359 5100 259 5096 263
4935 4693 242 4688 247
5267 5018 249 5013 254
5197 4969 228 4961 236
5202 4945 257 4943 259
5012 4778 234 4776 236
4995 4751 244 4749 246
5168 4909 259 4903 265
5522 5253 269 5247 275
4969 4732 237 4730 239
5151 4910 241 4909 242
5241 4982 259 4980 261
4825 4578 247 4575 250
4994 4748 246 4741 253
4990 4760 230 4754 236
5274 5011 263 5005 269
4931 4723 208 4719 212
4935 4707 228 4702 233
4772 4531 241 4529 243
4925 4668 257 4664 261
4670 4484 186 4480 190
5153 4912 241 4911 242
5221 4968 253 4964 257
5362 5118 244 5116 246
5194 4938 256 4933 261
5000 4762 238 4759 241
5263 5018 245 5017 246
4906 4674 232 4669 237
5572 5309 263 5307 265
5172 4928 244 4928 244
4835 4614 221 4612 223
5028 4806 222 4801 227
5590 5299 291 5294 296
5029 4806 223 4803 226
4694 4464 230 4460 234
4853 4677 176 4675 178
4909 4689 220 4681 228
4947 4692 255 4690 257
5260 5043 217 5038 222
4927 4681 246 4671 256
5000 4759 241 4752 248
4949 4742 207 4739 210
5147 4901 246 4900 247
5616 5351 265 5349 267
5057 4799 258 4796 261
5120 4892 228 4885 235
5276 4997 279 4988 288
4559 4367 192 4361 198
5137 4879 258 4872 265
4981 4726 255 4720 261
4832 4606 226 4602 230
5376 5156 220 5150 226
4961 4705 256 4703 258
5271 5021 250 5015 256
4934 4708 226 4701 233
5012 4752 260 4750 262
4948 4722 226 4718 230
5126 4888 238 4882 244
5111 4868 243 4864 247
5241 5000 241 4997 244
4766 4532 234 4530 236
5120 4858 262 4855 265
5039 4757 282 4753 286
5588 5336 252 5332 256
5244 4996 248 4995 249
5887 5625 262 5620 267
5425 5161 264 5160 265
5522 5290 232 5287 235
5284 5022 262 5017 267
5171 4922 249 4921 250
5099 4852 247 4847 252
5346 5049 297 5044 302
5019 4786 233 4782 237
5809 5542 267 5535 274
4782 4572 210 4569 213
5014 4758 256 4755 259
5069 4847 222 4843 226
5157 4944 213 4936 221
5440 5174 266 5167 273
4781 4552 229 4551 230
4655 4425 230 4422 233
5328 5071 257 5070 258
4874 4658 216 4655 219
5152 4912 240 4909 243
5346 5102 244 5098 248
5338 5095 243 5092 246
5241 5012 229 5011 230
4948 4716 232 4715 233
5264 5010 254 5006 258
5453 5190 263 5182 271
5057 4821 236 4819 238
5092 4850 242 4849 243
5269 5018 251 5014 255
5270 5033 237 5030 240
5411 5165 246 5158 253
5086 4832 254 4824 262
5149 4909 240 4908 241
4745 4516 229 4510 235
5985 5708 277 5704 281
5413 5149 264 5142 271
5417 5120 297 5113 304
4972 4729 243 4724 248
4975 4727 248 4725 250
4884 4675 209 4672 212
5416 5158 258 5153 263
5027 4802 225 4798 229
5202 4952 250 4947 255
4754 4525 229 4522 232
5130 4895 235 4891 239
5334 5079 255 5073 261
4697 4486 211 4483 214
5157 4917 240 4916 241
5230 4963 267 4960 270
5090 4835 255 4828 262
5091 4861 230 4858 233
5103 4836 267 4832 271
5173 4937 236 4930 243
5657 5390 267 5385 272
4976 4715 261 4711 265
5262 5005 257 5000 262
5445 5185 260 5181 264
5031 4807 224 4806 225
5382 5095 287 5090 292
5180 4923 257 4918 262
5374 5111 263 5106 268
5233 4968 265 4965 268
5430 5182 248 5177 253
5370 5124 246 5118 252
5185 4951 234 4949 236
5078 4817 261 4813 265
5895 5610 285 5608 287
4942 4702 240 4697 245
5171 4913 258 4909 262
5055 4820 235 4814 241
5097 4858 239 4854 243
5019 4779 240 4772 247
4893 4629 264 4624 269
4784 4567 217 4563 221
5716 5411 305 5408 308
4941 4683 258 4681 260
5485 5216 269 5213 272
5122 4870 252 4863 259
5133 4902 231 4898 235
5302 5046 256 5042 260
5457 5200 257 5200 257
4868 4652 216 4650 218
4901 4673 228 4672 229
5321 5060 261 5055 266
5169 4901 268 4898 271
5400 5159 241 5155 245
5002 4769 233 4765 237
5010 4736 274 4731 279
5356 5082 274 5074 282
4868 4654 214 4651 217
5170 4912 258 4904 266
4704 4490 214 4483 221
5140 4870 270 4861 279
5384 5139 245 5134 250
5145 4878 267 4872 273
5130 4873 257 4867 263
5186 4913 273 4910 276
4748 4536 212 4531 217
4757 4534 223 4527 230
5392 5163 229 5161 231
4942 4718 224 4715 227
5160 4931 229 4924 236
4809 4585 224 4581 228
4979 4742 237 4739 240
5078 4877 201 4874 204
5103 4849 254 4845 258
5224 4978 246 4974 250
5182 4929 253 4925 257
5247 4988 259 4981 266
5227 4969 258 4963 264
5107 4881 226 4878 229
5405 5161 244 5152 253
5695 5409 286 5408 287
4995 4754 241 4751 244
4998 4750 248 4750 248
4985 4756 229 4753 232
5194 4954 240 4950 244
4855 4627 228 4622 233
5506 5237 269 5229 277
5371 5098 273 5096 275
5525 5266 259 5263 262
5236 4995 241 4989 247
5263 5016 247 5012 251
5022 4773 249 4770 252
5265 5017 248 5015 250
5084 4833 251 4831 253
4918 4675 243 4671 247
5130 4873 257 4869 261
5457 5182 275 5179 278
5106 4856 250 4847 259
5622 5345 277 5339 283
5198 4937 261 4929 269
5293 5047 246 5043 250
5141 4912 229 4906 235
5091 4850 241 4846 245
5452 5205 247 5197 255
5201 4956 245 4953 248
5312 5038 274 5037 275
4928 4677 251 4672 256
5205 4947 258 4938 267
4619 4387 232 4384 235
5591 5326 265 5320 271
4831 4618 213 4613 218
4978 4752 226 4744 234
4905 4675 230 4674 231
5114 4880 234 4870 244
5002 4752 250 4750 252
5109 4850 259 4845 264
5169 4930 239 4925 244
5119 4876 243 4874 245
5135 4878 257 4872 263
5264 5003 261 5000 264
5225 5007 218 5002 223
5150 4890 260 4882 268
4946 4710 236 4707 239
5398 5126 272 5122 276
5212 4966 246 4964 248
5235 5009 226 5007 228
5363 5099 264 5093 270
5160 4931 229 4930 230
5280 5045 235 5043 237
5291 5066 225 5061 230
5080 4843 237 4837 243
4887 4641 246 4637 250
5294 5028 266 5022 272
5509 5252 257 5247 262
5564 5300 264 5296 268
4962 4725 237 4721 241
5241 4996 245 4994 247
5267 5017 250 5016 251
5098 4848 250 4844 254
5282 5041 241 5035 247
5464 5200 264 5194 270
5047 4802 245 4796 251
5420 5157 263 5154 266
4957 4720 237 4713 244
5152 4916 236 4915 237
5188 4942 246 4939 249
5237 5003 234 5000 237
5389 5141 248 5139 250
5908 5592 316 5589 319
5171 4917 254 4911 260
4881 4652 229 4650 231
5453 5205 248 5200 253
5112 4872 240 4868 244
5059 4830 229 4825 234
4751 4535 216 4529 222
5478 5237 241 5233 245
4925 4690 235 4688 237
5159 4908 251 4904 255
4662 4439 223 4433 229
5066 4838 228 4833 233
4995 4770 225 4767 228
5392 5126 266 5124 268
4965 4743 222 4737 228
5198 4925 273 4919 279
5320 5042 278 5036 284
5095 4859 236 4852 243
5316 5083 233 5078 238
5175 4947 228 4946 229
5286 5040 246 5037 249
5089 4868 221 4860 229
5065 4841 224 4833 232
5381 5137 244 5132 249
5081 4874 207 4871 210
5412 5173 239 5169 243
5320 5061 259 5058 262
5202 4961 241 4955 247
5178 4934 244 4927 251
5121 4894 227 4892 229
4930 4707 223 4702 228
5388 5116 272 5113 275
5680 5418 262 5412 268
5425 5180 245 5174 251
5088 4827 261 4822 266
4794 4559 235 4552 242
5484 5232 252 5228 256
5093 4826 267 4821 272
5221 4958 263 4953 268
5513 5246 267 5244 269
5049 4808 241 4799 250
4815 4591 224 4585 230
5821 5550 271 5542 279
5173 4917 256 4912 261
4917 4705 212 4703 214
5373 5125 248 5123 250
5526 5283 243 5277 249
5675 5371 304 5365 310
5248 5012 236 5010 238
5466 5217 249 5211 255
5168 4912 256 4909 259
5180 4966 214 4965 215
5023 4799 224 4796 227
5231 4988 243 4984 247
4976 4732 244 4729 247
5055 4786 269 4780 275
5168 4913 255 4908 260
5309 5073 236 5072 237
5220 4978 242 4975 245
4865 4642 223 4642 223
5231 4956 275 4947 284
5111 4862 249 4858 253
5408 5166 242 5162 246
5044 4808 236 4803 241
5157 4942 215 4937 220
5717 5430 287 5422 295
5102 4869 233 4861 241
5220 4966 254 4959 261
5353 5079 274 5074 279
5120 4892 228 4890 230
5017 4777 240 4773 244
5313 5052 261 5047 266
5173 4911 262 4904 269
5291 5058 233 5051 240
5111 4884 227 4883 228
5314 5047 267 5043 271
5299 5069 230 5065 234
5589 5315 274 5311 278
5049 4810 239 4808 241
5099 4855 244 4852 247
5487 5216 271 5212 275
5073 4830 243 4823 250
5092 4821 271 4818 274
4889 4692 197 4689 200
5358 5119 239 5116 242
5161 4881 280 4879 282
4982 4758 224 4756 226
4950 4705 245 4701 249
5541 5262 279 5259 282
5330 5070 260 5065 265
5197 4931 266 4926 271
4808 4585 223 4581 227
5100 4868 232 4863 237
