5578 812 4766 1 5577
5442 828 4614 0 5442
5595 911 4684 0 5595
5448 852 4596 0 5448
5562 825 4737 0 5562
5466 814 4652 0 5466
5536 796 4740 0 5536
5408 822 4586 0 5408
5419 761 4658 0 5419
5330 835 4495 0 5330
5340 752 4588 1 5339
5430 838 4592 0 5430
5718 831 4887 0 5718
5811 892 4919 0 5811
5383 833 4550 0 5383
5519 805 4714 0 5519
5451 829 4622 0 5451
5300 798 4502 0 5300
5633 809 4824 0 5633
5333 812 4521 0 5333
5221 796 4425 0 5221
5519 798 4721 0 5519
5610 799 4811 0 5610
5044 732 4312 0 5044
5579 790 4789 0 5579
5613 862 4751 0 5613
5790 864 4926 0 5790
5136 783 4353 0 5136
5131 722 4409 0 5131
5626 828 4798 1 5625
5698 867 4831 0 5698
5684 836 4848 0 5684
5319 820 4499 0 5319
5425 813 4612 0 5425
5316 838 4478 1 5315
5799 848 4951 0 5799
5393 812 4581 0 5393
5256 776 4480 1 5255
4981 769 4212 0 4981
5139 750 4389 0 5139
5323 810 4513 0 5323
5399 831 4568 1 5398
5277 778 4499 1 5276
5590 857 4733 0 5590
5355 775 4580 0 5355
5853 901 4952 0 5853
5252 806 4446 0 5252
5545 833 4712 0 5545
5453 809 4644 0 5453
5520 801 4719 0 5520
5255 813 4442 0 5255
5195 762 4433 0 5195
5207 793 4414 0 5207
5686 828 4858 0 5686
5468 820 4648 0 5468
5366 799 4567 0 5366
5033 745 4288 0 5033
5456 784 4672 0 5456
5177 764 4413 0 5177
5285 806 4479 0 5285
5099 763 4336 1 5098
5120 769 4351 0 5120
5301 825 4476 0 5301
5269 771 4498 0 5269
5135 787 4348 0 5135
4837 709 4128 0 4837
5119 804 4315 0 5119
5166 786 4380 0 5166
4846 711 4135 0 4846
5491 841 4650 0 5491
5221 735 4486 0 5221
4685 674 4011 0 4685
4924 748 4176 0 4924
5166 747 4419 0 5166
5114 784 4330 0 5114
5493 842 4651 0 5493
4966 736 4230 0 4966
4872 738 4134 0 4872
5029 778 4251 0 5029
4847 712 4135 1 4846
4809 757 4052 0 4809
4931 750 4181 1 4930
4973 755 4218 0 4973
5008 742 4266 0 5008
5155 777 4378 0 5155
5478 809 4669 0 5478
5222 772 4450 0 5222
4961 741 4220 0 4961
5420 826 4594 0 5420
5381 848 4533 0 5381
5076 816 4260 1 5075
5177 751 4426 0 5177
5075 791 4284 1 5074
5253 752 4501 0 5253
5151 735 4416 1 5150
5015 800 4215 0 5015
5041 744 4297 1 5040
5185 747 4438 0 5185
4951 763 4188 0 4951
5324 809 4515 1 5323
4974 726 4248 1 4973
4925 724 4201 0 4925
4876 717 4159 0 4876
5090 754 4336 0 5090
5633 891 4742 0 5633
4856 742 4114 0 4856
5134 736 4398 0 5134
4780 696 4084 0 4780
5161 751 4410 0 5161
4994 749 4245 0 4994
5369 814 4555 1 5368
5113 781 4332 0 5113
5288 799 4489 0 5288
5018 746 4272 0 5018
5518 840 4678 0 5518
5431 829 4602 0 5431
5081 728 4353 0 5081
5376 813 4563 0 5376
4724 705 4019 0 4724
5071 765 4306 0 5071
4931 732 4199 0 4931
4915 729 4186 0 4915
4899 759 4140 0 4899
5107 752 4355 0 5107
4982 731 4251 0 4982
4767 733 4034 0 4767
5056 764 4292 0 5056
5229 816 4413 0 5229
5449 809 4640 0 5449
5343 762 4581 1 5342
5158 804 4354 0 5158
5612 834 4778 0 5612
5231 804 4427 0 5231
5079 726 4353 0 5079
5324 798 4526 1 5323
5066 749 4317 0 5066
4980 736 4244 0 4980
5241 770 4471 0 5241
5271 789 4482 0 5271
5209 788 4421 0 5209
5046 744 4302 0 5046
4935 726 4209 0 4935
5208 765 4443 1 5207
5020 808 4212 0 5020
4963 754 4209 0 4963
5449 827 4622 0 5449
5082 778 4304 0 5082
5101 749 4352 1 5100
5368 861 4507 0 5368
5398 807 4591 0 5398
5538 833 4705 0 5538
5630 816 4814 0 5630
5580 835 4745 0 5580
4948 766 4182 1 4947
5483 867 4616 0 5483
5393 812 4581 0 5393
5562 801 4761 0 5562
5819 908 4911 0 5819
5704 875 4829 1 5703
5538 862 4676 0 5538
5517 828 4689 0 5517
5667 820 4847 0 5667
5529 822 4707 0 5529
5479 818 4661 1 5478
5807 863 4944 0 5807
4794 671 4123 0 4794
5452 777 4675 0 5452
5353 822 4531 0 5353
5531 889 4642 0 5531
4828 710 4118 0 4828
5733 866 4867 0 5733
5652 886 4766 0 5652
5836 889 4947 0 5836
5237 774 4463 0 5237
5111 772 4339 0 5111
5785 825 4960 0 5785
5384 787 4597 0 5384
5484 845 4639 0 5484
5414 790 4624 0 5414
5722 874 4848 0 5722
5795 835 4960 1 5794
4666 668 3998 0 4666
5504 872 4632 0 5504
5533 822 4711 0 5533
5123 749 4374 1 5122
5336 810 4526 0 5336
5145 767 4378 0 5145
5517 837 4680 0 5517
5064 754 4310 1 5063
4959 711 4248 0 4959
5855 824 5031 0 5855
5335 843 4492 0 5335
5415 780 4635 0 5415
4940 771 4169 0 4940
5043 771 4272 0 5043
5103 726 4377 0 5103
5167 780 4387 0 5167
5366 806 4560 0 5366
5005 765 4240 0 5005
5349 807 4542 0 5349
5891 774 5117 0 5891
5123 780 4343 2 5121
5630 870 4760 0 5630
5565 780 4785 0 5565
5616 830 4786 0 5616
5154 761 4393 0 5154
5389 759 4630 1 5388
5562 899 4663 1 5561
4829 720 4109 0 4829
5005 793 4212 0 5005
5022 737 4285 0 5022
5496 826 4670 0 5496
5633 852 4781 0 5633
5403 806 4597 0 5403
5295 765 4530 0 5295
5367 786 4581 0 5367
5037 751 4286 0 5037
4992 760 4232 0 4992
5242 810 4432 0 5242
5511 879 4632 0 5511
5287 802 4485 0 5287
5017 765 4252 0 5017
5063 806 4257 0 5063
5499 809 4690 0 5499
5345 825 4520 0 5345
5186 758 4428 0 5186
5273 819 4454 0 5273
5382 793 4589 0 5382
5441 820 4621 0 5441
5180 817 4363 0 5180
5121 773 4348 0 5121
4714 752 3962 0 4714
5082 794 4288 0 5082
5167 823 4344 0 5167
5566 870 4696 0 5566
5169 758 4411 0 5169
5435 851 4584 1 5434
4910 684 4226 0 4910
5708 819 4889 0 5708
5857 855 5002 0 5857
5592 858 4734 1 5591
5012 717 4295 0 5012
4998 717 4281 0 4998
5397 829 4568 0 5397
5376 814 4562 0 5376
4932 759 4173 0 4932
5392 830 4562 0 5392
5370 792 4578 0 5370
5166 763 4403 0 5166
4873 755 4118 0 4873
5214 762 4452 0 5214
5211 795 4416 0 5211
5180 743 4437 0 5180
5061 729 4332 1 5060
5242 740 4502 0 5242
4780 716 4064 0 4780
5322 815 4507 0 5322
5184 747 4437 0 5184
5232 768 4464 0 5232
5290 747 4543 0 5290
5001 734 4267 0 5001
5311 787 4524 1 5310
5126 769 4357 0 5126
5340 819 4521 0 5340
5124 784 4340 0 5124
5070 756 4314 0 5070
5324 810 4514 0 5324
5280 770 4510 0 5280
5598 832 4766 0 5598
5150 791 4359 0 5150
5032 751 4281 0 5032
5175 754 4421 0 5175
5219 785 4434 0 5219
4939 713 4226 0 4939
5381 790 4591 0 5381
5351 769 4582 0 5351
5395 811 4584 0 5395
5159 742 4417 0 5159
5110 785 4325 0 5110
5503 815 4688 0 5503
5551 820 4731 0 5551
5373 855 4518 0 5373
5512 851 4661 1 5511
5475 841 4634 0 5475
5154 778 4376 0 5154
5276 766 4510 0 5276
5755 842 4913 0 5755
5379 812 4567 0 5379
5245 793 4452 0 5245
4786 709 4077 0 4786
5397 796 4601 0 5397
5654 872 4782 0 5654
5132 773 4359 0 5132
5155 802 4353 0 5155
5333 789 4544 0 5333
5336 799 4537 0 5336
5416 801 4615 0 5416
5006 786 4220 0 5006
5101 768 4333 0 5101
5316 827 4489 0 5316
5331 796 4535 0 5331
5131 794 4337 0 5131
5193 767 4426 0 5193
5305 799 4506 0 5305
5642 869 4773 0 5642
5025 764 4261 0 5025
4945 769 4176 0 4945
5200 744 4456 0 5200
5339 796 4543 0 5339
5320 784 4536 0 5320
5159 789 4370 0 5159
4827 753 4074 0 4827
5726 877 4849 0 5726
5345 791 4554 2 5343
4906 745 4161 0 4906
4535 708 3827 0 4535
5057 793 4264 0 5057
5250 779 4471 1 5249
5446 812 4634 1 5445
4837 734 4103 0 4837
5086 705 4381 0 5086
5425 863 4562 0 5425
5162 788 4374 0 5162
5206 781 4425 0 5206
5063 770 4293 0 5063
5103 764 4339 0 5103
5105 733 4372 0 5105
5248 828 4420 0 5248
4922 754 4168 0 4922
5321 814 4507 0 5321
4983 731 4252 0 4983
5302 764 4538 0 5302
5042 796 4246 0 5042
5306 754 4552 0 5306
5043 771 4272 0 5043
5561 835 4726 0 5561
5242 855 4387 0 5242
4957 718 4239 0 4957
5158 775 4383 0 5158
4815 728 4087 0 4815
5112 747 4365 1 5111
5259 798 4461 0 5259
5386 817 4569 0 5386
4930 693 4237 0 4930
5235 819 4416 0 5235
5474 826 4648 0 5474
5298 732 4566 0 5298
5563 792 4771 1 5562
5098 800 4298 0 5098
4838 724 4114 0 4838
5156 753 4403 0 5156
5350 807 4543 1 5349
5015 767 4248 0 5015
5428 844 4584 0 5428
4982 753 4229 0 4982
5297 815 4482 0 5297
5419 788 4631 0 5419
5076 748 4328 0 5076
5045 796 4249 0 5045
5403 810 4593 1 5402
4956 741 4215 0 4956
5140 725 4415 0 5140
5014 721 4293 0 5014
5433 822 4611 0 5433
5129 748 4381 0 5129
5319 788 4531 0 5319
5404 833 4571 0 5404
5280 805 4475 0 5280
5600 827 4773 0 5600
5272 810 4462 0 5272
5465 803 4662 0 5465
4659 699 3960 0 4659
5002 760 4242 0 5002
5337 786 4551 0 5337
4756 702 4054 0 4756
5279 778 4501 0 5279
5045 791 4254 0 5045
4917 696 4221 0 4917
4867 680 4187 0 4867
5144 845 4299 0 5144
4885 721 4164 0 4885
5329 782 4547 0 5329
5088 733 4355 0 5088
5029 725 4304 0 5029
4994 702 4292 0 4994
5226 792 4434 0 5226
5267 802 4465 0 5267
5246 793 4453 0 5246
5162 792 4370 0 5162
4995 778 4217 0 4995
5076 807 4269 1 5075
4926 714 4212 0 4926
5277 755 4522 0 5277
4950 723 4227 1 4949
4951 713 4238 0 4951
5203 782 4421 0 5203
5567 802 4765 0 5567
5266 837 4429 0 5266
5557 789 4768 0 5557
5518 849 4669 1 5517
5307 796 4511 0 5307
5165 788 4377 0 5165
5147 776 4371 0 5147
5298 866 4432 0 5298
5089 783 4306 0 5089
4762 749 4013 0 4762
5364 846 4518 0 5364
4887 720 4167 0 4887
5358 775 4583 0 5358
5231 754 4477 0 5231
5357 802 4555 0 5357
5041 737 4304 0 5041
5247 789 4458 0 5247
5483 856 4627 0 5483
4949 738 4211 0 4949
5128 743 4385 0 5128
5310 795 4515 0 5310
4860 735 4125 0 4860
5293 809 4484 1 5292
4988 740 4248 0 4988
5261 813 4448 0 5261
5319 798 4521 0 5319
5064 717 4347 3 5061
4901 753 4148 0 4901
4975 711 4264 0 4975
4852 728 4124 0 4852
5354 816 4538 0 5354
5503 865 4638 0 5503
5281 869 4412 0 5281
5095 772 4323 0 5095
5022 734 4288 0 5022
5000 760 4240 0 5000
4836 680 4156 0 4836
5018 778 4240 0 5018
4974 771 4203 0 4974
5428 864 4564 0 5428
5007 739 4268 0 5007
4820 686 4134 0 4820
5147 785 4362 0 5147
5302 785 4517 0 5302
5277 777 4500 0 5277
5545 881 4664 0 5545
4972 745 4227 0 4972
5350 785 4565 0 5350
4886 769 4117 0 4886
5343 760 4583 0 5343
4823 728 4095 0 4823
5266 809 4457 0 5266
5139 783 4356 0 5139
5183 785 4398 0 5183
4990 769 4221 0 4990
5199 761 4438 0 5199
5214 776 4438 0 5214
5165 751 4414 0 5165
5644 830 4814 0 5644
5101 801 4300 0 5101
5876 924 4952 0 5876
4958 790 4168 0 4958
5192 822 4370 1 5191
4439 663 3776 0 4439
5146 733 4413 0 5146
5172 721 4451 0 5172
5199 738 4461 0 5199
5243 775 4468 1 5242
5056 754 4302 0 5056
5292 792 4500 0 5292
4911 744 4167 1 4910
5554 805 4749 0 5554
5148 737 4411 0 5148
4955 729 4226 0 4955
5199 800 4399 0 5199
5268 802 4466 0 5268
5039 752 4287 0 5039
5342 836 4506 1 5341
4745 730 4015 1 4744
4663 738 3925 0 4663
5088 773 4315 0 5088
4774 704 4070 1 4773
5007 718 4289 0 5007
5146 778 4368 0 5146
5129 726 4403 0 5129
5303 838 4465 0 5303
5453 858 4595 0 5453
5086 763 4323 0 5086
5176 759 4417 0 5176
5347 775 4572 1 5346
5139 784 4355 0 5139
5065 759 4306 0 5065
4848 668 4180 0 4848
5270 830 4440 1 5269
5067 735 4332 0 5067
5041 765 4276 0 5041
4860 709 4151 0 4860
5484 859 4625 0 5484
5153 767 4386 0 5153
5391 831 4560 0 5391
5303 812 4491 0 5303
4621 717 3904 0 4621
5063 800 4263 0 5063
5206 816 4390 0 5206
5788 861 4927 0 5788
5180 761 4419 0 5180
4638 693 3945 0 4638
4928 706 4222 0 4928
4999 761 4238 0 4999
5005 696 4309 0 5005
5223 814 4409 0 5223
5117 801 4316 0 5117
5068 812 4256 0 5068
5182 800 4382 0 5182
4951 739 4212 0 4951
5440 832 4608 0 5440
4822 731 4091 0 4822
4832 743 4089 0 4832
5632 889 4743 0 5632
5208 833 4375 0 5208
4971 726 4245 0 4971
5088 771 4317 0 5088
5201 833 4368 0 5201
5443 792 4651 0 5443
5529 852 4677 1 5528
5429 798 4631 0 5429
5711 850 4861 0 5711
5373 880 4493 0 5373
5349 802 4547 0 5349
4928 742 4186 0 4928
5287 780 4507 0 5287
5181 802 4379 0 5181
5262 749 4513 0 5262
5306 808 4498 0 5306
5388 825 4563 0 5388
5294 773 4521 1 5293
5186 773 4413 0 5186
5122 785 4337 0 5122
5086 755 4331 0 5086
4801 712 4089 0 4801
5058 717 4341 0 5058
4832 758 4074 0 4832
5121 760 4361 0 5121
4962 707 4255 0 4962
5040 730 4310 0 5040
4740 701 4039 0 4740
5121 821 4300 0 5121
5280 756 4524 0 5280
5001 797 4204 0 5001
5257 790 4467 0 5257
5110 773 4337 0 5110
5556 813 4743 0 5556
4997 752 4245 0 4997
5351 784 4567 0 5351
5120 802 4318 0 5120
5134 797 4337 0 5134
4884 696 4188 0 4884
5094 739 4355 0 5094
5143 771 4372 0 5143
4852 727 4125 0 4852
5321 776 4545 0 5321
5286 785 4501 0 5286
5158 764 4394 0 5158
5071 755 4316 0 5071
5297 758 4539 0 5297
5265 770 4495 0 5265
5102 775 4327 0 5102
4985 745 4240 0 4985
4985 773 4212 0 4985
5558 790 4768 0 5558
5298 796 4502 0 5298
5012 762 4250 0 5012
5381 826 4555 0 5381
5184 719 4465 0 5184
4944 713 4231 0 4944
5111 833 4278 1 5110
4921 715 4206 0 4921
4984 738 4246 0 4984
5250 812 4438 0 5250
5305 794 4511 0 5305
5387 805 4582 1 5386
5010 712 4298 0 5010
5169 833 4336 0 5169
5228 759 4469 0 5228
5155 807 4348 0 5155
5370 778 4592 0 5370
4793 743 4050 0 4793
4840 733 4107 0 4840
5042 776 4266 0 5042
5481 838 4643 0 5481
5222 771 4451 0 5222
4941 767 4174 0 4941
5135 749 4386 0 5135
5243 817 4426 0 5243
5172 723 4449 1 5171
5590 808 4782 0 5590
5435 842 4593 0 5435
5198 772 4426 0 5198
5437 856 4581 0 5437
5353 788 4565 0 5353
5204 761 4443 0 5204
5085 751 4334 0 5085
5270 813 4457 0 5270
5088 809 4279 0 5088
5271 790 4481 0 5271
5435 842 4593 0 5435
5214 784 4430 0 5214
5193 788 4405 0 5193
5584 813 4771 1 5583
5412 809 4603 1 5411
5051 762 4289 0 5051
5024 785 4239 0 5024
4994 710 4284 0 4994
5312 805 4507 0 5312
4983 777 4206 0 4983
5172 806 4366 0 5172
5208 822 4386 1 5207
4915 746 4169 0 4915
4942 752 4190 0 4942
5361 785 4576 1 5360
5236 732 4504 0 5236
4824 753 4071 0 4824
5306 818 4488 1 5305
5099 783 4316 0 5099
4946 736 4210 0 4946
5481 872 4609 0 5481
5326 791 4535 0 5326
5494 867 4627 0 5494
4944 723 4221 0 4944
4895 745 4150 0 4895
4763 701 4062 1 4762
5369 820 4549 0 5369
4704 689 4015 0 4704
5181 735 4446 0 5181
5076 740 4336 0 5076
5255 800 4455 0 5255
4985 741 4244 1 4984
4969 748 4221 0 4969
5031 759 4272 0 5031
4676 692 3984 0 4676
4819 724 4095 0 4819
5200 793 4407 0 5200
4849 707 4142 0 4849
5144 771 4373 0 5144
5353 775 4578 0 5353
5040 697 4343 0 5040
5152 776 4376 0 5152
5282 756 4526 0 5282
4757 758 3999 0 4757
4802 730 4072 0 4802
4693 684 4009 0 4693
5182 795 4387 0 5182
5268 773 4495 0 5268
5047 800 4247 0 5047
5378 825 4553 1 5377
5240 824 4416 0 5240
4979 732 4247 1 4978
5428 810 4618 1 5427
4886 726 4160 0 4886
4913 737 4176 0 4913
5074 790 4284 0 5074
5079 801 4278 0 5079
4865 695 4170 0 4865
5045 743 4302 0 5045
5078 769 4309 0 5078
5190 796 4394 0 5190
5255 756 4499 0 5255
5359 779 4580 0 5359
4935 744 4191 0 4935
5267 828 4439 0 5267
5197 766 4431 0 5197
5202 768 4434 0 5202
5012 768 4244 0 5012
4995 730 4265 0 4995
5168 786 4382 0 5168
5522 804 4718 0 5522
4969 743 4226 0 4969
5151 813 4338 0 5151
5241 759 4482 0 5241
4825 694 4131 0 4825
4994 717 4277 0 4994
4990 736 4254 0 4990
5274 770 4504 1 5273
4931 762 4169 0 4931
4935 712 4223 0 4935
4772 683 4089 1 4771
4925 720 4205 0 4925
4670 668 4002 0 4670
5153 742 4411 0 5153
5221 796 4425 0 5221
5362 817 4545 0 5362
5194 795 4399 0 5194
5000 733 4267 0 5000
5263 763 4500 0 5263
4906 756 4150 0 4906
5572 860 4712 0 5572
5172 770 4402 0 5172
4835 720 4115 0 4835
5028 737 4291 0 5028
5590 845 4745 0 5590
5029 758 4271 0 5029
4694 683 4011 0 4694
4853 710 4143 0 4853
4909 727 4182 0 4909
4947 732 4215 1 4946
5260 751 4509 0 5260
4927 718 4209 0 4927
5000 728 4272 0 5000
4949 678 4271 0 4949
5147 754 4393 0 5147
5616 863 4753 0 5616
5057 736 4321 1 5056
5120 759 4361 0 5120
5276 776 4500 0 5276
4559 713 3846 0 4559
5137 725 4412 0 5137
4981 759 4222 0 4981
4832 703 4129 0 4832
5376 763 4613 0 5376
4961 768 4193 0 4961
5271 763 4508 0 5271
4934 734 4200 0 4934
5012 743 4269 0 5012
4948 776 4172 1 4947
5126 783 4343 0 5126
5111 745 4366 0 5111
5241 752 4489 0 5241
4766 710 4056 1 4765
5120 778 4342 0 5120
5039 757 4282 0 5039
5588 843 4745 0 5588
5244 782 4462 0 5244
5887 936 4951 1 5886
5425 824 4601 0 5425
5522 807 4715 0 5522
5284 780 4504 0 5284
5171 823 4348 0 5171
5099 791 4308 0 5099
5346 785 4561 0 5346
5019 782 4237 0 5019
5809 896 4913 1 5808
4782 725 4057 0 4782
5014 788 4226 0 5014
5069 766 4303 0 5069
5157 764 4393 0 5157
5440 849 4591 0 5440
4781 719 4062 0 4781
4655 671 3984 0 4655
5328 806 4522 0 5328
4874 750 4124 0 4874
5152 736 4416 0 5152
5346 780 4566 0 5346
5338 768 4570 0 5338
5241 770 4471 0 5241
4948 757 4191 0 4948
5264 749 4515 0 5264
5453 771 4682 0 5453
5057 720 4337 0 5057
5092 760 4332 0 5092
5269 791 4478 0 5269
5270 788 4482 0 5270
5411 855 4556 0 5411
5086 732 4354 0 5086
5149 783 4366 1 5148
4745 726 4019 0 4745
5985 913 5072 0 5985
5413 781 4632 0 5413
5417 851 4566 0 5417
4972 726 4246 0 4972
4975 799 4176 0 4975
4884 731 4153 1 4883
5416 808 4608 0 5416
5027 721 4306 0 5027
5202 767 4435 0 5202
4754 725 4029 0 4754
5130 766 4364 0 5130
5334 774 4560 0 5334
4697 731 3966 0 4697
5157 789 4368 0 5157
5230 797 4433 1 5229
5090 774 4316 2 5088
5091 744 4347 0 5091
5103 770 4333 0 5103
5173 815 4358 0 5173
5657 867 4790 0 5657
4976 742 4234 0 4976
5262 785 4477 0 5262
5445 825 4620 0 5445
5031 770 4261 0 5031
5382 813 4569 0 5382
5180 766 4414 1 5179
5374 793 4581 0 5374
5233 814 4419 0 5233
5430 786 4644 0 5430
5370 812 4558 0 5370
5185 777 4408 0 5185
5078 755 4323 0 5078
5895 844 5051 0 5895
4942 728 4214 0 4942
5171 745 4426 0 5171
5055 749 4306 0 5055
5097 727 4370 1 5096
5019 778 4241 0 5019
4893 785 4108 0 4893
4784 710 4074 0 4784
5716 832 4884 0 5716
4941 726 4215 0 4941
5485 774 4711 0 5485
5122 774 4348 0 5122
5133 770 4363 0 5133
5302 787 4515 0 5302
5457 802 4655 0 5457
4868 729 4139 0 4868
4901 741 4160 0 4901
5321 834 4487 0 5321
5169 780 4389 0 5169
5400 812 4588 0 5400
5002 742 4260 0 5002
5010 761 4249 0 5010
5356 828 4528 0 5356
4868 719 4149 0 4868
5170 772 4398 1 5169
4704 689 4015 2 4702
5140 742 4398 1 5139
5384 861 4523 0 5384
5145 788 4357 0 5145
5130 743 4387 0 5130
5186 737 4449 0 5186
4748 688 4060 0 4748
4757 719 4038 1 4756
5392 787 4605 0 5392
4942 715 4227 0 4942
5160 784 4376 0 5160
4809 716 4093 0 4809
4979 807 4172 0 4979
5078 814 4264 0 5078
5103 794 4309 0 5103
5224 760 4464 0 5224
5182 817 4365 1 5181
5247 838 4409 0 5247
5227 753 4474 0 5227
5107 776 4331 0 5107
5405 803 4602 0 5405
5695 869 4826 0 5695
4995 795 4200 0 4995
4998 687 4311 0 4998
4985 757 4228 0 4985
5194 753 4441 0 5194
4855 727 4128 0 4855
5506 830 4676 0 5506
5371 831 4540 0 5371
5525 863 4662 1 5524
5236 745 4491 1 5235
5263 782 4481 0 5263
5022 801 4221 0 5022
5265 755 4510 0 5265
5084 725 4359 0 5084
4918 681 4237 0 4918
5130 778 4352 0 5130
5457 811 4646 0 5457
5106 762 4344 0 5106
5622 853 4769 0 5622
5198 753 4445 0 5198
5293 787 4506 0 5293
5141 755 4386 0 5141
5091 801 4290 0 5091
5452 809 4643 1 5451
5201 781 4420 0 5201
5312 788 4524 0 5312
4928 769 4159 0 4928
5205 762 4443 0 5205
4619 707 3912 0 4619
5591 871 4720 0 5591
4831 710 4121 0 4831
4978 753 4225 0 4978
4905 687 4218 0 4905
5114 803 4311 0 5114
5002 760 4242 0 5002
5109 768 4341 0 5109
5169 761 4408 0 5169
5119 754 4365 0 5119
5135 712 4423 0 5135
5264 806 4458 1 5263
5225 786 4439 0 5225
5150 770 4380 0 5150
4946 767 4179 0 4946
5398 817 4581 0 5398
5212 801 4411 0 5212
5235 818 4417 0 5235
5363 794 4569 0 5363
5160 702 4458 0 5160
5280 796 4484 0 5280
5291 767 4524 0 5291
5080 818 4262 0 5080
4887 717 4170 0 4887
5294 793 4501 0 5294
5509 852 4657 1 5508
5564 864 4700 0 5564
4962 749 4213 0 4962
5241 752 4489 0 5241
5267 752 4515 0 5267
5098 746 4352 1 5097
5282 801 4481 0 5282
5464 846 4618 0 5464
5047 747 4300 0 5047
5420 857 4563 0 5420
4957 731 4226 1 4956
5152 780 4372 0 5152
5188 795 4393 0 5188
5237 795 4442 0 5237
5389 824 4565 0 5389
5908 881 5027 0 5908
5171 733 4438 0 5171
4881 743 4138 0 4881
5453 809 4644 0 5453
5112 771 4341 0 5112
5059 760 4299 0 5059
4751 681 4070 0 4751
5478 791 4687 0 5478
4925 698 4227 0 4925
5159 779 4380 0 5159
4662 700 3962 0 4662
5066 783 4283 0 5066
4995 710 4285 0 4995
5392 795 4597 0 5392
4965 752 4213 0 4965
5198 797 4401 0 5198
5320 799 4521 0 5320
5095 785 4310 0 5095
5316 803 4513 0 5316
5175 755 4420 0 5175
5286 812 4474 0 5286
5089 777 4312 1 5088
5065 777 4288 0 5065
5381 828 4553 0 5381
5081 802 4279 0 5081
5412 840 4572 1 5411
5320 745 4575 0 5320
5202 754 4448 0 5202
5178 777 4401 0 5178
5121 817 4304 0 5121
4930 770 4160 0 4930
5388 786 4602 0 5388
5680 802 4878 0 5680
5425 838 4587 0 5425
5088 764 4324 0 5088
4794 741 4053 1 4793
5484 802 4682 0 5484
5093 741 4352 0 5093
5221 822 4399 0 5221
5513 778 4735 0 5513
5049 765 4284 0 5049
4815 725 4090 0 4815
5821 900 4921 0 5821
5173 812 4361 0 5173
4917 735 4182 0 4917
5373 767 4606 0 5373
5526 781 4745 0 5526
5675 834 4841 0 5675
5248 778 4470 0 5248
5466 843 4623 1 5465
5168 787 4381 0 5168
5180 794 4386 0 5180
5023 763 4260 0 5023
5231 792 4439 0 5231
4976 736 4240 0 4976
5055 754 4301 0 5055
5168 781 4387 0 5168
5309 762 4547 0 5309
5220 802 4418 0 5220
4865 709 4156 0 4865
5231 798 4433 0 5231
5111 740 4371 0 5111
5408 813 4595 0 5408
5044 770 4274 2 5042
5157 766 4391 0 5157
5717 919 4798 0 5717
5102 776 4326 0 5102
5220 821 4399 0 5220
5353 830 4523 2 5351
5120 756 4364 1 5119
5017 766 4251 0 5017
5313 819 4494 0 5313
5173 759 4414 0 5173
5291 792 4499 0 5291
5111 727 4384 0 5111
5314 801 4513 0 5314
5299 792 4507 0 5299
5589 799 4790 0 5589
5049 760 4289 0 5049
5099 765 4334 0 5099
5487 811 4676 0 5487
5073 767 4306 0 5073
5092 756 4336 0 5092
4889 744 4145 0 4889
5358 785 4573 0 5358
5161 741 4420 0 5161
4982 755 4227 1 4981
4950 783 4167 0 4950
5541 811 4730 0 5541
5330 781 4549 0 5330
5197 788 4409 0 5197
4808 778 4030 0 4808
5100 761 4339 0 5100
