5578 3009 2569 2239 3339
5442 2892 2550 2132 3310
5595 2959 2636 2173 3422
5448 2866 2582 2099 3349
5562 2991 2571 2210 3352
5466 2866 2600 2121 3345
5536 2879 2657 2146 3390
5408 2872 2536 2131 3277
5419 2873 2546 2120 3299
5330 2890 2440 2143 3187
5340 2788 2552 2064 3276
5430 2872 2558 2077 3353
5718 2941 2777 2187 3531
5811 3045 2766 2231 3580
5383 2832 2551 2121 3262
5519 2904 2615 2141 3378
5451 2794 2657 2045 3406
5300 2765 2535 2068 3232
5633 2949 2684 2187 3446
5333 2790 2543 2090 3243
5221 2770 2451 1982 3239
5519 2970 2549 2192 3327
5610 2932 2678 2168 3442
5044 2633 2411 1970 3074
5579 2921 2658 2126 3453
5613 2994 2619 2227 3386
5790 3024 2766 2210 3580
5136 2713 2423 1953 3183
5131 2674 2457 1985 3146
5626 2992 2634 2188 3438
5698 2988 2710 2219 3479
5684 2977 2707 2219 3465
5319 2825 2494 2078 3241
5425 2878 2547 2116 3309
5316 2804 2512 2089 3227
5799 3037 2762 2253 3546
5393 2816 2577 2032 3361
5256 2672 2584 1938 3318
4981 2582 2399 1882 3099
5139 2699 2440 2006 3133
5323 2863 2460 2086 3237
5399 2840 2559 2055 3344
5277 2745 2532 2034 3243
5590 2988 2602 2238 3352
5355 2765 2590 2035 3320
5853 3091 2762 2243 3610
5252 2775 2477 2030 3222
5545 2920 2625 2148 3397
5453 2905 2548 2133 3320
5520 2833 2687 2100 3420
5255 2812 2443 2087 3168
5195 2744 2451 2030 3165
5207 2708 2499 2025 3182
5686 2939 2747 2223 3463
5468 2863 2605 2095 3373
5366 2819 2547 2083 3283
5033 2608 2425 1892 3141
5456 2871 2585 2154 3302
5177 2777 2400 2053 3124
5285 2821 2464 2117 3168
5099 2698 2401 1966 3133
5120 2713 2407 1990 3130
5301 2769 2532 2061 3240
5269 2777 2492 2067 3202
5135 2729 2406 2001 3134
4837 2568 2269 1897 2940
5119 2672 2447 1956 3163
5166 2738 2428 2000 3166
4846 2505 2341 1842 3004
5491 2865 2626 2130 3361
5221 2742 2479 2003 3218
4685 2477 2208 1860 2825
4924 2542 2382 1851 3073
5166 2711 2455 1964 3202
5114 2709 2405 1999 3115
5493 2905 2588 2118 3375
4966 2608 2358 1907 3059
4872 2584 2288 1937 2935
5029 2618 2411 1902 3127
4847 2578 2269 1861 2986
4809 2573 2236 1907 2902
4931 2597 2334 1899 3032
4973 2631 2342 1954 3019
5008 2614 2394 1932 3076
5155 2668 2487 2000 3155
5478 2866 2612 2077 3401
5222 2786 2436 2072 3150
4961 2578 2383 1850 3111
5420 2865 2555 2130 3290
5381 2780 2601 2037 3344
5076 2667 2409 1943 3133
5177 2717 2460 2022 3155
5075 2654 2421 1954 3121
5253 2726 2527 1993 3260
5151 2734 2417 1983 3168
5015 2644 2371 1969 3046
5041 2693 2348 1980 3061
5185 2737 2448 2024 3161
4951 2604 2347 1964 2987
5324 2766 2558 2030 3294
4974 2589 2385 1920 3054
4925 2558 2367 1878 3047
4876 2602 2274 1896 2980
5090 2650 2440 1980 3110
5633 2971 2662 2190 3443
4856 2566 2290 1895 2961
5134 2759 2375 2023 3111
4780 2474 2306 1823 2957
5161 2673 2488 1956 3205
4994 2624 2370 1890 3104
5369 2810 2559 2016 3353
5113 2715 2398 1997 3116
5288 2804 2484 2099 3189
5018 2640 2378 1956 3062
5518 2941 2577 2168 3350
5431 2803 2628 2062 3369
5081 2732 2349 1999 3082
5376 2777 2599 2013 3363
4724 2510 2214 1850 2874
5071 2611 2460 1915 3156
4931 2601 2330 1857 3074
4915 2622 2293 1938 2977
4899 2542 2357 1888 3011
5107 2693 2414 1972 3135
4982 2587 2395 1881 3101
4767 2489 2278 1834 2933
5056 2650 2406 1977 3079
5229 2725 2504 2019 3210
5449 2877 2572 2113 3336
5343 2889 2454 2108 3235
5158 2724 2434 1980 3178
5612 2948 2664 2167 3445
5231 2748 2483 2065 3166
5079 2681 2398 2020 3059
5324 2782 2542 2017 3307
5066 2706 2360 1996 3070
4980 2566 2414 1906 3074
5241 2735 2506 2034 3207
5271 2768 2503 2042 3229
5209 2769 2440 2039 3170
5046 2600 2446 1950 3096
4935 2529 2406 1876 3059
5208 2801 2407 2080 3128
5020 2598 2422 1921 3099
4963 2630 2333 1951 3012
5449 2838 2611 2099 3350
5082 2658 2424 1935 3147
5101 2673 2428 1955 3146
5368 2770 2598 1975 3393
5398 2846 2552 2094 3304
5538 2925 2613 2156 3382
5630 2999 2631 2192 3438
5580 2986 2594 2188 3392
4948 2611 2337 1935 3013
5483 2861 2622 2140 3343
5393 2872 2521 2116 3277
5562 2894 2668 2119 3443
5819 3042 2777 2211 3608
5704 2951 2753 2179 3525
5538 2938 2600 2144 3394
5517 2832 2685 2102 3415
5667 2966 2701 2156 3511
5529 2921 2608 2172 3357
5479 2908 2571 2143 3336
5807 2982 2825 2198 3609
4794 2518 2276 1855 2939
5452 2829 2623 2114 3338
5353 2813 2540 2069 3284
5531 2900 2631 2187 3344
4828 2553 2275 1875 2953
5733 3048 2685 2282 3451
5652 2975 2677 2206 3446
5836 3089 2747 2293 3543
5237 2725 2512 1982 3255
5111 2699 2412 1982 3129
5785 3044 2741 2225 3560
5384 2850 2534 2131 3253
5484 2870 2614 2130 3354
5414 2862 2552 2109 3305
5722 3018 2704 2162 3560
5795 3032 2763 2258 3537
4666 2484 2182 1842 2824
5504 2893 2611 2125 3379
5533 2934 2599 2168 3365
5123 2699 2424 1969 3154
5336 2762 2574 2023 3313
5145 2664 2481 1963 3182
5517 2912 2605 2151 3366
5064 2646 2418 1944 3120
4959 2637 2322 1904 3055
5855 3080 2775 2273 3582
5335 2810 2525 2091 3244
5415 2886 2529 2141 3274
4940 2555 2385 1843 3097
5043 2683 2360 1967 3076
5103 2680 2423 1959 3144
5167 2752 2415 1982 3185
5366 2805 2561 2099 3267
5005 2674 2331 1977 3028
5349 2787 2562 2085 3264
5891 3065 2826 2300 3591
5123 2604 2519 1932 3191
5630 2940 2690 2165 3465
5565 2878 2687 2121 3444
5616 2981 2635 2217 3399
5154 2733 2421 2005 3149
5389 2796 2593 2077 3312
5562 2935 2627 2208 3354
4829 2557 2272 1891 2938
5005 2632 2373 1964 3041
5022 2632 2390 1919 3103
5496 2825 2671 2107 3389
5633 3026 2607 2207 3426
5403 2825 2578 2125 3278
5295 2796 2499 2061 3234
5367 2780 2587 2035 3332
5037 2676 2361 1969 3068
4992 2608 2384 1946 3046
5242 2736 2506 2012 3230
5511 2864 2647 2143 3368
5287 2739 2548 2013 3274
5017 2603 2414 1946 3071
5063 2610 2453 1924 3139
5499 2948 2551 2178 3321
5345 2892 2453 2137 3208
5186 2715 2471 1999 3187
5273 2806 2467 2030 3243
5382 2803 2579 2063 3319
5441 2863 2578 2109 3332
5180 2736 2444 2006 3174
5121 2612 2509 1957 3164
4714 2499 2215 1821 2893
5082 2697 2385 1994 3088
5167 2691 2476 2034 3133
5566 2907 2659 2134 3432
5169 2638 2531 1959 3210
5435 2837 2598 2047 3388
4910 2571 2339 1871 3039
5708 2938 2770 2121 3587
5857 3081 2776 2279 3578
5592 2958 2634 2193 3399
5012 2580 2432 1872 3140
4998 2604 2394 1888 3110
5397 2825 2572 2087 3310
5376 2851 2525 2122 3254
4932 2595 2337 1910 3022
5392 2823 2569 2074 3318
5370 2808 2562 2074 3296
5166 2700 2466 2038 3128
4873 2515 2358 1850 3023
5214 2762 2452 2027 3187
5211 2804 2407 2057 3154
5180 2649 2531 1945 3235
5061 2661 2400 1953 3108
5242 2756 2486 2026 3216
4780 2491 2289 1842 2938
5322 2848 2474 2068 3254
5184 2679 2505 1988 3196
5232 2672 2560 1985 3247
5290 2807 2483 2074 3216
5001 2602 2399 1922 3079
5311 2797 2514 2021 3290
5126 2700 2426 1957 3169
5340 2864 2476 2107 3233
5124 2642 2482 1940 3184
5070 2655 2415 2005 3065
5324 2873 2451 2123 3201
5280 2747 2533 2021 3259
5598 2942 2656 2180 3418
5150 2732 2418 1978 3172
5032 2626 2406 1954 3078
5175 2738 2437 1986 3189
5219 2741 2478 2047 3172
4939 2603 2336 1956 2983
5381 2874 2507 2103 3278
5351 2867 2484 2140 3211
5395 2806 2589 2087 3308
5159 2734 2425 2043 3116
5110 2673 2437 1925 3185
5503 2921 2582 2114 3389
5551 2965 2586 2175 3376
5373 2792 2581 2024 3349
5512 2902 2610 2162 3350
5475 2881 2594 2143 3332
5154 2728 2426 1991 3163
5276 2795 2481 2088 3188
5755 3056 2699 2275 3480
5379 2846 2533 2111 3268
5245 2853 2392 2121 3124
4786 2456 2330 1809 2977
5397 2786 2611 2069 3328
5654 2957 2697 2168 3486
5132 2734 2398 2008 3124
5155 2757 2398 2044 3111
5333 2730 2603 1991 3342
5336 2818 2518 2056 3280
5416 2833 2583 2130 3286
5006 2588 2418 1887 3119
5101 2693 2408 1957 3144
5316 2776 2540 2093 3223
5331 2805 2526 2077 3254
5131 2694 2437 2010 3121
5193 2778 2415 2040 3153
5305 2743 2562 2001 3304
5642 3016 2626 2226 3416
5025 2687 2338 1967 3058
4945 2667 2278 1951 2994
5200 2789 2411 2095 3105
5339 2781 2558 2015 3324
5320 2814 2506 2076 3244
5159 2741 2418 2003 3156
4827 2556 2271 1907 2920
5726 3013 2713 2238 3488
5345 2884 2461 2150 3195
4906 2487 2419 1838 3068
4535 2403 2132 1744 2791
5057 2695 2362 1998 3059
5250 2745 2505 2063 3187
5446 2820 2626 2083 3363
4837 2574 2263 1887 2950
5086 2706 2380 1985 3101
5425 2757 2668 2055 3370
5162 2760 2402 2027 3135
5206 2746 2460 2014 3192
5063 2690 2373 2018 3045
5103 2714 2389 1989 3114
5105 2661 2444 1990 3115
5248 2702 2546 2020 3228
4922 2639 2283 1950 2972
5321 2772 2549 2044 3277
4983 2625 2358 1943 3040
5302 2815 2487 2106 3196
5042 2668 2374 1982 3060
5306 2799 2507 2053 3253
5043 2700 2343 1999 3044
5561 2913 2648 2176 3385
5242 2747 2495 2045 3197
4957 2582 2375 1916 3041
5158 2661 2497 1954 3204
4815 2511 2304 1856 2959
5112 2656 2456 1996 3116
5259 2752 2507 2012 3247
5386 2802 2584 2090 3296
4930 2633 2297 1916 3014
5235 2767 2468 2029 3206
5474 2849 2625 2119 3355
5298 2727 2571 2012 3286
5563 2985 2578 2203 3360
5098 2676 2422 1994 3104
4838 2522 2316 1825 3013
5156 2641 2515 1964 3192
5350 2819 2531 2078 3272
5015 2629 2386 1970 3045
5428 2847 2581 2084 3344
4982 2626 2356 1907 3075
5297 2825 2472 2082 3215
5419 2887 2532 2147 3272
5076 2630 2446 1946 3130
5045 2744 2301 2025 3020
5403 2887 2516 2141 3262
4956 2649 2307 1962 2994
5140 2724 2416 2047 3093
5014 2646 2368 1965 3049
5433 2823 2610 2100 3333
5129 2672 2457 1926 3203
5319 2817 2502 2070 3249
5404 2812 2592 2123 3281
5280 2808 2472 2053 3227
5600 2953 2647 2189 3411
5272 2773 2499 2053 3219
5465 2937 2528 2167 3298
4659 2477 2182 1832 2827
5002 2568 2434 1877 3125
5337 2802 2535 2065 3272
4756 2550 2206 1893 2863
5279 2783 2496 2072 3207
5045 2634 2411 1941 3104
4917 2593 2324 1879 3038
4867 2569 2298 1875 2992
5144 2711 2433 2014 3130
4885 2608 2277 1913 2972
5329 2809 2520 2089 3240
5088 2646 2442 1987 3101
5029 2661 2368 1943 3086
4994 2615 2379 1975 3019
5226 2779 2447 2032 3194
5267 2792 2475 2069 3198
5246 2693 2553 2009 3237
5162 2730 2432 2006 3156
4995 2694 2301 1994 3001
5076 2659 2417 1947 3129
4926 2585 2341 1960 2966
5277 2815 2462 2087 3190
4950 2605 2345 1928 3022
4951 2534 2417 1873 3078
5203 2687 2516 2019 3184
5567 2950 2617 2187 3380
5266 2793 2473 2064 3202
5557 2923 2634 2165 3392
5518 2899 2619 2179 3339
5307 2814 2493 2060 3247
5165 2703 2462 2000 3165
5147 2609 2538 1938 3209
5298 2801 2497 2072 3226
5089 2716 2373 2014 3075
4762 2462 2300 1812 2950
5364 2816 2548 2065 3299
4887 2535 2352 1854 3033
5358 2842 2516 2074 3284
5231 2729 2502 1994 3237
5357 2790 2567 2058 3299
5041 2584 2457 1893 3148
5247 2825 2422 2083 3164
5483 2867 2616 2134 3349
4949 2606 2343 1898 3051
5128 2640 2488 1953 3175
5310 2831 2479 2099 3211
4860 2512 2348 1806 3054
5293 2795 2498 2068 3225
4988 2624 2364 1896 3092
5261 2770 2491 2013 3248
5319 2807 2512 2091 3228
5064 2615 2449 1919 3145
4901 2595 2306 1923 2978
4975 2539 2436 1864 3111
4852 2539 2313 1871 2981
5354 2746 2608 1996 3358
5503 2866 2637 2088 3415
5281 2740 2541 2040 3241
5095 2723 2372 1957 3138
5022 2621 2401 1945 3077
5000 2597 2403 1920 3080
4836 2577 2259 1911 2925
5018 2692 2326 1970 3048
4974 2645 2329 1909 3065
5428 2851 2577 2095 3333
5007 2625 2382 1951 3056
4820 2494 2326 1844 2976
5147 2725 2422 1968 3179
5302 2777 2525 2053 3249
5277 2767 2510 2061 3216
5545 2808 2737 2063 3482
4972 2560 2412 1909 3063
5350 2844 2506 2128 3222
4886 2552 2334 1924 2962
5343 2774 2569 2049 3294
4823 2557 2266 1914 2909
5266 2832 2434 2092 3174
5139 2695 2444 1996 3143
5183 2718 2465 2033 3150
4990 2621 2369 1933 3057
5199 2675 2524 1963 3236
5214 2706 2508 2019 3195
5165 2724 2441 1958 3207
5644 2980 2664 2218 3426
5101 2654 2447 1961 3140
5876 3074 2802 2243 3633
4958 2619 2339 1885 3073
5192 2721 2471 1990 3202
4439 2286 2153 1666 2773
5146 2663 2483 1970 3176
5172 2767 2405 2085 3087
5199 2772 2427 2037 3162
5243 2717 2526 1986 3257
5056 2628 2428 1935 3121
5292 2775 2517 2039 3253
4911 2562 2349 1887 3024
5554 2887 2667 2108 3446
5148 2667 2481 1911 3237
4955 2648 2307 1955 3000
5199 2742 2457 2036 3163
5268 2749 2519 2032 3236
5039 2576 2463 1825 3214
5342 2724 2618 1972 3370
4745 2449 2296 1783 2962
4663 2448 2215 1771 2892
5088 2705 2383 1956 3132
4774 2501 2273 1874 2900
5007 2685 2322 1960 3047
5146 2719 2427 2009 3137
5129 2740 2389 2010 3119
5303 2771 2532 2044 3259
5453 2921 2532 2136 3317
5086 2668 2418 1981 3105
5176 2760 2416 2013 3163
5347 2768 2579 2006 3341
5139 2716 2423 1996 3143
5065 2673 2392 1968 3097
4848 2556 2292 1871 2977
5270 2768 2502 2025 3245
5067 2648 2419 1944 3123
5041 2625 2416 1913 3128
4860 2552 2308 1903 2957
5484 2893 2591 2143 3341
5153 2691 2462 2007 3146
5391 2890 2501 2167 3224
5303 2815 2488 2059 3244
4621 2448 2173 1806 2815
5063 2727 2336 2006 3057
5206 2720 2486 1995 3211
5788 2974 2814 2204 3584
5180 2693 2487 1996 3184
4638 2423 2215 1779 2859
4928 2621 2307 1956 2972
4999 2680 2319 1974 3025
5005 2643 2362 1962 3043
5223 2815 2408 2087 3136
5117 2702 2415 2016 3101
5068 2664 2404 1987 3081
5182 2741 2441 2043 3139
4951 2617 2334 1954 2997
5440 2798 2642 2097 3343
4822 2546 2276 1866 2956
4832 2566 2266 1879 2953
5632 2967 2665 2205 3427
5208 2780 2428 2012 3196
4971 2688 2283 1980 2991
5088 2695 2393 1974 3114
5201 2675 2526 1988 3213
5443 2873 2570 2074 3369
5529 2876 2653 2110 3419
5429 2847 2582 2082 3347
5711 3029 2682 2241 3470
5373 2814 2559 2079 3294
5349 2838 2511 2044 3305
4928 2609 2319 1930 2998
5287 2790 2497 2033 3254
5181 2707 2474 1999 3182
5262 2727 2535 2025 3237
5306 2831 2475 2078 3228
5388 2932 2456 2132 3256
5294 2737 2557 2013 3281
5186 2697 2489 1972 3214
5122 2700 2422 1959 3163
5086 2613 2473 1948 3138
4801 2478 2323 1818 2983
5058 2687 2371 2008 3050
4832 2556 2276 1866 2966
5121 2657 2464 1927 3194
4962 2609 2353 1933 3029
5040 2625 2415 1931 3109
4740 2475 2265 1822 2918
5121 2684 2437 1959 3162
5280 2815 2465 2094 3186
5001 2609 2392 1908 3093
5257 2726 2531 2000 3257
5110 2693 2417 1965 3145
5556 2915 2641 2155 3401
4997 2569 2428 1884 3113
5351 2770 2581 2036 3315
5120 2700 2420 1969 3151
5134 2618 2516 1906 3228
4884 2535 2349 1850 3034
5094 2639 2455 1907 3187
5143 2681 2462 1920 3223
4852 2547 2305 1877 2975
5321 2791 2530 2084 3237
5286 2752 2534 2030 3256
5158 2723 2435 1986 3172
5071 2703 2368 1974 3097
5297 2748 2549 2043 3254
5265 2776 2489 2075 3190
5102 2712 2390 1988 3114
4985 2640 2345 1938 3047
4985 2618 2367 1962 3023
5558 2833 2725 2057 3501
5298 2787 2511 2041 3257
5012 2703 2309 1976 3036
5381 2894 2487 2143 3238
5184 2754 2430 2017 3167
4944 2638 2306 1960 2984
5111 2660 2451 1986 3125
4921 2533 2388 1895 3026
4984 2661 2323 1962 3022
5250 2690 2560 1933 3317
5305 2827 2478 2086 3219
5387 2748 2639 2049 3338
5010 2560 2450 1905 3105
5169 2738 2431 2003 3166
5228 2732 2496 1998 3230
5155 2712 2443 2032 3123
5370 2847 2523 2142 3228
4793 2516 2277 1889 2904
4840 2571 2269 1916 2924
5042 2674 2368 1947 3095
5481 2892 2589 2105 3376
5222 2786 2436 2037 3185
4941 2601 2340 1901 3040
5135 2742 2393 2036 3099
5243 2704 2539 1990 3253
5172 2771 2401 2053 3119
5590 2926 2664 2191 3399
5435 2762 2673 2067 3368
5198 2756 2442 2024 3174
5437 2926 2511 2158 3279
5353 2804 2549 2069 3284
5204 2718 2486 2008 3196
5085 2695 2390 1974 3111
5270 2788 2482 2081 3189
5088 2641 2447 1914 3174
5271 2805 2466 2072 3199
5435 2847 2588 2075 3360
5214 2696 2518 1986 3228
5193 2760 2433 2053 3140
5584 2925 2659 2136 3448
5412 2822 2590 2033 3379
5051 2693 2358 1944 3107
5024 2634 2390 1929 3095
4994 2575 2419 1883 3111
5312 2796 2516 2018 3294
4983 2565 2418 1872 3111
5172 2753 2419 2018 3154
5208 2827 2381 2048 3160
4915 2619 2296 1937 2978
4942 2612 2330 1958 2984
5361 2830 2531 2080 3281
5236 2771 2465 2030 3206
4824 2573 2251 1904 2920
5306 2793 2513 2118 3188
5099 2669 2430 1962 3137
4946 2614 2332 1895 3051
5481 2871 2610 2082 3399
5326 2779 2547 2041 3285
5494 2926 2568 2197 3297
4944 2619 2325 1926 3018
4895 2602 2293 1926 2969
4763 2507 2256 1863 2900
5369 2804 2565 2089 3280
4704 2501 2203 1820 2884
5181 2708 2473 2011 3170
5076 2658 2418 1966 3110
5255 2743 2512 1999 3256
4985 2616 2369 1885 3100
4969 2668 2301 1962 3007
5031 2592 2439 1872 3159
4676 2465 2211 1843 2833
4819 2528 2291 1885 2934
5200 2740 2460 2017 3183
4849 2539 2310 1870 2979
5144 2670 2474 1958 3186
5353 2863 2490 2123 3230
5040 2653 2387 1979 3061
5152 2774 2378 2039 3113
5282 2783 2499 2031 3251
4757 2540 2217 1875 2882
4802 2497 2305 1830 2972
4693 2492 2201 1816 2877
5182 2741 2441 2043 3139
5268 2751 2517 2033 3235
5047 2665 2382 1968 3079
5378 2812 2566 2072 3306
5240 2748 2492 2016 3224
4979 2599 2380 1921 3058
5428 2850 2578 2105 3323
4886 2517 2369 1839 3047
4913 2538 2375 1876 3037
5074 2600 2474 1921 3153
5079 2707 2372 2001 3078
4865 2595 2270 1954 2911
5045 2608 2437 1970 3075
5078 2643 2435 1980 3098
5190 2752 2438 2029 3161
5255 2692 2563 1987 3268
5359 2866 2493 2094 3265
4935 2549 2386 1864 3071
5267 2747 2520 2022 3245
5197 2697 2500 1991 3206
5202 2703 2499 2015 3187
5012 2562 2450 1902 3110
4995 2543 2452 1855 3140
5168 2753 2415 2025 3143
5522 2850 2672 2082 3440
4969 2577 2392 1916 3053
5151 2669 2482 1988 3163
5241 2782 2459 2047 3194
4825 2605 2220 1947 2878
4994 2609 2385 1977 3017
4990 2616 2374 1921 3069
5274 2704 2570 1957 3317
4931 2633 2298 1943 2988
4935 2629 2306 1947 2988
4772 2525 2247 1844 2928
4925 2587 2338 1910 3015
4670 2432 2238 1802 2868
5153 2690 2463 1996 3157
5221 2701 2520 1989 3232
5362 2790 2572 2035 3327
5194 2704 2490 2043 3151
5000 2577 2423 1862 3138
5263 2757 2506 2055 3208
4906 2578 2328 1908 2998
5572 2976 2596 2170 3402
5172 2719 2453 2025 3147
4835 2579 2256 1880 2955
5028 2699 2329 1942 3086
5590 2868 2722 2105 3485
5029 2685 2344 1976 3053
4694 2454 2240 1820 2874
4853 2529 2324 1897 2956
4909 2580 2329 1897 3012
4947 2614 2333 1875 3072
5260 2780 2480 2062 3198
4927 2595 2332 1887 3040
5000 2616 2384 1951 3049
4949 2644 2305 1943 3006
5147 2742 2405 1997 3150
5616 2918 2698 2188 3428
5057 2651 2406 1995 3062
5120 2661 2459 1959 3161
5276 2743 2533 2034 3242
4559 2462 2097 1819 2740
5137 2750 2387 2040 3097
4981 2611 2370 1908 3073
4832 2489 2343 1840 2992
5376 2828 2548 2061 3315
4961 2585 2376 1870 3091
5271 2841 2430 2082 3189
4934 2634 2300 1939 2995
5012 2636 2376 1968 3044
4948 2617 2331 1925 3023
5126 2644 2482 1954 3172
5111 2573 2538 1937 3174
5241 2738 2503 2053 3188
4766 2541 2225 1824 2942
5120 2700 2420 1950 3170
5039 2619 2420 1896 3143
5588 2964 2624 2197 3391
5244 2715 2529 2005 3239
5887 3089 2798 2314 3573
5425 2865 2560 2081 3344
5522 2881 2641 2123 3399
5284 2759 2525 2030 3254
5171 2686 2485 1989 3182
5099 2663 2436 1934 3165
5346 2786 2560 2105 3241
5019 2709 2310 2011 3008
5809 3024 2785 2246 3563
4782 2573 2209 1901 2881
5014 2683 2331 2009 3005
5069 2693 2376 1988 3081
5157 2741 2416 2040 3117
5440 2863 2577 2098 3342
4781 2486 2295 1790 2991
4655 2398 2257 1761 2894
5328 2835 2493 2106 3222
4874 2580 2294 1869 3005
5152 2724 2428 2010 3142
5346 2813 2533 2012 3334
5338 2793 2545 2060 3278
5241 2733 2508 2048 3193
4948 2674 2274 2010 2938
5264 2803 2461 2097 3167
5453 2946 2507 2188 3265
5057 2686 2371 1997 3060
5092 2649 2443 1980 3112
5269 2776 2493 2072 3197
5270 2756 2514 2011 3259
5411 2910 2501 2167 3244
5086 2717 2369 1997 3089
5149 2711 2438 2013 3136
4745 2485 2260 1842 2903
5985 3121 2864 2269 3716
5413 2743 2670 2027 3386
5417 2905 2512 2102 3315
4972 2560 2412 1876 3096
4975 2631 2344 1925 3050
4884 2586 2298 1924 2960
5416 2899 2517 2147 3269
5027 2663 2364 1947 3080
5202 2705 2497 1977 3225
4754 2482 2272 1824 2930
5130 2694 2436 2035 3095
5334 2827 2507 2092 3242
4697 2493 2204 1841 2856
5157 2653 2504 1947 3210
5230 2737 2493 2035 3195
5090 2672 2418 1989 3101
5091 2665 2426 1936 3155
5103 2625 2478 1953 3150
5173 2649 2524 1918 3255
5657 3033 2624 2227 3430
4976 2612 2364 1949 3027
5262 2755 2507 2001 3261
5445 2887 2558 2136 3309
5031 2661 2370 1928 3103
5382 2812 2570 2094 3288
5180 2726 2454 2013 3167
5374 2798 2576 2044 3330
5233 2761 2472 2004 3229
5430 2866 2564 2106 3324
5370 2821 2549 2126 3244
5185 2678 2507 1976 3209
5078 2666 2412 1967 3111
5895 3055 2840 2253 3642
4942 2632 2310 1938 3004
5171 2696 2475 1994 3177
5055 2651 2404 1931 3124
5097 2633 2464 1953 3144
5019 2647 2372 1902 3117
4893 2548 2345 1832 3061
4784 2517 2267 1872 2912
5716 2972 2744 2150 3566
4941 2644 2297 1925 3016
5485 2927 2558 2150 3335
5122 2628 2494 1918 3204
5133 2748 2385 2009 3124
5302 2772 2530 2056 3246
5457 2823 2634 2087 3370
4868 2512 2356 1821 3047
4901 2553 2348 1870 3031
5321 2798 2523 2071 3250
5169 2735 2434 1997 3172
5400 2793 2607 2040 3360
5002 2655 2347 1963 3039
5010 2636 2374 1947 3063
5356 2804 2552 2091 3265
4868 2597 2271 1948 2920
5170 2693 2477 2013 3157
4704 2470 2234 1852 2852
5140 2718 2422 1974 3166
5384 2831 2553 2086 3298
5145 2685 2460 1999 3146
5130 2680 2450 1992 3138
5186 2703 2483 2027 3159
4748 2455 2293 1778 2970
4757 2514 2243 1858 2899
5392 2867 2525 2139 3253
4942 2577 2365 1896 3046
5160 2799 2361 2055 3105
4809 2581 2228 1900 2909
4979 2586 2393 1873 3106
5078 2721 2357 2011 3067
5103 2654 2449 1968 3135
5224 2773 2451 2036 3188
5182 2698 2484 1958 3224
5247 2772 2475 2074 3173
5227 2726 2501 2003 3224
5107 2706 2401 1972 3135
5405 2856 2549 2068 3337
5695 2972 2723 2184 3511
4995 2607 2388 1905 3090
4998 2633 2365 1900 3098
4985 2578 2407 1845 3140
5194 2770 2424 2009 3185
4855 2520 2335 1827 3028
5506 2895 2611 2139 3367
5371 2781 2590 2004 3367
5525 2849 2676 2107 3418
5236 2801 2435 2081 3155
5263 2761 2502 1999 3264
5022 2629 2393 1908 3114
5265 2704 2561 1989 3276
5084 2673 2411 1981 3103
4918 2589 2329 1923 2995
5130 2691 2439 2008 3122
5457 2896 2561 2146 3311
5106 2647 2459 1951 3155
5622 2948 2674 2155 3467
5198 2684 2514 1998 3200
5293 2817 2476 2088 3205
5141 2710 2431 1999 3142
5091 2687 2404 1973 3118
5452 2911 2541 2132 3320
5201 2764 2437 2014 3187
5312 2749 2563 2059 3253
4928 2581 2347 1939 2989
5205 2789 2416 2093 3112
4619 2415 2204 1809 2810
5591 2840 2751 2109 3482
4831 2492 2339 1851 2980
4978 2638 2340 1901 3077
4905 2551 2354 1851 3054
5114 2705 2409 1991 3123
5002 2571 2431 1867 3135
5109 2684 2425 1976 3133
5169 2749 2420 2042 3127
5119 2682 2437 1977 3142
5135 2666 2469 2019 3116
5264 2766 2498 2031 3233
5225 2767 2458 2041 3184
5150 2730 2420 1996 3154
4946 2565 2381 1890 3056
5398 2871 2527 2090 3308
5212 2741 2471 2018 3194
5235 2744 2491 1988 3247
5363 2789 2574 2078 3285
5160 2755 2405 2031 3129
5280 2860 2420 2111 3169
5291 2768 2523 2063 3228
5080 2662 2418 1933 3147
4887 2549 2338 1873 3014
5294 2793 2501 2072 3222
5509 2868 2641 2089 3420
5564 2860 2704 2107 3457
4962 2585 2377 1889 3073
5241 2757 2484 2020 3221
5267 2801 2466 2033 3234
5098 2649 2449 1951 3147
5282 2841 2441 2120 3162
5464 2875 2589 2104 3360
5047 2677 2370 1941 3106
5420 2835 2585 2105 3315
4957 2650 2307 1993 2964
5152 2751 2401 2031 3121
5188 2779 2409 2049 3139
5237 2766 2471 2063 3174
5389 2763 2626 2028 3361
5908 3108 2800 2329 3579
5171 2685 2486 1996 3175
4881 2580 2301 1878 3003
5453 2849 2604 2058 3395
5112 2643 2469 1985 3127
5059 2700 2359 2037 3022
4751 2490 2261 1827 2924
5478 2928 2550 2097 3381
4925 2590 2335 1886 3039
5159 2697 2462 1995 3164
4662 2353 2309 1701 2961
5066 2644 2422 1947 3119
4995 2660 2335 1970 3025
5392 2795 2597 2080 3312
4965 2657 2308 1960 3005
5198 2709 2489 1964 3234
5320 2770 2550 2032 3288
5095 2753 2342 2031 3064
5316 2756 2560 2059 3257
5175 2710 2465 2023 3152
5286 2713 2573 2033 3253
5089 2688 2401 1957 3132
5065 2677 2388 1977 3088
5381 2875 2506 2097 3284
5081 2675 2406 1959 3122
5412 2928 2484 2156 3256
5320 2797 2523 2051 3269
5202 2718 2484 1987 3215
5178 2685 2493 1982 3196
5121 2716 2405 2008 3113
4930 2539 2391 1853 3077
5388 2816 2572 2113 3275
5680 2946 2734 2156 3524
5425 2814 2611 2074 3351
5088 2662 2426 1976 3112
4794 2539 2255 1858 2936
5484 2864 2620 2147 3337
5093 2670 2423 1976 3117
5221 2764 2457 2021 3200
5513 2904 2609 2164 3349
5049 2634 2415 1954 3095
4815 2561 2254 1892 2923
5821 2976 2845 2187 3634
5173 2701 2472 1945 3228
4917 2613 2304 1937 2980
5373 2838 2535 2092 3281
5526 2908 2618 2080 3446
5675 2945 2730 2152 3523
5248 2795 2453 2122 3126
5466 2896 2570 2162 3304
5168 2700 2468 2012 3156
5180 2692 2488 1956 3224
5023 2665 2358 1958 3065
5231 2725 2506 2026 3205
4976 2597 2379 1903 3073
5055 2656 2399 1970 3085
5168 2773 2395 2047 3121
5309 2774 2535 2057 3252
5220 2804 2416 2061 3159
4865 2564 2301 1881 2984
5231 2714 2517 2030 3201
5111 2646 2465 1989 3122
5408 2914 2494 2128 3280
5044 2705 2339 1994 3050
5157 2694 2463 1991 3166
5717 3052 2665 2212 3505
5102 2671 2431 1988 3114
5220 2765 2455 2021 3199
5353 2775 2578 2034 3319
5120 2707 2413 1980 3140
5017 2569 2448 1852 3165
5313 2780 2533 2029 3284
5173 2745 2428 2015 3158
5291 2696 2595 1991 3300
5111 2673 2438 1949 3162
5314 2779 2535 2068 3246
5299 2810 2489 2078 3221
5589 2984 2605 2219 3370
5049 2638 2411 1920 3129
5099 2684 2415 1955 3144
5487 2896 2591 2125 3362
5073 2672 2401 1936 3137
5092 2628 2464 1939 3153
4889 2567 2322 1912 2977
5358 2847 2511 2083 3275
5161 2758 2403 2028 3133
4982 2625 2357 1897 3085
4950 2570 2380 1906 3044
5541 2862 2679 2100 3441
5330 2814 2516 2082 3248
5197 2748 2449 2028 3169
4808 2529 2279 1844 2964
5100 2691 2409 1974 3126
