5578 2594 2984 1389 4189
5442 2461 2981 1225 4217
5595 2533 3062 1323 4272
5448 2423 3025 1215 4233
5562 2485 3077 1283 4279
5466 2394 3072 1215 4251
5536 2481 3055 1271 4265
5408 2393 3015 1230 4178
5419 2376 3043 1248 4171
5330 2415 2915 1237 4093
5340 2368 2972 1234 4106
5430 2456 2974 1266 4164
5718 2542 3176 1309 4409
5811 2659 3152 1390 4421
5383 2386 2997 1239 4144
5519 2554 2965 1280 4239
5451 2495 2956 1262 4189
5300 2368 2932 1213 4087
5633 2522 3111 1374 4259
5333 2403 2930 1197 4136
5221 2379 2842 1211 4010
5519 2492 3027 1319 4200
5610 2518 3092 1288 4322
5044 2316 2728 1205 3839
5579 2458 3121 1271 4308
5613 2532 3081 1283 4330
5790 2570 3220 1295 4495
5136 2340 2796 1211 3925
5131 2295 2836 1165 3966
5626 2515 3111 1294 4332
5698 2557 3141 1297 4401
5684 2616 3068 1333 4351
5319 2392 2927 1196 4123
5425 2442 2983 1275 4150
5316 2335 2981 1194 4122
5799 2597 3202 1376 4423
5393 2392 3001 1232 4161
5256 2397 2859 1221 4035
4981 2239 2742 1134 3847
5139 2322 2817 1205 3934
5323 2411 2912 1293 4030
5399 2389 3010 1183 4216
5277 2432 2845 1240 4037
5590 2503 3087 1256 4334
5355 2363 2992 1207 4148
5853 2627 3226 1382 4471
5252 2378 2874 1250 4002
5545 2532 3013 1280 4265
5453 2455 2998 1348 4105
5520 2538 2982 1305 4215
5255 2330 2925 1192 4063
5195 2376 2819 1247 3948
5207 2294 2913 1174 4033
5686 2579 3107 1337 4349
5468 2521 2947 1302 4166
5366 2439 2927 1213 4153
5033 2289 2744 1178 3855
5456 2417 3039 1224 4232
5177 2301 2876 1150 4027
5285 2347 2938 1168 4117
5099 2289 2810 1153 3946
5120 2252 2868 1157 3963
5301 2446 2855 1282 4019
5269 2376 2893 1230 4039
5135 2306 2829 1210 3925
4837 2161 2676 1108 3729
5119 2279 2840 1182 3937
5166 2398 2768 1184 3982
4846 2234 2612 1157 3689
5491 2460 3031 1251 4240
5221 2354 2867 1165 4056
4685 2134 2551 1083 3602
4924 2183 2741 1155 3769
5166 2254 2912 1169 3997
5114 2310 2804 1217 3897
5493 2513 2980 1300 4193
4966 2228 2738 1139 3827
4872 2218 2654 1120 3752
5029 2246 2783 1158 3871
4847 2208 2639 1138 3709
4809 2185 2624 1096 3713
4931 2274 2657 1194 3737
4973 2183 2790 1146 3827
5008 2266 2742 1210 3798
5155 2279 2876 1176 3979
5478 2512 2966 1269 4209
5222 2273 2949 1198 4024
4961 2201 2760 1167 3794
5420 2418 3002 1279 4141
5381 2405 2976 1268 4113
5076 2318 2758 1196 3880
5177 2298 2879 1116 4061
5075 2348 2727 1213 3862
5253 2313 2940 1216 4037
5151 2327 2824 1163 3988
5015 2285 2730 1140 3875
5041 2245 2796 1170 3871
5185 2378 2807 1234 3951
4951 2203 2748 1124 3827
5324 2459 2865 1286 4038
4974 2219 2755 1093 3881
4925 2217 2708 1150 3775
4876 2188 2688 1130 3746
5090 2262 2828 1182 3908
5633 2473 3160 1243 4390
4856 2182 2674 1119 3737
5134 2338 2796 1194 3940
4780 2139 2641 1083 3697
5161 2345 2816 1212 3949
4994 2217 2777 1120 3874
5369 2398 2971 1228 4141
5113 2295 2818 1182 3931
5288 2416 2872 1213 4075
5018 2277 2741 1208 3810
5518 2485 3033 1322 4196
5431 2479 2952 1264 4167
5081 2321 2760 1176 3905
5376 2448 2928 1246 4130
4724 2102 2622 1076 3648
5071 2279 2792 1176 3895
4931 2221 2710 1148 3783
4915 2201 2714 1147 3768
4899 2273 2626 1171 3728
5107 2309 2798 1171 3936
4982 2272 2710 1168 3814
4767 2148 2619 1080 3687
5056 2278 2778 1177 3879
5229 2395 2834 1256 3973
5449 2467 2982 1257 4192
5343 2463 2880 1268 4075
5158 2285 2873 1168 3990
5612 2538 3074 1280 4332
5231 2348 2883 1177 4054
5079 2359 2720 1181 3898
5324 2424 2900 1292 4032
5066 2247 2819 1136 3930
4980 2221 2759 1169 3811
5241 2413 2828 1253 3988
5271 2357 2914 1225 4046
5209 2401 2808 1282 3927
5046 2228 2818 1186 3860
4935 2239 2696 1157 3778
5208 2352 2856 1180 4028
5020 2197 2823 1167 3853
4963 2249 2714 1172 3791
5449 2477 2972 1256 4193
5082 2190 2892 1131 3951
5101 2273 2828 1141 3960
5368 2347 3021 1227 4141
5398 2419 2979 1275 4123
5538 2529 3009 1318 4220
5630 2523 3107 1339 4291
5580 2560 3020 1332 4248
4948 2226 2722 1104 3844
5483 2445 3038 1218 4265
5393 2481 2912 1321 4072
5562 2553 3009 1285 4277
5819 2617 3202 1305 4514
5704 2543 3161 1312 4392
5538 2443 3095 1264 4274
5517 2536 2981 1308 4209
5667 2587 3080 1345 4322
5529 2429 3100 1251 4278
5479 2433 3046 1258 4221
5807 2609 3198 1407 4400
4794 2125 2669 1099 3695
5452 2474 2978 1275 4177
5353 2433 2920 1272 4081
5531 2515 3016 1243 4288
4828 2163 2665 1110 3718
5733 2597 3136 1300 4433
5652 2542 3110 1324 4328
5836 2644 3192 1349 4487
5237 2402 2835 1237 4000
5111 2273 2838 1174 3937
5785 2676 3109 1382 4403
5384 2402 2982 1268 4116
5484 2496 2988 1261 4223
5414 2487 2927 1351 4063
5722 2568 3154 1399 4323
5795 2674 3121 1358 4437
4666 2070 2596 1053 3613
5504 2526 2978 1290 4214
5533 2476 3057 1306 4227
5123 2310 2813 1211 3912
5336 2350 2986 1205 4131
5145 2344 2801 1205 3940
5517 2465 3052 1293 4224
5064 2299 2765 1195 3869
4959 2282 2677 1184 3775
5855 2682 3173 1332 4523
5335 2293 3042 1192 4143
5415 2480 2935 1263 4152
4940 2214 2726 1136 3804
5043 2320 2723 1189 3854
5103 2272 2831 1167 3936
5167 2340 2827 1191 3976
5366 2352 3014 1179 4187
5005 2217 2788 1121 3884
5349 2452 2897 1255 4094
5891 2585 3306 1348 4543
5123 2242 2881 1158 3965
5630 2526 3104 1269 4361
5565 2539 3026 1277 4288
5616 2524 3092 1359 4257
5154 2297 2857 1184 3970
5389 2375 3014 1248 4141
5562 2488 3074 1269 4293
4829 2109 2720 1081 3748
5005 2204 2801 1175 3830
5022 2256 2766 1140 3882
5496 2450 3046 1297 4199
5633 2525 3108 1289 4344
5403 2483 2920 1245 4158
5295 2402 2893 1237 4058
5367 2359 3008 1234 4133
5037 2347 2690 1237 3800
4992 2301 2691 1146 3846
5242 2383 2859 1168 4074
5511 2481 3030 1332 4179
5287 2408 2879 1244 4043
5017 2240 2777 1151 3866
5063 2242 2821 1112 3951
5499 2415 3084 1168 4331
5345 2371 2974 1223 4122
5186 2287 2899 1205 3981
5273 2452 2821 1232 4041
5382 2352 3030 1265 4117
5441 2431 3010 1305 4136
5180 2261 2919 1164 4016
5121 2321 2800 1231 3890
4714 2140 2574 1112 3602
5082 2300 2782 1156 3926
5167 2222 2945 1162 4005
5566 2534 3032 1294 4272
5169 2262 2907 1158 4011
5435 2436 2999 1257 4178
4910 2277 2633 1178 3732
5708 2584 3124 1341 4367
5857 2604 3253 1327 4530
5592 2503 3089 1289 4303
5012 2304 2708 1207 3805
4998 2258 2740 1172 3826
5397 2445 2952 1272 4125
5376 2395 2981 1206 4170
4932 2277 2655 1177 3755
5392 2426 2966 1232 4160
5370 2383 2987 1260 4110
5166 2270 2896 1166 4000
4873 2263 2610 1197 3676
5214 2387 2827 1208 4006
5211 2365 2846 1236 3975
5180 2290 2890 1154 4026
5061 2346 2715 1173 3888
5242 2320 2922 1240 4002
4780 2147 2633 1104 3676
5322 2403 2919 1260 4062
5184 2315 2869 1193 3991
5232 2350 2882 1206 4026
5290 2348 2942 1202 4088
5001 2229 2772 1173 3828
5311 2436 2875 1197 4114
5126 2311 2815 1176 3950
5340 2400 2940 1256 4084
5124 2239 2885 1151 3973
5070 2246 2824 1157 3913
5324 2381 2943 1239 4085
5280 2291 2989 1198 4082
5598 2512 3086 1308 4290
5150 2351 2799 1198 3952
5032 2251 2781 1180 3852
5175 2285 2890 1164 4011
5219 2325 2894 1253 3966
4939 2249 2690 1154 3785
5381 2443 2938 1246 4135
5351 2388 2963 1268 4083
5395 2420 2975 1268 4127
5159 2283 2876 1193 3966
5110 2322 2788 1181 3929
5503 2435 3068 1268 4235
5551 2499 3052 1236 4315
5373 2425 2948 1269 4104
5512 2488 3024 1239 4273
5475 2374 3101 1183 4292
5154 2327 2827 1197 3957
5276 2419 2857 1219 4057
5755 2626 3129 1412 4343
5379 2376 3003 1231 4148
5245 2310 2935 1204 4041
4786 2188 2598 1135 3651
5397 2415 2982 1226 4171
5654 2566 3088 1329 4325
5132 2295 2837 1230 3902
5155 2338 2817 1226 3929
5333 2378 2955 1204 4129
5336 2446 2890 1217 4119
5416 2430 2986 1255 4161
5006 2319 2687 1196 3810
5101 2270 2831 1190 3911
5316 2409 2907 1264 4052
5331 2402 2929 1235 4096
5131 2324 2807 1226 3905
5193 2429 2764 1283 3910
5305 2381 2924 1219 4086
5642 2527 3115 1278 4364
5025 2230 2795 1182 3843
4945 2256 2689 1168 3777
5200 2291 2909 1205 3995
5339 2397 2942 1222 4117
5320 2306 3014 1153 4167
5159 2396 2763 1264 3895
4827 2136 2691 1118 3709
5726 2623 3103 1380 4346
5345 2420 2925 1229 4116
4906 2164 2742 1099 3807
4535 2112 2423 1085 3450
5057 2258 2799 1128 3929
5250 2349 2901 1180 4070
5446 2433 3013 1267 4179
4837 2207 2630 1160 3677
5086 2305 2781 1164 3922
5425 2432 2993 1245 4180
5162 2285 2877 1134 4028
5206 2330 2876 1216 3990
5063 2337 2726 1183 3880
5103 2276 2827 1165 3938
5105 2285 2820 1180 3925
5248 2361 2887 1240 4008
4922 2193 2729 1099 3823
5321 2368 2953 1231 4090
4983 2216 2767 1157 3826
5302 2366 2936 1202 4100
5042 2246 2796 1154 3888
5306 2501 2805 1256 4050
5043 2265 2778 1177 3866
5561 2475 3086 1296 4265
5242 2343 2899 1204 4038
4957 2269 2688 1166 3791
5158 2337 2821 1205 3953
4815 2163 2652 1125 3690
5112 2295 2817 1187 3925
5259 2368 2891 1195 4064
5386 2392 2994 1255 4131
4930 2247 2683 1144 3786
5235 2396 2839 1233 4002
5474 2458 3016 1261 4213
5298 2386 2912 1194 4104
5563 2492 3071 1337 4226
5098 2310 2788 1222 3876
4838 2186 2652 1093 3745
5156 2337 2819 1202 3954
5350 2434 2916 1287 4063
5015 2246 2769 1199 3816
5428 2388 3040 1259 4169
4982 2239 2743 1111 3871
5297 2377 2920 1206 4091
5419 2529 2890 1338 4081
5076 2232 2844 1182 3894
5045 2186 2859 1097 3948
5403 2419 2984 1240 4163
4956 2256 2700 1194 3762
5140 2288 2852 1137 4003
5014 2271 2743 1177 3837
5433 2473 2960 1247 4186
5129 2329 2800 1206 3923
5319 2383 2936 1240 4079
5404 2465 2939 1287 4117
5280 2362 2918 1232 4048
5600 2637 2963 1358 4242
5272 2396 2876 1244 4028
5465 2486 2979 1253 4212
4659 2076 2583 1067 3592
5002 2197 2805 1122 3880
5337 2410 2927 1217 4120
4756 2208 2548 1146 3610
5279 2393 2886 1240 4039
5045 2302 2743 1169 3876
4917 2205 2712 1111 3806
4867 2177 2690 1178 3689
5144 2346 2798 1191 3953
4885 2162 2723 1127 3758
5329 2447 2882 1218 4111
5088 2284 2804 1184 3904
5029 2238 2791 1131 3898
4994 2238 2756 1178 3816
5226 2333 2893 1183 4043
5267 2412 2855 1242 4025
5246 2345 2901 1225 4021
5162 2360 2802 1230 3932
4995 2217 2778 1168 3827
5076 2298 2778 1186 3890
4926 2231 2695 1166 3760
5277 2386 2891 1230 4047
4950 2276 2674 1161 3789
4951 2190 2761 1158 3793
5203 2283 2920 1176 4027
5567 2489 3078 1269 4298
5266 2357 2909 1237 4029
5557 2439 3118 1262 4295
5518 2429 3089 1212 4306
5307 2394 2913 1209 4098
5165 2350 2815 1195 3970
5147 2342 2805 1194 3953
5298 2286 3012 1192 4106
5089 2261 2828 1152 3937
4762 2107 2655 1080 3682
5364 2379 2985 1213 4151
4887 2220 2667 1157 3730
5358 2419 2939 1249 4109
5231 2338 2893 1198 4033
5357 2345 3012 1187 4170
5041 2238 2803 1165 3876
5247 2353 2894 1211 4036
5483 2481 3002 1260 4223
4949 2226 2723 1158 3791
5128 2269 2859 1197 3931
5310 2419 2891 1235 4075
4860 2129 2731 1077 3783
5293 2415 2878 1237 4056
4988 2226 2762 1196 3792
5261 2410 2851 1250 4011
5319 2367 2952 1248 4071
5064 2289 2775 1157 3907
4901 2195 2706 1146 3755
4975 2220 2755 1163 3812
4852 2219 2633 1145 3707
5354 2363 2991 1207 4147
5503 2470 3033 1265 4238
5281 2342 2939 1168 4113
5095 2253 2842 1147 3948
5022 2276 2746 1188 3834
5000 2210 2790 1143 3857
4836 2211 2625 1147 3689
5018 2296 2722 1213 3805
4974 2165 2809 1143 3831
5428 2438 2990 1269 4159
5007 2216 2791 1143 3864
4820 2166 2654 1103 3717
5147 2335 2812 1231 3916
5302 2392 2910 1213 4089
5277 2385 2892 1183 4094
5545 2546 2999 1289 4256
4972 2259 2713 1171 3801
5350 2370 2980 1215 4135
4886 2224 2662 1113 3773
5343 2439 2904 1241 4102
4823 2180 2643 1150 3673
5266 2379 2887 1235 4031
5139 2313 2826 1180 3959
5183 2317 2866 1190 3993
4990 2270 2720 1169 3821
5199 2398 2801 1279 3920
5214 2399 2815 1249 3965
5165 2310 2855 1175 3990
5644 2454 3190 1291 4353
5101 2350 2751 1191 3910
5876 2651 3225 1347 4529
4958 2262 2696 1122 3836
5192 2390 2802 1214 3978
4439 1993 2446 988 3451
5146 2267 2879 1178 3968
5172 2325 2847 1202 3970
5199 2316 2883 1203 3996
5243 2312 2931 1222 4021
5056 2268 2788 1156 3900
5292 2342 2950 1191 4101
4911 2217 2694 1149 3762
5554 2480 3074 1283 4271
5148 2318 2830 1225 3923
4955 2246 2709 1120 3835
5199 2356 2843 1212 3987
5268 2379 2889 1273 3995
5039 2234 2805 1137 3902
5342 2468 2874 1268 4074
4745 2137 2608 1074 3671
4663 2088 2575 1068 3595
5088 2269 2819 1220 3868
4774 2159 2615 1101 3673
5007 2248 2759 1136 3871
5146 2315 2831 1208 3938
5129 2346 2783 1235 3894
5303 2403 2900 1247 4056
5453 2468 2985 1254 4199
5086 2391 2695 1228 3858
5176 2416 2760 1290 3886
5347 2436 2911 1264 4083
5139 2330 2809 1214 3925
5065 2283 2782 1201 3864
4848 2162 2686 1120 3728
5270 2370 2900 1206 4064
5067 2268 2799 1168 3899
5041 2272 2769 1167 3874
4860 2194 2666 1108 3752
5484 2473 3011 1287 4197
5153 2334 2819 1218 3935
5391 2444 2947 1269 4122
5303 2392 2911 1294 4009
4621 2072 2549 1070 3551
5063 2263 2800 1169 3894
5206 2331 2875 1195 4011
5788 2622 3166 1371 4417
5180 2332 2848 1211 3969
4638 2123 2515 1107 3531
4928 2226 2702 1166 3762
4999 2274 2725 1166 3833
5005 2278 2727 1171 3834
5223 2399 2824 1238 3985
5117 2317 2800 1141 3976
5068 2297 2771 1161 3907
5182 2310 2872 1222 3960
4951 2278 2673 1167 3784
5440 2408 3032 1219 4221
4822 2215 2607 1135 3687
4832 2170 2662 1118 3714
5632 2525 3107 1308 4324
5208 2339 2869 1203 4005
4971 2233 2738 1153 3818
5088 2283 2805 1152 3936
5201 2278 2923 1148 4053
5443 2440 3003 1236 4207
5529 2507 3022 1276 4253
5429 2484 2945 1290 4139
5711 2565 3146 1340 4371
5373 2438 2935 1270 4103
5349 2435 2914 1246 4103
4928 2166 2762 1144 3784
5287 2294 2993 1158 4129
5181 2334 2847 1246 3935
5262 2338 2924 1195 4067
5306 2441 2865 1266 4040
5388 2380 3008 1221 4167
5294 2287 3007 1134 4160
5186 2292 2894 1181 4005
5122 2319 2803 1218 3904
5086 2268 2818 1179 3907
4801 2211 2590 1117 3684
5058 2307 2751 1166 3892
4832 2187 2645 1152 3680
5121 2266 2855 1137 3984
4962 2241 2721 1178 3784
5040 2260 2780 1141 3899
4740 2119 2621 1114 3626
5121 2272 2849 1156 3965
5280 2371 2909 1224 4056
5001 2272 2729 1225 3776
5257 2373 2884 1175 4082
5110 2289 2821 1192 3918
5556 2548 3008 1313 4243
4997 2219 2778 1132 3865
5351 2346 3005 1189 4162
5120 2290 2830 1188 3932
5134 2252 2882 1192 3942
4884 2187 2697 1113 3771
5094 2280 2814 1160 3934
5143 2308 2835 1212 3931
4852 2166 2686 1125 3727
5321 2415 2906 1273 4048
5286 2330 2956 1212 4074
5158 2375 2783 1243 3915
5071 2300 2771 1235 3836
5297 2388 2909 1258 4039
5265 2351 2914 1261 4004
5102 2307 2795 1160 3942
4985 2254 2731 1195 3790
4985 2220 2765 1157 3828
5558 2488 3070 1294 4264
5298 2375 2923 1221 4077
5012 2278 2734 1225 3787
5381 2454 2927 1259 4122
5184 2358 2826 1200 3984
4944 2148 2796 1135 3809
5111 2306 2805 1165 3946
4921 2229 2692 1132 3789
4984 2248 2736 1168 3816
5250 2419 2831 1256 3994
5305 2385 2920 1164 4141
5387 2420 2967 1257 4130
5010 2248 2762 1204 3806
5169 2306 2863 1189 3980
5228 2298 2930 1150 4078
5155 2302 2853 1110 4045
5370 2352 3018 1201 4169
4793 2113 2680 1031 3762
4840 2141 2699 1111 3729
5042 2306 2736 1149 3893
5481 2466 3015 1304 4177
5222 2412 2810 1206 4016
4941 2152 2789 1085 3856
5135 2293 2842 1161 3974
5243 2396 2847 1280 3963
5172 2320 2852 1222 3950
5590 2482 3108 1284 4306
5435 2407 3028 1262 4173
5198 2318 2880 1200 3998
5437 2405 3032 1226 4211
5353 2443 2910 1273 4080
5204 2322 2882 1191 4013
5085 2283 2802 1160 3925
5270 2369 2901 1219 4051
5088 2294 2794 1153 3935
5271 2386 2885 1267 4004
5435 2466 2969 1276 4159
5214 2389 2825 1234 3980
5193 2350 2843 1216 3977
5584 2519 3065 1318 4266
5412 2425 2987 1261 4151
5051 2208 2843 1127 3924
5024 2232 2792 1149 3875
4994 2265 2729 1157 3837
5312 2383 2929 1228 4084
4983 2237 2746 1177 3806
5172 2291 2881 1163 4009
5208 2360 2848 1180 4028
4915 2191 2724 1146 3769
4942 2221 2721 1124 3818
5361 2361 3000 1216 4145
5236 2356 2880 1197 4039
4824 2116 2708 1111 3713
5306 2377 2929 1241 4065
5099 2271 2828 1162 3937
4946 2238 2708 1142 3804
5481 2471 3010 1291 4190
5326 2379 2947 1255 4071
5494 2460 3034 1241 4253
4944 2246 2698 1164 3780
4895 2277 2618 1178 3717
4763 2133 2630 1085 3678
5369 2428 2941 1217 4152
4704 2077 2627 1080 3624
5181 2359 2822 1213 3968
5076 2289 2787 1175 3901
5255 2354 2901 1233 4022
4985 2202 2783 1120 3865
4969 2258 2711 1212 3757
5031 2191 2840 1106 3925
4676 2090 2586 1088 3588
4819 2209 2610 1142 3677
5200 2313 2887 1216 3984
4849 2199 2650 1107 3742
5144 2243 2901 1159 3985
5353 2364 2989 1228 4125
5040 2297 2743 1222 3818
5152 2364 2788 1224 3928
5282 2378 2904 1217 4065
4757 2132 2625 1106 3651
4802 2161 2641 1137 3665
4693 2150 2543 1158 3535
5182 2327 2855 1236 3946
5268 2402 2866 1251 4017
5047 2297 2750 1174 3873
5378 2456 2922 1219 4159
5240 2370 2870 1243 3997
4979 2199 2780 1142 3837
5428 2480 2948 1294 4134
4886 2196 2690 1124 3762
4913 2208 2705 1128 3785
5074 2284 2790 1197 3877
5079 2254 2825 1147 3932
4865 2257 2608 1180 3685
5045 2318 2727 1206 3839
5078 2314 2764 1200 3878
5190 2336 2854 1215 3975
5255 2330 2925 1242 4013
5359 2408 2951 1259 4100
4935 2248 2687 1190 3745
5267 2405 2862 1216 4051
5197 2373 2824 1197 4000
5202 2326 2876 1189 4013
5012 2268 2744 1169 3843
4995 2313 2682 1160 3835
5168 2331 2837 1204 3964
5522 2448 3074 1249 4273
4969 2253 2716 1158 3811
5151 2263 2888 1186 3965
5241 2388 2853 1180 4061
4825 2187 2638 1164 3661
4994 2285 2709 1188 3806
4990 2244 2746 1185 3805
5274 2322 2952 1211 4063
4931 2251 2680 1159 3772
4935 2194 2741 1107 3828
4772 2133 2639 1089 3683
4925 2218 2707 1164 3761
4670 2101 2569 1099 3571
5153 2344 2809 1203 3950
5221 2338 2883 1196 4025
5362 2426 2936 1289 4073
5194 2373 2821 1273 3921
5000 2306 2694 1177 3823
5263 2313 2950 1193 4070
4906 2227 2679 1166 3740
5572 2493 3079 1282 4290
5172 2352 2820 1214 3958
4835 2202 2633 1121 3714
5028 2272 2756 1192 3836
5590 2506 3084 1257 4333
5029 2257 2772 1163 3866
4694 2089 2605 1072 3622
4853 2179 2674 1139 3714
4909 2253 2656 1194 3715
4947 2249 2698 1129 3818
5260 2420 2840 1232 4028
4927 2183 2744 1166 3761
5000 2232 2768 1147 3853
4949 2192 2757 1119 3830
5147 2287 2860 1153 3994
5616 2493 3123 1297 4319
5057 2265 2792 1209 3848
5120 2331 2789 1197 3923
5276 2282 2994 1153 4123
4559 2027 2532 1075 3484
5137 2353 2784 1192 3945
4981 2234 2747 1159 3822
4832 2218 2614 1127 3705
5376 2433 2943 1240 4136
4961 2205 2756 1140 3821
5271 2331 2940 1184 4087
4934 2202 2732 1137 3797
5012 2237 2775 1141 3871
4948 2214 2734 1150 3798
5126 2293 2833 1179 3947
5111 2277 2834 1173 3938
5241 2382 2859 1210 4031
4766 2114 2652 1108 3658
5120 2292 2828 1214 3906
5039 2283 2756 1177 3862
5588 2488 3100 1284 4304
5244 2350 2894 1206 4038
5887 2672 3215 1337 4550
5425 2440 2985 1240 4185
5522 2398 3124 1213 4309
5284 2416 2868 1237 4047
5171 2332 2839 1203 3968
5099 2252 2847 1189 3910
5346 2412 2934 1240 4106
5019 2283 2736 1185 3834
5809 2609 3200 1321 4488
4782 2141 2641 1132 3650
5014 2275 2739 1195 3819
5069 2265 2804 1149 3920
5157 2294 2863 1176 3981
5440 2484 2956 1289 4151
4781 2160 2621 1135 3646
4655 2080 2575 1067 3588
5328 2424 2904 1252 4076
4874 2203 2671 1151 3723
5152 2310 2842 1194 3958
5346 2364 2982 1227 4119
5338 2361 2977 1191 4147
5241 2337 2904 1228 4013
4948 2220 2728 1151 3797
5264 2427 2837 1237 4027
5453 2469 2984 1272 4181
5057 2312 2745 1205 3852
5092 2285 2807 1151 3941
5269 2413 2856 1248 4021
5270 2386 2884 1236 4034
5411 2425 2986 1241 4170
5086 2300 2786 1180 3906
5149 2270 2879 1175 3974
4745 2157 2588 1113 3632
5985 2659 3326 1341 4644
5413 2463 2950 1243 4170
5417 2465 2952 1306 4111
4972 2213 2759 1126 3846
4975 2261 2714 1137 3838
4884 2111 2773 1061 3823
5416 2397 3019 1244 4172
5027 2229 2798 1156 3871
5202 2365 2837 1247 3955
4754 2131 2623 1086 3668
5130 2317 2813 1216 3914
5334 2388 2946 1204 4130
4697 2193 2504 1144 3553
5157 2367 2790 1220 3937
5230 2375 2855 1264 3966
5090 2320 2770 1173 3917
5091 2267 2824 1132 3959
5103 2281 2822 1182 3921
5173 2291 2882 1185 3988
5657 2484 3173 1269 4388
4976 2173 2803 1119 3857
5262 2406 2856 1233 4029
5445 2424 3021 1266 4179
5031 2214 2817 1093 3938
5382 2440 2942 1249 4133
5180 2325 2855 1173 4007
5374 2398 2976 1264 4110
5233 2272 2961 1157 4076
5430 2432 2998 1244 4186
5370 2429 2941 1290 4080
5185 2322 2863 1179 4006
5078 2278 2800 1191 3887
5895 2630 3265 1357 4538
4942 2185 2757 1107 3835
5171 2281 2890 1172 3999
5055 2275 2780 1160 3895
5097 2283 2814 1196 3901
5019 2325 2694 1228 3791
4893 2208 2685 1175 3718
4784 2152 2632 1115 3669
5716 2506 3210 1246 4470
4941 2168 2773 1120 3821
5485 2475 3010 1306 4179
5122 2330 2792 1182 3940
5133 2302 2831 1221 3912
5302 2409 2893 1263 4039
5457 2454 3003 1249 4208
4868 2126 2742 1072 3796
4901 2188 2713 1126 3775
5321 2407 2914 1226 4095
5169 2288 2881 1190 3979
5400 2480 2920 1254 4146
5002 2274 2728 1191 3811
5010 2242 2768 1130 3880
5356 2392 2964 1229 4127
4868 2215 2653 1108 3760
5170 2311 2859 1164 4006
4704 2149 2555 1101 3603
5140 2298 2842 1183 3957
5384 2398 2986 1216 4168
5145 2255 2890 1144 4001
5130 2315 2815 1217 3913
5186 2229 2957 1152 4034
4748 2141 2607 1090 3658
4757 2150 2607 1113 3644
5392 2404 2988 1210 4182
4942 2209 2733 1144 3798
5160 2388 2772 1239 3921
4809 2189 2620 1107 3702
4979 2261 2718 1174 3805
5078 2245 2833 1176 3902
5103 2320 2783 1222 3881
5224 2377 2847 1218 4006
5182 2342 2840 1173 4009
5247 2330 2917 1196 4051
5227 2349 2878 1250 3977
5107 2261 2846 1151 3956
5405 2398 3007 1238 4167
5695 2548 3147 1294 4401
4995 2242 2753 1197 3798
4998 2260 2738 1186 3812
4985 2166 2819 1152 3833
5194 2349 2845 1204 3990
4855 2218 2637 1108 3747
5506 2473 3033 1254 4252
5371 2464 2907 1295 4076
5525 2549 2976 1312 4213
5236 2353 2883 1191 4045
5263 2304 2959 1170 4093
5022 2308 2714 1198 3824
5265 2379 2886 1186 4079
5084 2356 2728 1178 3906
4918 2191 2727 1104 3814
5130 2276 2854 1163 3967
5457 2447 3010 1235 4222
5106 2318 2788 1217 3889
5622 2565 3057 1275 4347
5198 2389 2809 1226 3972
5293 2311 2982 1211 4082
5141 2338 2803 1209 3932
5091 2348 2743 1209 3882
5452 2399 3053 1204 4248
5201 2355 2846 1195 4006
5312 2427 2885 1236 4076
4928 2234 2694 1141 3787
5205 2342 2863 1225 3980
4619 2094 2525 1091 3528
5591 2549 3042 1297 4294
4831 2212 2619 1154 3677
4978 2271 2707 1177 3801
4905 2195 2710 1129 3776
5114 2273 2841 1175 3939
5002 2217 2785 1137 3865
5109 2280 2829 1173 3936
5169 2307 2862 1196 3973
5119 2347 2772 1182 3937
5135 2342 2793 1217 3918
5264 2410 2854 1240 4024
5225 2321 2904 1211 4014
5150 2351 2799 1193 3957
4946 2170 2776 1111 3835
5398 2407 2991 1258 4140
5212 2338 2874 1215 3997
5235 2383 2852 1252 3983
5363 2409 2954 1230 4133
5160 2332 2828 1195 3965
5280 2417 2863 1197 4083
5291 2442 2849 1271 4020
5080 2320 2760 1180 3900
4887 2198 2689 1151 3736
5294 2335 2959 1203 4091
5509 2454 3055 1282 4227
5564 2526 3038 1271 4293
4962 2179 2783 1158 3804
5241 2292 2949 1154 4087
5267 2295 2972 1183 4084
5098 2293 2805 1165 3933
5282 2446 2836 1288 3994
5464 2490 2974 1280 4184
5047 2346 2701 1177 3870
5420 2379 3041 1255 4165
4957 2240 2717 1182 3775
5152 2361 2791 1253 3899
5188 2324 2864 1204 3984
5237 2381 2856 1260 3977
5389 2366 3023 1206 4183
5908 2689 3219 1423 4485
5171 2355 2816 1248 3923
4881 2169 2712 1133 3748
5453 2422 3031 1265 4188
5112 2298 2814 1155 3957
5059 2247 2812 1175 3884
4751 2128 2623 1108 3643
5478 2474 3004 1231 4247
4925 2258 2667 1151 3774
5159 2309 2850 1170 3989
4662 2096 2566 1072 3590
5066 2258 2808 1125 3941
4995 2260 2735 1184 3811
5392 2435 2957 1258 4134
4965 2229 2736 1140 3825
5198 2377 2821 1233 3965
5320 2411 2909 1236 4084
5095 2303 2792 1215 3880
5316 2302 3014 1179 4137
5175 2322 2853 1197 3978
5286 2404 2882 1227 4059
5089 2297 2792 1179 3910
5065 2307 2758 1218 3847
5381 2453 2928 1191 4190
5081 2209 2872 1143 3938
5412 2490 2922 1261 4151
5320 2424 2896 1287 4033
5202 2346 2856 1235 3967
5178 2347 2831 1165 4013
5121 2287 2834 1182 3939
4930 2196 2734 1076 3854
5388 2404 2984 1259 4129
5680 2577 3103 1324 4356
5425 2372 3053 1228 4197
5088 2301 2787 1188 3900
4794 2156 2638 1097 3697
5484 2449 3035 1280 4204
5093 2277 2816 1185 3908
5221 2365 2856 1216 4005
5513 2503 3010 1319 4194
5049 2272 2777 1168 3881
4815 2130 2685 1047 3768
5821 2621 3200 1399 4422
5173 2360 2813 1242 3931
4917 2193 2724 1181 3736
5373 2372 3001 1213 4160
5526 2437 3089 1215 4311
5675 2596 3079 1369 4306
5248 2337 2911 1207 4041
5466 2445 3021 1224 4242
5168 2317 2851 1214 3954
5180 2377 2803 1202 3978
5023 2280 2743 1171 3852
5231 2370 2861 1241 3990
4976 2280 2696 1132 3844
5055 2277 2778 1207 3848
5168 2333 2835 1181 3987
5309 2402 2907 1214 4095
5220 2355 2865 1264 3956
4865 2185 2680 1103 3762
5231 2330 2901 1234 3997
5111 2327 2784 1214 3897
5408 2429 2979 1242 4166
5044 2326 2718 1207 3837
5157 2322 2835 1219 3938
5717 2587 3130 1333 4384
5102 2342 2760 1216 3886
5220 2374 2846 1212 4008
5353 2397 2956 1235 4118
5120 2226 2894 1137 3983
5017 2245 2772 1162 3855
5313 2384 2929 1192 4121
5173 2363 2810 1221 3952
5291 2359 2932 1179 4112
5111 2311 2800 1165 3946
5314 2386 2928 1227 4087
5299 2321 2978 1199 4100
5589 2507 3082 1294 4295
5049 2294 2755 1178 3871
5099 2227 2872 1145 3954
5487 2432 3055 1224 4263
5073 2311 2762 1160 3913
5092 2287 2805 1183 3909
4889 2167 2722 1096 3793
5358 2339 3019 1221 4137
5161 2372 2789 1248 3913
4982 2255 2727 1198 3784
4950 2229 2721 1094 3856
5541 2508 3033 1304 4237
5330 2416 2914 1251 4079
5197 2321 2876 1243 3954
4808 2190 2618 1160 3648
5100 2296 2804 1153 3947
