5578 1122 4456 2 5576
5442 1048 4394 1 5441
5595 1103 4492 0 5595
5448 1120 4328 0 5448
5562 1155 4407 2 5560
5466 1090 4376 1 5465
5536 1129 4407 1 5535
5408 1070 4338 2 5406
5419 1044 4375 3 5416
5330 1056 4274 3 5327
5340 1070 4270 0 5340
5430 1112 4318 1 5429
5718 1213 4505 0 5718
5811 1122 4689 0 5811
5383 1074 4309 2 5381
5519 1105 4414 0 5519
5451 1110 4341 1 5450
5300 1051 4249 1 5299
5633 1126 4507 4 5629
5333 1092 4241 0 5333
5221 1013 4208 1 5220
5519 1116 4403 0 5519
5610 1120 4490 2 5608
5044 977 4067 1 5043
5579 1143 4436 2 5577
5613 1108 4505 3 5610
5790 1147 4643 2 5788
5136 974 4162 0 5136
5131 1024 4107 1 5130
5626 1130 4496 1 5625
5698 1131 4567 2 5696
5684 1148 4536 1 5683
5319 1047 4272 0 5319
5425 1068 4357 0 5425
5316 1034 4282 1 5315
5799 1115 4684 0 5799
5393 1071 4322 3 5390
5256 1059 4197 4 5252
4981 978 4003 0 4981
5139 1023 4116 0 5139
5323 1037 4286 1 5322
5399 1085 4314 2 5397
5277 1021 4256 0 5277
5590 1171 4419 1 5589
5355 1061 4294 0 5355
5853 1176 4677 0 5853
5252 976 4276 1 5251
5545 1087 4458 1 5544
5453 1108 4345 1 5452
5520 1104 4416 0 5520
5255 1037 4218 1 5254
5195 1055 4140 0 5195
5207 1076 4131 2 5205
5686 1167 4519 0 5686
5468 1098 4370 0 5468
5366 1043 4323 0 5366
5033 970 4063 0 5033
5456 1137 4319 0 5456
5177 1078 4099 1 5176
5285 1085 4200 3 5282
5099 1002 4097 3 5096
5120 1003 4117 1 5119
5301 1072 4229 2 5299
5269 1047 4222 0 5269
5135 1017 4118 0 5135
4837 990 3847 0 4837
5119 1022 4097 2 5117
5166 1025 4141 1 5165
4846 951 3895 0 4846
5491 1163 4328 0 5491
5221 1049 4172 0 5221
4685 969 3716 1 4684
4924 992 3932 2 4922
5166 1010 4156 1 5165
5114 1039 4075 1 5113
5493 1146 4347 0 5493
4966 983 3983 2 4964
4872 969 3903 5 4867
5029 1036 3993 3 5026
4847 984 3863 3 4844
4809 981 3828 3 4806
4931 990 3941 2 4929
4973 982 3991 0 4973
5008 992 4016 0 5008
5155 1030 4125 2 5153
5478 1098 4380 0 5478
5222 1068 4154 0 5222
4961 986 3975 0 4961
5420 1125 4295 1 5419
5381 1077 4304 4 5377
5076 1033 4043 1 5075
5177 1054 4123 0 5177
5075 982 4093 2 5073
5253 1060 4193 1 5252
5151 1029 4122 0 5151
5015 973 4042 3 5012
5041 1015 4026 0 5041
5185 1031 4154 1 5184
4951 988 3963 3 4948
5324 1050 4274 2 5322
4974 983 3991 2 4972
4925 963 3962 0 4925
4876 991 3885 1 4875
5090 1054 4036 0 5090
5633 1082 4551 1 5632
4856 1025 3831 4 4852
5134 1065 4069 4 5130
4780 978 3802 3 4777
5161 1079 4082 0 5161
4994 1004 3990 2 4992
5369 1039 4330 2 5367
5113 1041 4072 1 5112
5288 1023 4265 1 5287
5018 1004 4014 4 5014
5518 1114 4404 1 5517
5431 1026 4405 2 5429
5081 1005 4076 0 5081
5376 1094 4282 2 5374
4724 945 3779 1 4723
5071 1023 4048 1 5070
4931 1031 3900 4 4927
4915 987 3928 3 4912
4899 1005 3894 1 4898
5107 1029 4078 0 5107
4982 1048 3934 0 4982
4767 990 3777 1 4766
5056 1043 4013 3 5053
5229 1011 4218 1 5228
5449 1065 4384 4 5445
5343 1026 4317 1 5342
5158 1036 4122 0 5158
5612 1105 4507 1 5611
5231 1061 4170 0 5231
5079 1054 4025 1 5078
5324 1059 4265 1 5323
5066 1006 4060 0 5066
4980 967 4013 1 4979
5241 1039 4202 1 5240
5271 1075 4196 2 5269
5209 1069 4140 2 5207
5046 985 4061 0 5046
4935 985 3950 0 4935
5208 1026 4182 0 5208
5020 986 4034 2 5018
4963 984 3979 0 4963
5449 1116 4333 0 5449
5082 1045 4037 2 5080
5101 1012 4089 1 5100
5368 1040 4328 4 5364
5398 1128 4270 1 5397
5538 1112 4426 1 5537
5630 1143 4487 1 5629
5580 1168 4412 1 5579
4948 1029 3919 1 4947
5483 1152 4331 5 5478
5393 1102 4291 3 5390
5562 1119 4443 2 5560
5819 1202 4617 1 5818
5704 1163 4541 0 5704
5538 1104 4434 0 5538
5517 1095 4422 1 5516
5667 1148 4519 1 5666
5529 1061 4468 1 5528
5479 1119 4360 0 5479
5807 1163 4644 4 5803
4794 949 3845 0 4794
5452 1159 4293 4 5448
5353 1095 4258 2 5351
5531 1114 4417 1 5530
4828 946 3882 3 4825
5733 1133 4600 2 5731
5652 1172 4480 2 5650
5836 1168 4668 1 5835
5237 1126 4111 2 5235
5111 1048 4063 2 5109
5785 1130 4655 1 5784
5384 1051 4333 0 5384
5484 1150 4334 3 5481
5414 1054 4360 0 5414
5722 1130 4592 3 5719
5795 1160 4635 1 5794
4666 941 3725 2 4664
5504 1122 4382 1 5503
5533 1133 4400 1 5532
5123 1012 4111 0 5123
5336 1071 4265 2 5334
5145 996 4149 1 5144
5517 1124 4393 2 5515
5064 1020 4044 1 5063
4959 1034 3925 1 4958
5855 1177 4678 2 5853
5335 1062 4273 2 5333
5415 1094 4321 2 5413
4940 1001 3939 1 4939
5043 1066 3977 3 5040
5103 996 4107 0 5103
5167 1014 4153 0 5167
5366 1098 4268 0 5366
5005 1003 4002 3 5002
5349 1033 4316 0 5349
5891 1143 4748 2 5889
5123 989 4134 3 5120
5630 1090 4540 0 5630
5565 1102 4463 4 5561
5616 1108 4508 0 5616
5154 1034 4120 3 5151
5389 1050 4339 1 5388
5562 1082 4480 1 5561
4829 921 3908 2 4827
5005 1010 3995 0 5005
5022 967 4055 0 5022
5496 1138 4358 0 5496
5633 1091 4542 0 5633
5403 1092 4311 2 5401
5295 1041 4254 3 5292
5367 1053 4314 0 5367
5037 1010 4027 3 5034
4992 989 4003 0 4992
5242 1028 4214 1 5241
5511 1051 4460 1 5510
5287 1052 4235 1 5286
5017 1062 3955 0 5017
5063 1041 4022 0 5063
5499 1098 4401 0 5499
5345 1061 4284 5 5340
5186 1082 4104 1 5185
5273 1075 4198 0 5273
5382 1057 4325 0 5382
5441 1080 4361 2 5439
5180 1030 4150 3 5177
5121 1022 4099 2 5119
4714 991 3723 1 4713
5082 1020 4062 0 5082
5167 975 4192 2 5165
5566 1159 4407 2 5564
5169 1028 4141 0 5169
5435 1078 4357 2 5433
4910 985 3925 2 4908
5708 1163 4545 3 5705
5857 1176 4681 2 5855
5592 1105 4487 0 5592
5012 975 4037 0 5012
4998 979 4019 0 4998
5397 1075 4322 0 5397
5376 1064 4312 3 5373
4932 978 3954 0 4932
5392 1040 4352 1 5391
5370 1085 4285 2 5368
5166 992 4174 1 5165
4873 989 3884 0 4873
5214 1038 4176 5 5209
5211 1008 4203 1 5210
5180 1050 4130 2 5178
5061 1044 4017 3 5058
5242 1086 4156 0 5242
4780 933 3847 0 4780
5322 1057 4265 1 5321
5184 1029 4155 0 5184
5232 1036 4196 2 5230
5290 1035 4255 1 5289
5001 998 4003 1 5000
5311 1037 4274 1 5310
5126 1036 4090 0 5126
5340 1088 4252 1 5339
5124 1016 4108 4 5120
5070 1030 4040 4 5066
5324 1100 4224 2 5322
5280 1026 4254 1 5279
5598 1102 4496 1 5597
5150 1013 4137 1 5149
5032 1022 4010 2 5030
5175 1043 4132 3 5172
5219 1024 4195 3 5216
4939 997 3942 1 4938
5381 1042 4339 4 5377
5351 1076 4275 2 5349
5395 1102 4293 1 5394
5159 1041 4118 2 5157
5110 1030 4080 3 5107
5503 1075 4428 0 5503
5551 1101 4450 3 5548
5373 1042 4331 2 5371
5512 1085 4427 1 5511
5475 1114 4361 1 5474
5154 969 4185 1 5153
5276 1040 4236 2 5274
5755 1130 4625 1 5754
5379 1085 4294 2 5377
5245 1030 4215 2 5243
4786 972 3814 2 4784
5397 1085 4312 0 5397
5654 1162 4492 1 5653
5132 1028 4104 0 5132
5155 1013 4142 2 5153
5333 1058 4275 1 5332
5336 1107 4229 2 5334
5416 1062 4354 1 5415
5006 1036 3970 1 5005
5101 997 4104 1 5100
5316 1081 4235 1 5315
5331 1041 4290 0 5331
5131 1005 4126 1 5130
5193 1066 4127 2 5191
5305 1054 4251 0 5305
5642 1136 4506 0 5642
5025 1046 3979 0 5025
4945 988 3957 1 4944
5200 1090 4110 2 5198
5339 1051 4288 4 5335
5320 1095 4225 3 5317
5159 1036 4123 3 5156
4827 996 3831 2 4825
5726 1063 4663 0 5726
5345 1099 4246 2 5343
4906 988 3918 0 4906
4535 874 3661 1 4534
5057 970 4087 1 5056
5250 1033 4217 1 5249
5446 1072 4374 0 5446
4837 942 3895 2 4835
5086 969 4117 4 5082
5425 1100 4325 0 5425
5162 1060 4102 1 5161
5206 993 4213 3 5203
5063 1005 4058 1 5062
5103 1046 4057 0 5103
5105 986 4119 1 5104
5248 1081 4167 2 5246
4922 1000 3922 3 4919
5321 1046 4275 1 5320
4983 984 3999 2 4981
5302 1062 4240 1 5301
5042 974 4068 0 5042
5306 1052 4254 0 5306
5043 1046 3997 2 5041
5561 1113 4448 3 5558
5242 1063 4179 1 5241
4957 950 4007 2 4955
5158 1002 4156 2 5156
4815 950 3865 1 4814
5112 1009 4103 0 5112
5259 1035 4224 3 5256
5386 1125 4261 0 5386
4930 1017 3913 4 4926
5235 1054 4181 1 5234
5474 1104 4370 0 5474
5298 1047 4251 1 5297
5563 1093 4470 2 5561
5098 1040 4058 1 5097
4838 960 3878 2 4836
5156 999 4157 0 5156
5350 1060 4290 0 5350
5015 1008 4007 2 5013
5428 1080 4348 4 5424
4982 966 4016 2 4980
5297 1070 4227 1 5296
5419 1092 4327 0 5419
5076 1011 4065 0 5076
5045 963 4082 1 5044
5403 1074 4329 3 5400
4956 1017 3939 0 4956
5140 1015 4125 2 5138
5014 993 4021 2 5012
5433 1042 4391 0 5433
5129 999 4130 0 5129
5319 1072 4247 1 5318
5404 1090 4314 1 5403
5280 1078 4202 0 5280
5600 1155 4445 0 5600
5272 1080 4192 2 5270
5465 1097 4368 1 5464
4659 879 3780 0 4659
5002 985 4017 2 5000
5337 1100 4237 1 5336
4756 937 3819 2 4754
5279 1021 4258 0 5279
5045 1059 3986 1 5044
4917 969 3948 1 4916
4867 961 3906 1 4866
5144 1028 4116 1 5143
4885 962 3923 2 4883
5329 1068 4261 2 5327
5088 1022 4066 1 5087
5029 997 4032 2 5027
4994 1039 3955 0 4994
5226 1051 4175 1 5225
5267 1080 4187 2 5265
5246 1076 4170 0 5246
5162 1050 4112 1 5161
4995 1040 3955 1 4994
5076 1037 4039 4 5072
4926 1030 3896 0 4926
5277 1066 4211 3 5274
4950 1043 3907 1 4949
4951 974 3977 0 4951
5203 1045 4158 1 5202
5567 1143 4424 0 5567
5266 1077 4189 1 5265
5557 1085 4472 2 5555
5518 1053 4465 4 5514
5307 1046 4261 2 5305
5165 1029 4136 3 5162
5147 978 4169 2 5145
5298 1057 4241 3 5295
5089 1038 4051 0 5089
4762 977 3785 0 4762
5364 1117 4247 2 5362
4887 981 3906 1 4886
5358 1034 4324 0 5358
5231 1088 4143 2 5229
5357 1045 4312 4 5353
5041 1033 4008 1 5040
5247 1038 4209 3 5244
5483 1100 4383 2 5481
4949 1004 3945 1 4948
5128 1078 4050 4 5124
5310 1117 4193 1 5309
4860 963 3897 3 4857
5293 1069 4224 1 5292
4988 1061 3927 2 4986
5261 1108 4153 3 5258
5319 1028 4291 1 5318
5064 1000 4064 0 5064
4901 970 3931 0 4901
4975 1000 3975 2 4973
4852 983 3869 2 4850
5354 1104 4250 0 5354
5503 1140 4363 0 5503
5281 1050 4231 1 5280
5095 992 4103 1 5094
5022 1011 4011 1 5021
5000 1024 3976 1 4999
4836 977 3859 0 4836
5018 991 4027 0 5018
4974 1007 3967 3 4971
5428 1085 4343 1 5427
5007 1021 3986 3 5004
4820 922 3898 1 4819
5147 1036 4111 1 5146
5302 1048 4254 1 5301
5277 1029 4248 0 5277
5545 1131 4414 1 5544
4972 962 4010 1 4971
5350 1054 4296 3 5347
4886 1005 3881 2 4884
5343 1087 4256 2 5341
4823 937 3886 1 4822
5266 1042 4224 0 5266
5139 1025 4114 0 5139
5183 1101 4082 1 5182
4990 982 4008 2 4988
5199 1048 4151 0 5199
5214 1069 4145 0 5214
5165 1023 4142 1 5164
5644 1121 4523 3 5641
5101 987 4114 3 5098
5876 1200 4676 2 5874
4958 957 4001 0 4958
5192 1014 4178 2 5190
4439 879 3560 0 4439
5146 978 4168 1 5145
5172 1055 4117 3 5169
5199 1012 4187 3 5196
5243 1046 4197 0 5243
5056 1025 4031 1 5055
5292 1043 4249 2 5290
4911 966 3945 1 4910
5554 1095 4459 1 5553
5148 1074 4074 3 5145
4955 996 3959 0 4955
5199 1024 4175 0 5199
5268 1100 4168 1 5267
5039 1025 4014 2 5037
5342 1078 4264 2 5340
4745 1002 3743 0 4745
4663 987 3676 1 4662
5088 1057 4031 1 5087
4774 996 3778 0 4774
5007 988 4019 5 5002
5146 1047 4099 1 5145
5129 1038 4091 2 5127
5303 1037 4266 1 5302
5453 1115 4338 3 5450
5086 1004 4082 3 5083
5176 1030 4146 0 5176
5347 1057 4290 2 5345
5139 1003 4136 0 5139
5065 1024 4041 1 5064
4848 1002 3846 0 4848
5270 1112 4158 1 5269
5067 1055 4012 1 5066
5041 1022 4019 2 5039
4860 965 3895 0 4860
5484 1110 4374 3 5481
5153 1051 4102 2 5151
5391 1086 4305 2 5389
5303 1090 4213 0 5303
4621 891 3730 3 4618
5063 1030 4033 3 5060
5206 1059 4147 2 5204
5788 1149 4639 1 5787
5180 1007 4173 1 5179
4638 970 3668 0 4638
4928 979 3949 1 4927
4999 981 4018 3 4996
5005 981 4024 0 5005
5223 989 4234 2 5221
5117 1067 4050 0 5117
5068 1028 4040 0 5068
5182 1074 4108 1 5181
4951 1016 3935 1 4950
5440 1076 4364 2 5438
4822 958 3864 1 4821
4832 966 3866 2 4830
5632 1120 4512 0 5632
5208 1053 4155 0 5208
4971 1018 3953 1 4970
5088 992 4096 0 5088
5201 1010 4191 3 5198
5443 1112 4331 2 5441
5529 1092 4437 4 5525
5429 1041 4388 0 5429
5711 1158 4553 0 5711
5373 1055 4318 2 5371
5349 1107 4242 1 5348
4928 953 3975 0 4928
5287 1037 4250 1 5286
5181 1047 4134 0 5181
5262 1017 4245 1 5261
5306 1073 4233 1 5305
5388 1139 4249 0 5388
5294 1091 4203 2 5292
5186 1045 4141 0 5186
5122 1041 4081 2 5120
5086 1012 4074 1 5085
4801 990 3811 2 4799
5058 984 4074 0 5058
4832 967 3865 3 4829
5121 998 4123 3 5118
4962 1008 3954 1 4961
5040 974 4066 2 5038
4740 979 3761 3 4737
5121 993 4128 1 5120
5280 1083 4197 2 5278
5001 959 4042 1 5000
5257 1023 4234 1 5256
5110 1084 4026 0 5110
5556 1141 4415 4 5552
4997 995 4002 1 4996
5351 1063 4288 1 5350
5120 1020 4100 1 5119
5134 1009 4125 1 5133
4884 973 3911 0 4884
5094 996 4098 1 5093
5143 1069 4074 2 5141
4852 999 3853 1 4851
5321 1080 4241 0 5321
5286 1074 4212 2 5284
5158 1034 4124 1 5157
5071 991 4080 2 5069
5297 1037 4260 1 5296
5265 1058 4207 2 5263
5102 1097 4005 1 5101
4985 1035 3950 2 4983
4985 974 4011 0 4985
5558 1062 4496 1 5557
5298 1078 4220 2 5296
5012 1004 4008 1 5011
5381 1052 4329 3 5378
5184 1017 4167 1 5183
4944 974 3970 0 4944
5111 1035 4076 2 5109
4921 954 3967 1 4920
4984 981 4003 1 4983
5250 1033 4217 3 5247
5305 1120 4185 1 5304
5387 1026 4361 1 5386
5010 969 4041 0 5010
5169 1102 4067 1 5168
5228 1012 4216 0 5228
5155 1014 4141 2 5153
5370 1066 4304 1 5369
4793 999 3794 0 4793
4840 988 3852 1 4839
5042 969 4073 1 5041
5481 1052 4429 0 5481
5222 1082 4140 0 5222
4941 1009 3932 2 4939
5135 976 4159 0 5135
5243 1055 4188 2 5241
5172 1005 4167 3 5169
5590 1154 4436 0 5590
5435 1057 4378 0 5435
5198 1029 4169 2 5196
5437 1131 4306 0 5437
5353 1031 4322 1 5352
5204 1078 4126 3 5201
5085 977 4108 2 5083
5270 1028 4242 1 5269
5088 1032 4056 1 5087
5271 994 4277 1 5270
5435 1146 4289 1 5434
5214 1054 4160 1 5213
5193 1055 4138 4 5189
5584 1152 4432 2 5582
5412 1137 4275 0 5412
5051 981 4070 1 5050
5024 999 4025 2 5022
4994 958 4036 2 4992
5312 1069 4243 1 5311
4983 1001 3982 1 4982
5172 1061 4111 2 5170
5208 1050 4158 0 5208
4915 947 3968 1 4914
4942 986 3956 0 4942
5361 1064 4297 2 5359
5236 1102 4134 0 5236
4824 949 3875 2 4822
5306 1090 4216 0 5306
5099 1005 4094 0 5099
4946 987 3959 2 4944
5481 1070 4411 3 5478
5326 1056 4270 0 5326
5494 1063 4431 0 5494
4944 989 3955 3 4941
4895 994 3901 1 4894
4763 940 3823 4 4759
5369 1045 4324 1 5368
4704 907 3797 1 4703
5181 1030 4151 2 5179
5076 1026 4050 4 5072
5255 1082 4173 0 5255
4985 1036 3949 1 4984
4969 1005 3964 0 4969
5031 1030 4001 2 5029
4676 976 3700 0 4676
4819 965 3854 3 4816
5200 1044 4156 2 5198
4849 974 3875 4 4845
5144 962 4182 0 5144
5353 1033 4320 2 5351
5040 964 4076 2 5038
5152 1003 4149 5 5147
5282 1032 4250 1 5281
4757 965 3792 1 4756
4802 965 3837 2 4800
4693 939 3754 2 4691
5182 988 4194 0 5182
5268 1092 4176 1 5267
5047 974 4073 1 5046
5378 1070 4308 2 5376
5240 1040 4200 2 5238
4979 1017 3962 2 4977
5428 1146 4282 4 5424
4886 991 3895 1 4885
4913 997 3916 0 4913
5074 1020 4054 1 5073
5079 986 4093 1 5078
4865 1000 3865 0 4865
5045 1016 4029 2 5043
5078 1027 4051 1 5077
5190 1015 4175 2 5188
5255 1033 4222 1 5254
5359 1069 4290 1 5358
4935 963 3972 2 4933
5267 1040 4227 0 5267
5197 1013 4184 2 5195
5202 1034 4168 1 5201
5012 990 4022 1 5011
4995 989 4006 1 4994
5168 1044 4124 0 5168
5522 1149 4373 2 5520
4969 980 3989 1 4968
5151 1008 4143 1 5150
5241 1022 4219 1 5240
4825 985 3840 0 4825
4994 1009 3985 2 4992
4990 972 4018 2 4988
5274 1013 4261 1 5273
4931 984 3947 1 4930
4935 981 3954 3 4932
4772 910 3862 3 4769
4925 962 3963 2 4923
4670 907 3763 1 4669
5153 1004 4149 5 5148
5221 1071 4150 1 5220
5362 1105 4257 1 5361
5194 1041 4153 1 5193
5000 995 4005 0 5000
5263 1119 4144 1 5262
4906 1015 3891 2 4904
5572 1130 4442 2 5570
5172 1056 4116 2 5170
4835 953 3882 3 4832
5028 999 4029 2 5026
5590 1120 4470 0 5590
5029 976 4053 0 5029
4694 966 3728 0 4694
4853 1028 3825 1 4852
4909 974 3935 2 4907
4947 957 3990 2 4945
5260 1070 4190 1 5259
4927 1012 3915 3 4924
5000 949 4051 2 4998
4949 987 3962 1 4948
5147 984 4163 3 5144
5616 1180 4436 0 5616
5057 991 4066 2 5055
5120 1044 4076 2 5118
5276 996 4280 1 5275
4559 865 3694 0 4559
5137 1037 4100 2 5135
4981 1014 3967 3 4978
4832 960 3872 0 4832
5376 1131 4245 0 5376
4961 1021 3940 3 4958
5271 1046 4225 0 5271
4934 975 3959 1 4933
5012 1008 4004 2 5010
4948 991 3957 1 4947
5126 1029 4097 2 5124
5111 1016 4095 0 5111
5241 994 4247 0 5241
4766 965 3801 1 4765
5120 1073 4047 3 5117
5039 1024 4015 1 5038
5588 1146 4442 1 5587
5244 1020 4224 4 5240
5887 1179 4708 3 5884
5425 1119 4306 2 5423
5522 1071 4451 2 5520
5284 1019 4265 1 5283
5171 1019 4152 1 5170
5099 980 4119 1 5098
5346 1066 4280 2 5344
5019 958 4061 1 5018
5809 1169 4640 3 5806
4782 945 3837 1 4781
5014 993 4021 2 5012
5069 1011 4058 3 5066
5157 1020 4137 1 5156
5440 1113 4327 4 5436
4781 952 3829 2 4779
4655 938 3717 2 4653
5328 1097 4231 2 5326
4874 998 3876 0 4874
5152 1038 4114 0 5152
5346 1082 4264 2 5344
5338 1031 4307 0 5338
5241 1073 4168 0 5241
4948 983 3965 1 4947
5264 1038 4226 1 5263
5453 1058 4395 0 5453
5057 1030 4027 1 5056
5092 1024 4068 2 5090
5269 1044 4225 2 5267
5270 1059 4211 3 5267
5411 1067 4344 1 5410
5086 997 4089 1 5085
5149 1005 4144 1 5148
4745 974 3771 1 4744
5985 1184 4801 4 5981
5413 1086 4327 1 5412
5417 1081 4336 2 5415
4972 1010 3962 1 4971
4975 1011 3964 1 4974
4884 980 3904 3 4881
5416 1062 4354 1 5415
5027 986 4041 1 5026
5202 1026 4176 2 5200
4754 935 3819 1 4753
5130 990 4140 4 5126
5334 1104 4230 1 5333
4697 932 3765 0 4697
5157 1100 4057 0 5157
5230 1018 4212 2 5228
5090 1033 4057 5 5085
5091 983 4108 0 5091
5103 994 4109 3 5100
5173 1043 4130 2 5171
5657 1100 4557 2 5655
4976 991 3985 1 4975
5262 1087 4175 1 5261
5445 1065 4380 1 5444
5031 1035 3996 2 5029
5382 1099 4283 1 5381
5180 1027 4153 0 5180
5374 1048 4326 0 5374
5233 1021 4212 1 5232
5430 1034 4396 2 5428
5370 1089 4281 2 5368
5185 1065 4120 3 5182
5078 1049 4029 0 5078
5895 1209 4686 0 5895
4942 993 3949 3 4939
5171 1032 4139 1 5170
5055 1031 4024 1 5054
5097 1043 4054 4 5093
5019 986 4033 1 5018
4893 949 3944 1 4892
4784 1000 3784 0 4784
5716 1139 4577 0 5716
4941 1009 3932 1 4940
5485 1087 4398 2 5483
5122 970 4152 2 5120
5133 1004 4129 0 5133
5302 1042 4260 1 5301
5457 1076 4381 0 5457
4868 973 3895 2 4866
4901 988 3913 2 4899
5321 1037 4284 2 5319
5169 1052 4117 2 5167
5400 1112 4288 1 5399
5002 1047 3955 0 5002
5010 1025 3985 1 5009
5356 1082 4274 1 5355
4868 970 3898 1 4867
5170 1098 4072 2 5168
4704 900 3804 1 4703
5140 1033 4107 0 5140
5384 1089 4295 0 5384
5145 1042 4103 1 5144
5130 1016 4114 0 5130
5186 1009 4177 0 5186
4748 922 3826 1 4747
4757 950 3807 1 4756
5392 1067 4325 0 5392
4942 984 3958 2 4940
5160 1061 4099 2 5158
4809 999 3810 2 4807
4979 1004 3975 1 4978
5078 1018 4060 0 5078
5103 1023 4080 1 5102
5224 1030 4194 3 5221
5182 1071 4111 4 5178
5247 1087 4160 3 5244
5227 1050 4177 1 5226
5107 1040 4067 2 5105
5405 1088 4317 3 5402
5695 1126 4569 1 5694
4995 1030 3965 2 4993
4998 1014 3984 1 4997
4985 1004 3981 1 4984
5194 1049 4145 1 5193
4855 961 3894 2 4853
5506 1158 4348 2 5504
5371 1082 4289 1 5370
5525 1056 4469 1 5524
5236 1085 4151 0 5236
5263 1057 4206 1 5262
5022 1003 4019 3 5019
5265 1032 4233 3 5262
5084 1039 4045 0 5084
4918 993 3925 3 4915
5130 1056 4074 3 5127
5457 1081 4376 0 5457
5106 1031 4075 2 5104
5622 1107 4515 0 5622
5198 1029 4169 2 5196
5293 1064 4229 2 5291
5141 1016 4125 2 5139
5091 1008 4083 1 5090
5452 1144 4308 0 5452
5201 993 4208 1 5200
5312 1055 4257 1 5311
4928 991 3937 1 4927
5205 1026 4179 2 5203
4619 929 3690 0 4619
5591 1094 4497 0 5591
4831 954 3877 0 4831
4978 980 3998 2 4976
4905 938 3967 2 4903
5114 1016 4098 1 5113
5002 1021 3981 2 5000
5109 998 4111 1 5108
5169 1021 4148 3 5166
5119 1005 4114 1 5118
5135 1043 4092 3 5132
5264 1037 4227 2 5262
5225 1031 4194 0 5225
5150 1017 4133 3 5147
4946 962 3984 2 4944
5398 1103 4295 1 5397
5212 1022 4190 2 5210
5235 1063 4172 1 5234
5363 1061 4302 1 5362
5160 1003 4157 2 5158
5280 1042 4238 0 5280
5291 1058 4233 1 5290
5080 974 4106 4 5076
4887 915 3972 1 4886
5294 1072 4222 3 5291
5509 1100 4409 1 5508
5564 1070 4494 1 5563
4962 1003 3959 1 4961
5241 1044 4197 2 5239
5267 1045 4222 3 5264
5098 1064 4034 0 5098
5282 1062 4220 1 5281
5464 1116 4348 1 5463
5047 1023 4024 3 5044
5420 1123 4297 0 5420
4957 994 3963 0 4957
5152 985 4167 1 5151
5188 988 4200 1 5187
5237 990 4247 0 5237
5389 1062 4327 3 5386
5908 1148 4760 1 5907
5171 1044 4127 1 5170
4881 971 3910 2 4879
5453 1073 4380 1 5452
5112 1047 4065 2 5110
5059 1059 4000 0 5059
4751 991 3760 0 4751
5478 1115 4363 1 5477
4925 998 3927 0 4925
5159 1043 4116 0 5159
4662 949 3713 2 4660
5066 971 4095 3 5063
4995 1008 3987 1 4994
5392 1108 4284 1 5391
4965 984 3981 0 4965
5198 1012 4186 0 5198
5320 1080 4240 4 5316
5095 1066 4029 1 5094
5316 1064 4252 2 5314
5175 1020 4155 1 5174
5286 1041 4245 1 5285
5089 961 4128 1 5088
5065 1009 4056 3 5062
5381 1031 4350 2 5379
5081 1006 4075 3 5078
5412 1108 4304 0 5412
5320 1079 4241 0 5320
5202 1073 4129 1 5201
5178 1048 4130 2 5176
5121 991 4130 1 5120
4930 927 4003 3 4927
5388 1083 4305 0 5388
5680 1150 4530 2 5678
5425 1053 4372 0 5425
5088 1055 4033 3 5085
4794 995 3799 1 4793
5484 1079 4405 2 5482
5093 991 4102 0 5093
5221 1034 4187 0 5221
5513 1119 4394 4 5509
5049 1023 4026 2 5047
4815 972 3843 0 4815
5821 1188 4633 1 5820
5173 1100 4073 1 5172
4917 989 3928 2 4915
5373 1064 4309 4 5369
5526 1162 4364 0 5526
5675 1144 4531 1 5674
5248 1034 4214 0 5248
5466 1100 4366 3 5463
5168 1061 4107 3 5165
5180 1013 4167 1 5179
5023 1017 4006 0 5023
5231 1094 4137 1 5230
4976 956 4020 1 4975
5055 1095 3960 2 5053
5168 1020 4148 1 5167
5309 1069 4240 0 5309
5220 1008 4212 1 5219
4865 967 3898 0 4865
5231 1037 4194 4 5227
5111 993 4118 2 5109
5408 1061 4347 0 5408
5044 1016 4028 0 5044
5157 1010 4147 2 5155
5717 1134 4583 1 5716
5102 1007 4095 3 5099
5220 1014 4206 0 5220
5353 1055 4298 2 5351
5120 994 4126 1 5119
5017 1020 3997 0 5017
5313 1036 4277 1 5312
5173 1021 4152 2 5171
5291 1042 4249 0 5291
5111 1051 4060 0 5111
5314 1116 4198 5 5309
5299 1075 4224 0 5299
5589 1079 4510 1 5588
5049 1007 4042 0 5049
5099 1041 4058 2 5097
5487 1089 4398 3 5484
5073 1020 4053 0 5073
5092 1021 4071 2 5090
4889 962 3927 0 4889
5358 1053 4305 2 5356
5161 980 4181 2 5159
4982 982 4000 5 4977
4950 1045 3905 1 4949
5541 1108 4433 2 5539
5330 1065 4265 2 5328
5197 1002 4195 1 5196
4808 967 3841 0 4808
5100 982 4118 3 5097
