5578 2231 3347 714 4864
5442 2197 3245 691 4751
5595 2315 3280 756 4839
5448 2212 3236 739 4709
5562 2314 3248 782 4780
5466 2213 3253 703 4763
5536 2183 3353 750 4786
5408 2162 3246 724 4684
5419 2168 3251 743 4676
5330 2165 3165 698 4632
5340 2136 3204 691 4649
5430 2156 3274 686 4744
5718 2335 3383 769 4949
5811 2383 3428 818 4993
5383 2212 3171 743 4640
5519 2225 3294 713 4806
5451 2260 3191 751 4700
5300 2205 3095 738 4562
5633 2300 3333 742 4891
5333 2231 3102 748 4585
5221 2163 3058 658 4563
5519 2231 3288 711 4808
5610 2223 3387 750 4860
5044 1985 3059 645 4399
5579 2216 3363 728 4851
5613 2265 3348 746 4867
5790 2289 3501 793 4997
5136 2129 3007 700 4436
5131 2058 3073 688 4443
5626 2320 3306 773 4853
5698 2330 3368 740 4958
5684 2279 3405 732 4952
5319 2125 3194 710 4609
5425 2169 3256 741 4684
5316 2158 3158 752 4564
5799 2288 3511 770 5029
5393 2131 3262 726 4667
5256 2145 3111 678 4578
4981 2037 2944 632 4349
5139 2138 3001 665 4474
5323 2128 3195 716 4607
5399 2221 3178 710 4689
5277 2138 3139 706 4571
5590 2203 3387 724 4866
5355 2168 3187 722 4633
5853 2410 3443 853 5000
5252 2106 3146 723 4529
5545 2270 3275 754 4791
5453 2263 3190 724 4729
5520 2206 3314 750 4770
5255 2130 3125 662 4593
5195 2126 3069 715 4480
5207 2047 3160 678 4529
5686 2328 3358 790 4896
5468 2222 3246 774 4694
5366 2163 3203 697 4669
5033 1946 3087 647 4386
5456 2217 3239 725 4731
5177 2099 3078 680 4497
5285 2150 3135 669 4616
5099 2062 3037 711 4388
5120 2051 3069 682 4438
5301 2164 3137 713 4588
5269 2138 3131 725 4544
5135 2063 3072 672 4463
4837 1958 2879 651 4186
5119 2117 3002 685 4434
5166 2092 3074 701 4465
4846 1946 2900 646 4200
5491 2213 3278 726 4765
5221 2172 3049 749 4472
4685 1848 2837 601 4084
4924 2048 2876 710 4214
5166 2111 3055 691 4475
5114 2105 3009 679 4435
5493 2203 3290 710 4783
4966 1970 2996 646 4320
4872 1954 2918 682 4190
5029 2057 2972 650 4379
4847 1998 2849 642 4205
4809 1980 2829 647 4162
4931 2026 2905 682 4249
4973 2024 2949 682 4291
5008 2066 2942 691 4317
5155 2072 3083 705 4450
5478 2196 3282 731 4747
5222 2137 3085 691 4531
4961 2041 2920 684 4277
5420 2195 3225 702 4718
5381 2178 3203 693 4688
5076 2053 3023 681 4395
5177 2094 3083 690 4487
5075 2020 3055 647 4428
5253 2202 3051 717 4536
5151 2105 3046 704 4447
5015 2021 2994 663 4352
5041 2070 2971 673 4368
5185 2088 3097 726 4459
4951 2000 2951 652 4299
5324 2163 3161 712 4612
4974 2111 2863 681 4293
4925 2030 2895 670 4255
4876 2032 2844 690 4186
5090 2061 3029 702 4388
5633 2266 3367 727 4906
4856 1955 2901 654 4202
5134 2085 3049 644 4490
4780 1902 2878 620 4160
5161 2048 3113 662 4499
4994 1998 2996 678 4316
5369 2224 3145 776 4593
5113 2063 3050 657 4456
5288 2115 3173 677 4611
5018 2035 2983 696 4322
5518 2183 3335 726 4792
5431 2220 3211 746 4685
5081 2035 3046 691 4390
5376 2200 3176 727 4649
4724 1946 2778 621 4103
5071 2013 3058 606 4465
4931 2000 2931 685 4246
4915 1993 2922 627 4288
4899 1902 2997 600 4299
5107 2081 3026 646 4461
4982 1980 3002 627 4355
4767 1938 2829 657 4110
5056 2110 2946 693 4363
5229 2124 3105 685 4544
5449 2232 3217 758 4691
5343 2160 3183 726 4617
5158 2084 3074 694 4464
5612 2268 3344 745 4867
5231 2119 3112 708 4523
5079 2025 3054 673 4406
5324 2208 3116 714 4610
5066 2050 3016 668 4398
4980 2080 2900 705 4275
5241 2163 3078 728 4513
5271 2128 3143 652 4619
5209 2147 3062 708 4501
5046 2024 3022 671 4375
4935 2088 2847 671 4264
5208 2111 3097 651 4557
5020 2054 2966 667 4353
4963 2005 2958 689 4274
5449 2220 3229 722 4727
5082 2027 3055 672 4410
5101 2057 3044 697 4404
5368 2155 3213 711 4657
5398 2166 3232 722 4676
5538 2285 3253 745 4793
5630 2211 3419 761 4869
5580 2253 3327 751 4829
4948 2007 2941 660 4288
5483 2258 3225 752 4731
5393 2121 3272 697 4696
5562 2214 3348 695 4867
5819 2383 3436 821 4998
5704 2298 3406 753 4951
5538 2258 3280 733 4805
5517 2327 3190 767 4750
5667 2284 3383 702 4965
5529 2290 3239 739 4790
5479 2259 3220 736 4743
5807 2370 3437 798 5009
4794 1988 2806 658 4136
5452 2229 3223 731 4721
5353 2137 3216 708 4645
5531 2226 3305 723 4808
4828 1980 2848 688 4140
5733 2351 3382 776 4957
5652 2293 3359 763 4889
5836 2382 3454 772 5064
5237 2057 3180 651 4586
5111 2141 2970 719 4392
5785 2391 3394 840 4945
5384 2172 3212 698 4686
5484 2277 3207 757 4727
5414 2231 3183 746 4668
5722 2344 3378 738 4984
5795 2437 3358 805 4990
4666 1893 2773 641 4025
5504 2209 3295 748 4756
5533 2262 3271 792 4741
5123 2091 3032 695 4428
5336 2209 3127 729 4607
5145 2092 3053 732 4413
5517 2296 3221 777 4740
5064 2089 2975 709 4355
4959 2065 2894 694 4265
5855 2346 3509 774 5081
5335 2204 3131 718 4617
5415 2161 3254 719 4696
4940 1980 2960 623 4317
5043 2047 2996 658 4385
5103 2137 2966 683 4420
5167 2088 3079 695 4472
5366 2218 3148 760 4606
5005 2025 2980 694 4311
5349 2221 3128 770 4579
5891 2413 3478 811 5080
5123 2078 3045 716 4407
5630 2315 3315 771 4859
5565 2273 3292 750 4815
5616 2271 3345 724 4892
5154 2034 3120 648 4506
5389 2135 3254 666 4723
5562 2236 3326 713 4849
4829 1867 2962 587 4242
5005 2014 2991 667 4338
5022 1962 3060 681 4341
5496 2205 3291 699 4797
5633 2278 3355 759 4874
5403 2200 3203 734 4669
5295 2068 3227 662 4633
5367 2196 3171 730 4637
5037 2081 2956 707 4330
4992 2058 2934 657 4335
5242 2090 3152 709 4533
5511 2238 3273 763 4748
5287 2122 3165 706 4581
5017 1997 3020 666 4351
5063 2071 2992 687 4376
5499 2252 3247 743 4756
5345 2185 3160 734 4611
5186 2173 3013 684 4502
5273 2182 3091 724 4549
5382 2180 3202 752 4630
5441 2211 3230 725 4716
5180 2164 3016 709 4471
5121 2073 3048 644 4477
4714 1900 2814 648 4066
5082 2041 3041 639 4443
5167 2080 3087 665 4502
5566 2214 3352 766 4800
5169 2052 3117 726 4443
5435 2244 3191 762 4673
4910 1989 2921 698 4212
5708 2282 3426 756 4952
5857 2359 3498 871 4986
5592 2249 3343 735 4857
5012 2140 2872 693 4319
4998 2097 2901 734 4264
5397 2191 3206 697 4700
5376 2188 3188 753 4623
4932 1985 2947 629 4303
5392 2279 3113 761 4631
5370 2161 3209 726 4644
5166 2124 3042 714 4452
4873 2023 2850 662 4211
5214 2173 3041 700 4514
5211 2109 3102 699 4512
5180 2134 3046 671 4509
5061 2055 3006 659 4402
5242 2156 3086 675 4567
4780 1955 2825 644 4136
5322 2184 3138 691 4631
5184 2096 3088 682 4502
5232 2095 3137 675 4557
5290 2142 3148 671 4619
5001 2060 2941 716 4285
5311 2163 3148 698 4613
5126 2108 3018 700 4426
5340 2205 3135 714 4626
5124 2091 3033 686 4438
5070 2037 3033 655 4415
5324 2163 3161 721 4603
5280 2146 3134 713 4567
5598 2300 3298 760 4838
5150 2128 3022 721 4429
5032 2107 2925 719 4313
5175 2105 3070 698 4477
5219 2103 3116 713 4506
4939 1989 2950 628 4311
5381 2150 3231 689 4692
5351 2230 3121 732 4619
5395 2245 3150 751 4644
5159 2074 3085 668 4491
5110 2038 3072 638 4472
5503 2232 3271 765 4738
5551 2232 3319 756 4795
5373 2167 3206 713 4660
5512 2275 3237 742 4770
5475 2234 3241 731 4744
5154 2166 2988 687 4467
5276 2112 3164 672 4604
5755 2360 3395 822 4933
5379 2259 3120 802 4577
5245 2156 3089 742 4503
4786 1956 2830 683 4103
5397 2181 3216 712 4685
5654 2310 3344 737 4917
5132 2066 3066 721 4411
5155 2065 3090 697 4458
5333 2150 3183 713 4620
5336 2174 3162 688 4648
5416 2236 3180 738 4678
5006 2051 2955 661 4345
5101 2078 3023 660 4441
5316 2112 3204 689 4627
5331 2132 3199 668 4663
5131 2078 3053 686 4445
5193 2102 3091 725 4468
5305 2173 3132 736 4569
5642 2319 3323 769 4873
5025 2067 2958 694 4331
4945 2113 2832 690 4255
5200 2155 3045 710 4490
5339 2206 3133 714 4625
5320 2151 3169 674 4646
5159 2146 3013 719 4440
4827 1956 2871 648 4179
5726 2291 3435 736 4990
5345 2205 3140 742 4603
4906 1989 2917 650 4256
4535 1871 2664 619 3916
5057 2034 3023 699 4358
5250 2082 3168 680 4570
5446 2265 3181 745 4701
4837 2029 2808 681 4156
5086 2102 2984 698 4388
5425 2195 3230 718 4707
5162 2087 3075 666 4496
5206 2086 3120 696 4510
5063 2087 2976 673 4390
5103 2085 3018 635 4468
5105 2056 3049 646 4459
5248 2122 3126 703 4545
4922 2026 2896 690 4232
5321 2132 3189 702 4619
4983 2009 2974 636 4347
5302 2178 3124 732 4570
5042 2013 3029 660 4382
5306 2177 3129 721 4585
5043 1991 3052 673 4370
5561 2218 3343 749 4812
5242 2157 3085 695 4547
4957 2070 2887 710 4247
5158 2079 3079 702 4456
4815 1978 2837 662 4153
5112 2012 3100 692 4420
5259 2161 3098 682 4577
5386 2267 3119 783 4603
4930 1981 2949 646 4284
5235 2160 3075 736 4499
5474 2198 3276 754 4720
5298 2138 3160 698 4600
5563 2286 3277 743 4820
5098 2041 3057 692 4406
4838 1921 2917 650 4188
5156 2072 3084 687 4469
5350 2173 3177 728 4622
5015 2044 2971 680 4335
5428 2232 3196 751 4677
4982 1982 3000 651 4331
5297 2148 3149 705 4592
5419 2231 3188 756 4663
5076 2079 2997 675 4401
5045 2051 2994 661 4384
5403 2190 3213 718 4685
4956 2057 2899 653 4303
5140 2074 3066 678 4462
5014 2008 3006 651 4363
5433 2200 3233 710 4723
5129 2039 3090 673 4456
5319 2182 3137 717 4602
5404 2226 3178 730 4674
5280 2159 3121 716 4564
5600 2275 3325 737 4863
5272 2214 3058 724 4548
5465 2185 3280 726 4739
4659 1945 2714 647 4012
5002 2089 2913 684 4318
5337 2165 3172 724 4613
4756 1931 2825 614 4142
5279 2084 3195 675 4604
5045 2082 2963 683 4362
4917 2031 2886 686 4231
4867 1968 2899 675 4192
5144 2077 3067 710 4434
4885 1952 2933 630 4255
5329 2191 3138 728 4601
5088 2040 3048 688 4400
5029 2031 2998 697 4332
4994 2097 2897 754 4240
5226 2152 3074 700 4526
5267 2150 3117 721 4546
5246 2111 3135 732 4514
5162 2083 3079 689 4473
4995 2000 2995 675 4320
5076 2091 2985 694 4382
4926 2002 2924 671 4255
5277 2136 3141 691 4586
4950 1968 2982 675 4275
4951 2036 2915 666 4285
5203 2112 3091 698 4505
5567 2187 3380 729 4838
5266 2197 3069 707 4559
5557 2272 3285 717 4840
5518 2235 3283 744 4774
5307 2176 3131 744 4563
5165 2111 3054 667 4498
5147 2037 3110 646 4501
5298 2144 3154 720 4578
5089 2080 3009 653 4436
4762 1934 2828 656 4106
5364 2215 3149 715 4649
4887 1974 2913 648 4239
5358 2231 3127 761 4597
5231 2125 3106 697 4534
5357 2143 3214 665 4692
5041 2075 2966 673 4368
5247 2201 3046 716 4531
5483 2263 3220 753 4730
4949 2011 2938 687 4262
5128 2126 3002 708 4420
5310 2186 3124 677 4633
4860 1935 2925 647 4213
5293 2116 3177 699 4594
4988 2067 2921 697 4291
5261 2194 3067 749 4512
5319 2202 3117 718 4601
5064 2118 2946 675 4389
4901 1992 2909 661 4240
4975 2013 2962 645 4330
4852 1955 2897 701 4151
5354 2185 3169 729 4625
5503 2284 3219 767 4736
5281 2133 3148 705 4576
5095 2035 3060 670 4425
5022 2053 2969 661 4361
5000 2025 2975 657 4343
4836 1923 2913 615 4221
5018 2053 2965 672 4346
4974 1988 2986 642 4332
5428 2194 3234 728 4700
5007 1996 3011 676 4331
4820 2016 2804 653 4167
5147 2105 3042 671 4476
5302 2111 3191 715 4587
5277 2108 3169 707 4570
5545 2267 3278 707 4838
4972 1982 2990 672 4300
5350 2154 3196 715 4635
4886 2005 2881 674 4212
5343 2098 3245 721 4622
4823 1921 2902 644 4179
5266 2165 3101 671 4595
5139 2092 3047 656 4483
5183 2085 3098 681 4502
4990 2015 2975 657 4333
5199 2091 3108 681 4518
5214 2106 3108 681 4533
5165 2054 3111 695 4470
5644 2351 3293 768 4876
5101 2049 3052 636 4465
5876 2409 3467 824 5052
4958 2043 2915 666 4292
5192 2124 3068 690 4502
4439 1766 2673 587 3852
5146 2054 3092 625 4521
5172 2095 3077 688 4484
5199 2133 3066 728 4471
5243 2178 3065 769 4474
5056 2031 3025 665 4391
5292 2150 3142 689 4603
4911 2008 2903 701 4210
5554 2228 3326 763 4791
5148 2103 3045 710 4438
4955 2000 2955 627 4328
5199 2076 3123 688 4511
5268 2122 3146 677 4591
5039 2059 2980 678 4361
5342 2174 3168 698 4644
4745 1965 2780 643 4102
4663 1842 2821 627 4036
5088 2088 3000 641 4447
4774 1889 2885 635 4139
5007 1968 3039 635 4372
5146 2111 3035 654 4492
5129 2097 3032 663 4466
5303 2138 3165 711 4592
5453 2235 3218 707 4746
5086 2011 3075 632 4454
5176 2082 3094 725 4451
5347 2241 3106 697 4650
5139 2091 3048 693 4446
5065 2101 2964 713 4352
4848 2034 2814 685 4163
5270 2207 3063 742 4528
5067 2061 3006 688 4379
5041 2084 2957 638 4403
4860 2002 2858 693 4167
5484 2189 3295 767 4717
5153 2090 3063 698 4455
5391 2176 3215 705 4686
5303 2141 3162 693 4610
4621 1848 2773 601 4020
5063 1985 3078 680 4383
5206 2164 3042 726 4480
5788 2334 3454 788 5000
5180 2071 3109 703 4477
4638 1842 2796 572 4066
4928 2013 2915 635 4293
4999 2119 2880 738 4261
5005 2059 2946 697 4308
5223 2131 3092 679 4544
5117 2121 2996 703 4414
5068 2134 2934 734 4334
5182 2003 3179 626 4556
4951 1968 2983 659 4292
5440 2208 3232 751 4689
4822 1964 2858 660 4162
4832 1961 2871 664 4168
5632 2301 3331 785 4847
5208 2153 3055 696 4512
4971 1972 2999 681 4290
5088 2067 3021 726 4362
5201 2139 3062 739 4462
5443 2197 3246 724 4719
5529 2315 3214 768 4761
5429 2166 3263 708 4721
5711 2394 3317 807 4904
5373 2172 3201 734 4639
5349 2182 3167 739 4610
4928 1966 2962 651 4277
5287 2126 3161 683 4604
5181 2145 3036 705 4476
5262 2120 3142 700 4562
5306 2123 3183 684 4622
5388 2121 3267 649 4739
5294 2130 3164 710 4584
5186 2096 3090 687 4499
5122 2062 3060 689 4433
5086 2022 3064 664 4422
4801 1949 2852 651 4150
5058 2040 3018 647 4411
4832 1985 2847 664 4168
5121 2094 3027 696 4425
4962 1974 2988 645 4317
5040 2050 2990 697 4343
4740 1903 2837 597 4143
5121 2025 3096 663 4458
5280 2234 3046 743 4537
5001 2046 2955 671 4330
5257 2113 3144 688 4569
5110 2094 3016 719 4391
5556 2295 3261 757 4799
4997 2067 2930 661 4336
5351 2221 3130 712 4639
5120 2079 3041 706 4414
5134 2060 3074 685 4449
4884 1986 2898 651 4233
5094 2074 3020 698 4396
5143 2126 3017 695 4448
4852 1907 2945 652 4200
5321 2153 3168 707 4614
5286 2139 3147 690 4596
5158 2089 3069 694 4464
5071 2068 3003 664 4407
5297 2139 3158 712 4585
5265 2106 3159 705 4560
5102 2112 2990 709 4393
4985 2065 2920 665 4320
4985 2027 2958 698 4287
5558 2222 3336 738 4820
5298 2163 3135 683 4615
5012 2036 2976 666 4346
5381 2140 3241 679 4702
5184 2097 3087 664 4520
4944 2008 2936 644 4300
5111 2097 3014 744 4367
4921 1988 2933 687 4234
4984 1970 3014 646 4338
5250 2102 3148 708 4542
5305 2194 3111 717 4588
5387 2243 3144 743 4644
5010 2038 2972 678 4332
5169 2117 3052 713 4456
5228 2096 3132 701 4527
5155 2149 3006 668 4487
5370 2165 3205 741 4629
4793 1931 2862 665 4128
4840 1925 2915 648 4192
5042 2079 2963 699 4343
5481 2168 3313 722 4759
5222 2143 3079 693 4529
4941 1945 2996 627 4314
5135 2120 3015 709 4426
5243 2154 3089 697 4546
5172 2140 3032 757 4415
5590 2324 3266 764 4826
5435 2166 3269 712 4723
5198 2121 3077 695 4503
5437 2183 3254 729 4708
5353 2258 3095 724 4629
5204 2199 3005 700 4504
5085 1999 3086 674 4411
5270 2161 3109 729 4541
5088 2115 2973 702 4386
5271 2208 3063 716 4555
5435 2237 3198 757 4678
5214 2116 3098 698 4516
5193 2113 3080 717 4476
5584 2268 3316 760 4824
5412 2269 3143 724 4688
5051 2100 2951 667 4384
5024 2015 3009 667 4357
4994 1992 3002 679 4315
5312 2151 3161 728 4584
4983 2017 2966 675 4308
5172 2143 3029 726 4446
5208 2096 3112 675 4533
4915 2061 2854 669 4246
4942 1997 2945 673 4269
5361 2163 3198 727 4634
5236 2122 3114 739 4497
4824 1958 2866 654 4170
5306 2201 3105 735 4571
5099 2029 3070 675 4424
4946 2031 2915 669 4277
5481 2233 3248 761 4720
5326 2123 3203 716 4610
5494 2268 3226 758 4736
4944 2035 2909 679 4265
4895 1956 2939 660 4235
4763 1983 2780 660 4103
5369 2243 3126 732 4637
4704 1892 2812 620 4084
5181 2085 3096 712 4469
5076 2026 3050 652 4424
5255 2162 3093 739 4516
4985 2080 2905 706 4279
4969 2013 2956 676 4293
5031 2047 2984 690 4341
4676 1923 2753 646 4030
4819 2061 2758 687 4132
5200 2056 3144 688 4512
4849 2007 2842 678 4171
5144 2065 3079 675 4469
5353 2114 3239 677 4676
5040 2019 3021 649 4391
5152 2113 3039 681 4471
5282 2177 3105 721 4561
4757 1967 2790 640 4117
4802 1965 2837 667 4135
4693 1981 2712 646 4047
5182 2136 3046 694 4488
5268 2140 3128 712 4556
5047 2068 2979 675 4372
5378 2184 3194 731 4647
5240 2118 3122 710 4530
4979 2060 2919 710 4269
5428 2238 3190 732 4696
4886 1983 2903 675 4211
4913 2006 2907 687 4226
5074 2087 2987 682 4392
5079 2079 3000 691 4388
4865 2022 2843 669 4196
5045 2165 2880 735 4310
5078 2047 3031 671 4407
5190 2136 3054 679 4511
5255 2074 3181 688 4567
5359 2209 3150 761 4598
4935 1997 2938 611 4324
5267 2209 3058 712 4555
5197 2105 3092 664 4533
5202 2105 3097 705 4497
5012 2031 2981 650 4362
4995 2033 2962 678 4317
5168 2098 3070 668 4500
5522 2274 3248 764 4758
4969 2034 2935 675 4294
5151 2123 3028 653 4498
5241 2152 3089 654 4587
4825 1978 2847 651 4174
4994 2012 2982 688 4306
4990 2047 2943 668 4322
5274 2110 3164 698 4576
4931 2043 2888 686 4245
4935 1982 2953 651 4284
4772 1938 2834 658 4114
4925 1987 2938 643 4282
4670 1895 2775 646 4024
5153 2067 3086 661 4492
5221 2164 3057 665 4556
5362 2170 3192 702 4660
5194 2148 3046 690 4504
5000 1996 3004 627 4373
5263 2083 3180 680 4583
4906 2021 2885 697 4209
5572 2258 3314 729 4843
5172 2127 3045 708 4464
4835 1948 2887 672 4163
5028 2058 2970 688 4340
5590 2264 3326 789 4801
5029 1963 3066 630 4399
4694 1931 2763 674 4020
4853 1974 2879 651 4202
4909 1962 2947 638 4271
4947 1978 2969 677 4270
5260 2205 3055 741 4519
4927 2047 2880 661 4266
5000 2003 2997 634 4366
4949 2010 2939 685 4264
5147 2068 3079 718 4429
5616 2295 3321 752 4864
5057 2050 3007 727 4330
5120 2028 3092 658 4462
5276 2216 3060 726 4550
4559 1839 2720 590 3969
5137 2153 2984 713 4424
4981 2065 2916 690 4291
4832 1978 2854 672 4160
5376 2200 3176 711 4665
4961 2013 2948 639 4322
5271 2147 3124 702 4569
4934 1940 2994 652 4282
5012 2013 2999 695 4317
4948 1983 2965 674 4274
5126 2098 3028 736 4390
5111 2078 3033 646 4465
5241 2140 3101 691 4550
4766 1921 2845 578 4188
5120 2094 3026 687 4433
5039 2083 2956 658 4381
5588 2288 3300 732 4856
5244 2138 3106 691 4553
5887 2379 3508 794 5093
5425 2248 3177 720 4705
5522 2197 3325 708 4814
5284 2166 3118 742 4542
5171 2116 3055 705 4466
5099 2017 3082 657 4442
5346 2140 3206 737 4609
5019 2006 3013 665 4354
5809 2398 3411 783 5026
4782 1942 2840 658 4124
5014 2073 2941 701 4313
5069 2004 3065 636 4433
5157 2107 3050 682 4475
5440 2134 3306 717 4723
4781 1946 2835 686 4095
4655 1922 2733 615 4040
5328 2195 3133 748 4580
4874 1964 2910 639 4235
5152 2143 3009 736 4416
5346 2154 3192 730 4616
5338 2185 3153 712 4626
5241 2131 3110 710 4531
4948 2026 2922 686 4262
5264 2181 3083 720 4544
5453 2186 3267 731 4722
5057 2132 2925 700 4357
5092 2085 3007 665 4427
5269 2115 3154 697 4572
5270 2081 3189 680 4590
5411 2173 3238 725 4686
5086 2113 2973 706 4380
5149 2134 3015 727 4422
4745 1856 2889 617 4128
5985 2445 3540 796 5189
5413 2207 3206 697 4716
5417 2211 3206 728 4689
4972 2044 2928 696 4276
4975 2048 2927 669 4306
4884 1955 2929 636 4248
5416 2204 3212 740 4676
5027 2042 2985 667 4360
5202 2080 3122 712 4490
4754 1915 2839 631 4123
5130 2176 2954 741 4389
5334 2111 3223 668 4666
4697 1911 2786 665 4032
5157 2098 3059 699 4458
5230 2204 3026 740 4490
5090 2095 2995 681 4409
5091 2080 3011 687 4404
5103 2127 2976 730 4373
5173 2128 3045 742 4431
5657 2316 3341 780 4877
4976 2020 2956 654 4322
5262 2130 3132 712 4550
5445 2248 3197 738 4707
5031 2033 2998 652 4379
5382 2145 3237 699 4683
5180 2113 3067 697 4483
5374 2217 3157 741 4633
5233 2058 3175 693 4540
5430 2235 3195 755 4675
5370 2153 3217 699 4671
5185 2157 3028 716 4469
5078 2099 2979 713 4365
5895 2421 3474 768 5127
4942 1986 2956 666 4276
5171 2134 3037 745 4426
5055 2032 3023 647 4408
5097 2072 3025 696 4401
5019 2082 2937 715 4304
4893 1997 2896 659 4234
4784 1942 2842 646 4138
5716 2307 3409 752 4964
4941 1991 2950 654 4287
5485 2247 3238 695 4790
5122 2119 3003 703 4419
5133 2082 3051 720 4413
5302 2154 3148 747 4555
5457 2263 3194 779 4678
4868 1998 2870 676 4192
4901 1994 2907 655 4246
5321 2177 3144 751 4570
5169 2072 3097 665 4504
5400 2200 3200 711 4689
5002 2047 2955 673 4329
5010 2030 2980 679 4331
5356 2238 3118 700 4656
4868 2051 2817 706 4162
5170 2140 3030 741 4429
4704 1889 2815 642 4062
5140 2080 3060 666 4474
5384 2168 3216 691 4693
5145 2112 3033 709 4436
5130 2117 3013 723 4407
5186 2107 3079 700 4486
4748 1943 2805 664 4084
4757 1988 2769 672 4085
5392 2271 3121 739 4653
4942 1968 2974 655 4287
5160 2096 3064 714 4446
4809 1913 2896 615 4194
4979 2009 2970 663 4316
5078 2050 3028 705 4373
5103 2071 3032 686 4417
5224 2154 3070 698 4526
5182 2081 3101 706 4476
5247 2143 3104 717 4530
5227 2141 3086 720 4507
5107 2066 3041 673 4434
5405 2244 3161 790 4615
5695 2252 3443 721 4974
4995 2050 2945 705 4290
4998 2009 2989 664 4334
4985 2021 2964 679 4306
5194 2124 3070 687 4507
4855 1989 2866 628 4227
5506 2213 3293 731 4775
5371 2206 3165 722 4649
5525 2212 3313 712 4813
5236 2158 3078 736 4500
5263 2141 3122 732 4531
5022 2027 2995 698 4324
5265 2146 3119 708 4557
5084 2043 3041 712 4372
4918 1979 2939 628 4290
5130 2087 3043 668 4462
5457 2188 3269 715 4742
5106 2006 3100 680 4426
5622 2335 3287 772 4850
5198 2085 3113 679 4519
5293 2186 3107 715 4578
5141 2078 3063 678 4463
5091 2068 3023 669 4422
5452 2205 3247 745 4707
5201 2087 3114 687 4514
5312 2199 3113 754 4558
4928 1987 2941 620 4308
5205 2076 3129 680 4525
4619 1846 2773 592 4027
5591 2268 3323 701 4890
4831 1909 2922 620 4211
4978 1988 2990 664 4314
4905 1989 2916 635 4270
5114 2022 3092 679 4435
5002 2026 2976 697 4305
5109 2083 3026 696 4413
5169 2095 3074 700 4469
5119 2080 3039 655 4464
5135 2118 3017 727 4408
5264 2116 3148 644 4620
5225 2118 3107 672 4553
5150 2158 2992 723 4427
4946 1974 2972 647 4299
5398 2182 3216 685 4713
5212 2118 3094 666 4546
5235 2151 3084 716 4519
5363 2218 3145 721 4642
5160 2105 3055 726 4434
5280 2197 3083 737 4543
5291 2184 3107 686 4605
5080 1954 3126 675 4405
4887 1938 2949 645 4242
5294 2090 3204 688 4606
5509 2216 3293 759 4750
5564 2254 3310 769 4795
4962 1991 2971 678 4284
5241 2151 3090 718 4523
5267 2164 3103 719 4548
5098 2105 2993 684 4414
5282 2071 3211 693 4589
5464 2237 3227 711 4753
5047 2102 2945 713 4334
5420 2195 3225 717 4703
4957 1992 2965 666 4291
5152 2100 3052 660 4492
5188 2197 2991 742 4446
5237 2155 3082 701 4536
5389 2153 3236 711 4678
5908 2379 3529 838 5070
5171 2094 3077 664 4507
4881 2001 2880 613 4268
5453 2183 3270 725 4728
5112 2113 2999 706 4406
5059 2133 2926 714 4345
4751 1949 2802 612 4139
5478 2207 3271 738 4740
4925 1993 2932 635 4290
5159 2087 3072 681 4478
4662 1880 2782 622 4040
5066 2064 3002 702 4364
4995 1994 3001 671 4324
5392 2147 3245 709 4683
4965 1980 2985 661 4304
5198 2124 3074 720 4478
5320 2130 3190 720 4600
5095 2072 3023 737 4358
5316 2165 3151 678 4638
5175 2080 3095 664 4511
5286 2177 3109 735 4551
5089 2104 2985 689 4400
5065 2087 2978 697 4368
5381 2180 3201 748 4633
5081 2081 3000 667 4414
5412 2174 3238 724 4688
5320 2255 3065 754 4566
5202 2115 3087 669 4533
5178 2148 3030 730 4448
5121 2106 3015 698 4423
4930 2032 2898 669 4261
5388 2169 3219 742 4646
5680 2336 3344 769 4911
5425 2222 3203 735 4690
5088 2069 3019 705 4383
4794 1964 2830 635 4159
5484 2192 3292 721 4763
5093 2030 3063 693 4400
5221 2063 3158 707 4514
5513 2260 3253 745 4768
5049 2059 2990 644 4405
4815 1913 2902 637 4178
5821 2402 3419 812 5009
5173 2089 3084 690 4483
4917 2016 2901 709 4208
5373 2137 3236 704 4669
5526 2262 3264 742 4784
5675 2275 3400 764 4911
5248 2118 3130 721 4527
5466 2216 3250 759 4707
5168 2116 3052 713 4455
5180 2107 3073 744 4436
5023 2099 2924 650 4373
5231 2141 3090 672 4559
4976 1979 2997 663 4313
5055 2020 3035 636 4419
5168 2067 3101 703 4465
5309 2197 3112 754 4555
5220 2136 3084 740 4480
4865 1971 2894 633 4232
5231 2111 3120 737 4494
5111 2024 3087 653 4458
5408 2150 3258 694 4714
5044 2061 2983 666 4378
5157 2073 3084 682 4475
5717 2331 3386 790 4927
5102 2092 3010 755 4347
5220 2131 3089 661 4559
5353 2174 3179 723 4630
5120 2105 3015 725 4395
5017 2083 2934 696 4321
5313 2187 3126 721 4592
5173 2120 3053 708 4465
5291 2150 3141 746 4545
5111 2044 3067 668 4443
5314 2191 3123 732 4582
5299 2202 3097 695 4604
5589 2275 3314 777 4812
5049 2086 2963 680 4369
5099 2047 3052 672 4427
5487 2258 3229 760 4727
5073 2037 3036 692 4381
5092 2063 3029 743 4349
4889 1995 2894 699 4190
5358 2200 3158 775 4583
5161 2096 3065 682 4479
4982 2005 2977 708 4274
4950 2025 2925 676 4274
5541 2262 3279 727 4814
5330 2165 3165 693 4637
5197 2073 3124 653 4544
4808 2037 2771 641 4167
5100 2134 2966 694 4406
