5578 4699 879 4642 936
5442 4607 835 4559 883
5595 4756 839 4705 890
5448 4577 871 4516 932
5562 4718 844 4663 899
5466 4598 868 4554 912
5536 4725 811 4664 872
5408 4545 863 4494 914
5419 4604 815 4535 884
5330 4435 895 4383 947
5340 4454 886 4409 931
5430 4567 863 4510 920
5718 4772 946 4722 996
5811 4922 889 4869 942
5383 4562 821 4508 875
5519 4640 879 4594 925
5451 4562 889 4510 941
5300 4489 811 4440 860
5633 4732 901 4685 948
5333 4485 848 4437 896
5221 4409 812 4354 867
5519 4657 862 4598 921
5610 4738 872 4678 932
5044 4234 810 4184 860
5579 4745 834 4698 881
5613 4711 902 4659 954
5790 4913 877 4859 931
5136 4295 841 4257 879
5131 4374 757 4318 813
5626 4754 872 4699 927
5698 4774 924 4717 981
5684 4792 892 4756 928
5319 4493 826 4439 880
5425 4570 855 4518 907
5316 4466 850 4411 905
5799 4901 898 4849 950
5393 4597 796 4561 832
5256 4412 844 4367 889
4981 4230 751 4181 800
5139 4309 830 4255 884
5323 4475 848 4419 904
5399 4558 841 4511 888
5277 4460 817 4418 859
5590 4704 886 4660 930
5355 4502 853 4460 895
5853 4935 918 4872 981
5252 4418 834 4368 884
5545 4705 840 4649 896
5453 4568 885 4520 933
5520 4679 841 4626 894
5255 4451 804 4402 853
5195 4372 823 4335 860
5207 4379 828 4334 873
5686 4797 889 4757 929
5468 4624 844 4565 903
5366 4544 822 4492 874
5033 4252 781 4194 839
5456 4553 903 4507 949
5177 4307 870 4255 922
5285 4451 834 4404 881
5099 4278 821 4227 872
5120 4301 819 4244 876
5301 4495 806 4443 858
5269 4455 814 4396 873
5135 4323 812 4272 863
4837 4063 774 4009 828
5119 4308 811 4269 850
5166 4341 825 4293 873
4846 4107 739 4055 791
5491 4659 832 4594 897
5221 4424 797 4375 846
4685 3885 800 3835 850
4924 4155 769 4110 814
5166 4380 786 4333 833
5114 4297 817 4246 868
5493 4641 852 4580 913
4966 4151 815 4098 868
4872 4081 791 4037 835
5029 4233 796 4181 848
4847 4119 728 4068 779
4809 4053 756 4014 795
4931 4151 780 4106 825
4973 4229 744 4182 791
5008 4218 790 4161 847
5155 4380 775 4327 828
5478 4640 838 4590 888
5222 4377 845 4329 893
4961 4171 790 4124 837
5420 4567 853 4517 903
5381 4495 886 4455 926
5076 4243 833 4202 874
5177 4384 793 4330 847
5075 4290 785 4240 835
5253 4388 865 4336 917
5151 4328 823 4275 876
5015 4238 777 4179 836
5041 4259 782 4218 823
5185 4361 824 4308 877
4951 4187 764 4130 821
5324 4489 835 4441 883
4974 4214 760 4172 802
4925 4150 775 4094 831
4876 4111 765 4075 801
5090 4285 805 4233 857
5633 4747 886 4682 951
4856 4141 715 4083 773
5134 4315 819 4268 866
4780 4010 770 3959 821
5161 4329 832 4283 878
4994 4224 770 4176 818
5369 4579 790 4535 834
5113 4322 791 4285 828
5288 4488 800 4446 842
5018 4251 767 4197 821
5518 4644 874 4581 937
5431 4547 884 4496 935
5081 4252 829 4209 872
5376 4565 811 4492 884
4724 3964 760 3920 804
5071 4281 790 4226 845
4931 4167 764 4124 807
4915 4099 816 4054 861
4899 4158 741 4098 801
5107 4324 783 4268 839
4982 4248 734 4199 783
4767 4026 741 3979 788
5056 4234 822 4190 866
5229 4427 802 4379 850
5449 4572 877 4512 937
5343 4547 796 4500 843
5158 4322 836 4276 882
5612 4734 878 4680 932
5231 4379 852 4324 907
5079 4269 810 4224 855
5324 4456 868 4411 913
5066 4289 777 4254 812
4980 4186 794 4135 845
5241 4467 774 4415 826
5271 4472 799 4419 852
5209 4367 842 4332 877
5046 4274 772 4226 820
4935 4160 775 4108 827
5208 4409 799 4359 849
5020 4260 760 4211 809
4963 4161 802 4121 842
5449 4595 854 4537 912
5082 4289 793 4242 840
5101 4292 809 4226 875
5368 4555 813 4502 866
5398 4562 836 4514 884
5538 4646 892 4582 956
5630 4779 851 4725 905
5580 4706 874 4648 932
4948 4126 822 4070 878
5483 4643 840 4595 888
5393 4535 858 4489 904
5562 4679 883 4622 940
5819 4892 927 4846 973
5704 4818 886 4773 931
5538 4696 842 4629 909
5517 4666 851 4620 897
5667 4700 967 4643 1024
5529 4670 859 4610 919
5479 4591 888 4551 928
5807 4871 936 4810 997
4794 4036 758 3984 810
5452 4608 844 4570 882
5353 4481 872 4433 920
5531 4676 855 4635 896
4828 4096 732 4049 779
5733 4833 900 4767 966
5652 4779 873 4718 934
5836 4885 951 4833 1003
5237 4392 845 4349 888
5111 4291 820 4243 868
5785 4872 913 4823 962
5384 4516 868 4456 928
5484 4613 871 4557 927
5414 4541 873 4496 918
5722 4856 866 4806 916
5795 4899 896 4840 955
4666 3969 697 3924 742
5504 4663 841 4612 892
5533 4685 848 4646 887
5123 4305 818 4253 870
5336 4532 804 4479 857
5145 4371 774 4316 829
5517 4651 866 4601 916
5064 4225 839 4174 890
4959 4150 809 4099 860
5855 4917 938 4865 990
5335 4468 867 4427 908
5415 4575 840 4525 890
4940 4143 797 4100 840
5043 4258 785 4217 826
5103 4298 805 4244 859
5167 4354 813 4302 865
5366 4538 828 4472 894
5005 4273 732 4226 779
5349 4461 888 4412 937
5891 4991 900 4941 950
5123 4327 796 4282 841
5630 4750 880 4709 921
5565 4722 843 4660 905
5616 4759 857 4699 917
5154 4385 769 4330 824
5389 4513 876 4462 927
5562 4704 858 4654 908
4829 4097 732 4050 779
5005 4203 802 4146 859
5022 4278 744 4230 792
5496 4663 833 4610 886
5633 4745 888 4689 944
5403 4562 841 4508 895
5295 4489 806 4443 852
5367 4550 817 4497 870
5037 4233 804 4181 856
4992 4167 825 4124 868
5242 4416 826 4363 879
5511 4656 855 4608 903
5287 4482 805 4426 861
5017 4245 772 4209 808
5063 4288 775 4243 820
5499 4648 851 4590 909
5345 4465 880 4418 927
5186 4359 827 4298 888
5273 4439 834 4372 901
5382 4514 868 4462 920
5441 4579 862 4526 915
5180 4368 812 4306 874
5121 4324 797 4276 845
4714 4020 694 3972 742
5082 4262 820 4211 871
5167 4310 857 4256 911
5566 4708 858 4644 922
5169 4329 840 4291 878
5435 4577 858 4523 912
4910 4161 749 4109 801
5708 4815 893 4770 938
5857 4948 909 4898 959
5592 4677 915 4608 984
5012 4236 776 4182 830
4998 4195 803 4138 860
5397 4515 882 4460 937
5376 4530 846 4485 891
4932 4152 780 4110 822
5392 4536 856 4468 924
5370 4514 856 4468 902
5166 4338 828 4275 891
4873 4098 775 4054 819
5214 4367 847 4317 897
5211 4353 858 4299 912
5180 4401 779 4342 838
5061 4251 810 4192 869
5242 4454 788 4414 828
4780 4054 726 4000 780
5322 4430 892 4383 939
5184 4400 784 4356 828
5232 4416 816 4350 882
5290 4477 813 4426 864
5001 4270 731 4228 773
5311 4496 815 4438 873
5126 4338 788 4301 825
5340 4526 814 4470 870
5124 4312 812 4253 871
5070 4300 770 4257 813
5324 4487 837 4428 896
5280 4400 880 4343 937
5598 4736 862 4686 912
5150 4375 775 4326 824
5032 4220 812 4179 853
5175 4371 804 4326 849
5219 4423 796 4374 845
4939 4174 765 4122 817
5381 4542 839 4482 899
5351 4479 872 4421 930
5395 4542 853 4497 898
5159 4336 823 4277 882
5110 4305 805 4273 837
5503 4651 852 4589 914
5551 4675 876 4630 921
5373 4546 827 4501 872
5512 4660 852 4614 898
5475 4654 821 4602 873
5154 4352 802 4304 850
5276 4445 831 4400 876
5755 4877 878 4832 923
5379 4550 829 4496 883
5245 4423 822 4371 874
4786 4026 760 3963 823
5397 4528 869 4476 921
5654 4779 875 4715 939
5132 4340 792 4282 850
5155 4350 805 4304 851
5333 4470 863 4431 902
5336 4515 821 4464 872
5416 4596 820 4545 871
5006 4252 754 4210 796
5101 4284 817 4234 867
5316 4483 833 4430 886
5331 4510 821 4448 883
5131 4339 792 4290 841
5193 4380 813 4327 866
5305 4500 805 4445 860
5642 4764 878 4707 935
5025 4240 785 4183 842
4945 4187 758 4137 808
5200 4387 813 4336 864
5339 4528 811 4465 874
5320 4472 848 4428 892
5159 4402 757 4369 790
4827 4053 774 4001 826
5726 4823 903 4774 952
5345 4509 836 4463 882
4906 4122 784 4058 848
4535 3840 695 3791 744
5057 4270 787 4225 832
5250 4455 795 4412 838
5446 4620 826 4561 885
4837 4081 756 4021 816
5086 4291 795 4238 848
5425 4572 853 4529 896
5162 4323 839 4285 877
5206 4321 885 4266 940
5063 4256 807 4196 867
5103 4287 816 4252 851
5105 4297 808 4235 870
5248 4431 817 4386 862
4922 4187 735 4151 771
5321 4461 860 4401 920
4983 4233 750 4182 801
5302 4507 795 4434 868
5042 4228 814 4181 861
5306 4461 845 4413 893
5043 4297 746 4251 792
5561 4713 848 4664 897
5242 4467 775 4417 825
4957 4193 764 4149 808
5158 4328 830 4284 874
4815 4103 712 4056 759
5112 4341 771 4295 817
5259 4432 827 4384 875
5386 4545 841 4497 889
4930 4145 785 4090 840
5235 4400 835 4361 874
5474 4616 858 4565 909
5298 4465 833 4420 878
5563 4729 834 4675 888
5098 4320 778 4263 835
4838 4044 794 3997 841
5156 4306 850 4265 891
5350 4486 864 4437 913
5015 4234 781 4186 829
5428 4570 858 4520 908
4982 4235 747 4182 800
5297 4436 861 4389 908
5419 4576 843 4514 905
5076 4278 798 4228 848
5045 4257 788 4205 840
5403 4555 848 4518 885
4956 4178 778 4138 818
5140 4344 796 4293 847
5014 4236 778 4192 822
5433 4555 878 4513 920
5129 4321 808 4263 866
5319 4447 872 4397 922
5404 4542 862 4494 910
5280 4504 776 4464 816
5600 4750 850 4693 907
5272 4410 862 4354 918
5465 4631 834 4569 896
4659 3884 775 3842 817
5002 4227 775 4179 823
5337 4509 828 4459 878
4756 3994 762 3959 797
5279 4414 865 4367 912
5045 4267 778 4224 821
4917 4110 807 4050 867
4867 4137 730 4092 775
5144 4302 842 4253 891
4885 4105 780 4061 824
5329 4521 808 4460 869
5088 4290 798 4242 846
5029 4252 777 4200 829
4994 4262 732 4213 781
5226 4426 800 4382 844
5267 4441 826 4385 882
5246 4457 789 4409 837
5162 4369 793 4311 851
4995 4199 796 4153 842
5076 4308 768 4268 808
4926 4192 734 4153 773
5277 4458 819 4410 867
4950 4185 765 4137 813
4951 4134 817 4088 863
5203 4382 821 4321 882
5567 4706 861 4650 917
5266 4438 828 4388 878
5557 4703 854 4647 910
5518 4610 908 4556 962
5307 4456 851 4405 902
5165 4369 796 4330 835
5147 4351 796 4285 862
5298 4517 781 4462 836
5089 4253 836 4198 891
4762 4030 732 3981 781
5364 4483 881 4415 949
4887 4146 741 4093 794
5358 4584 774 4536 822
5231 4424 807 4387 844
5357 4522 835 4482 875
5041 4293 748 4238 803
5247 4478 769 4427 820
5483 4659 824 4606 877
4949 4203 746 4152 797
5128 4337 791 4282 846
5310 4445 865 4393 917
4860 4114 746 4061 799
5293 4521 772 4469 824
4988 4176 812 4128 860
5261 4388 873 4324 937
5319 4452 867 4413 906
5064 4310 754 4250 814
4901 4123 778 4073 828
4975 4198 777 4148 827
4852 4116 736 4080 772
5354 4476 878 4435 919
5503 4633 870 4575 928
5281 4473 808 4423 858
5095 4320 775 4264 831
5022 4238 784 4194 828
5000 4260 740 4207 793
4836 4039 797 3990 846
5018 4244 774 4203 815
4974 4147 827 4104 870
5428 4591 837 4537 891
5007 4233 774 4185 822
4820 4053 767 4001 819
5147 4308 839 4266 881
5302 4443 859 4392 910
5277 4439 838 4403 874
5545 4666 879 4598 947
4972 4217 755 4161 811
5350 4506 844 4470 880
4886 4155 731 4107 779
5343 4472 871 4419 924
4823 4104 719 4057 766
5266 4458 808 4403 863
5139 4368 771 4312 827
5183 4410 773 4354 829
4990 4273 717 4223 767
5199 4423 776 4373 826
5214 4400 814 4351 863
5165 4371 794 4337 828
5644 4761 883 4697 947
5101 4329 772 4282 819
5876 4966 910 4925 951
4958 4185 773 4132 826
5192 4377 815 4329 863
4439 3746 693 3708 731
5146 4359 787 4294 852
5172 4365 807 4321 851
5199 4421 778 4371 828
5243 4418 825 4373 870
5056 4277 779 4227 829
5292 4428 864 4369 923
4911 4152 759 4093 818
5554 4670 884 4615 939
5148 4346 802 4290 858
4955 4154 801 4100 855
5199 4402 797 4358 841
5268 4475 793 4425 843
5039 4240 799 4188 851
5342 4537 805 4472 870
4745 3986 759 3946 799
4663 3919 744 3867 796
5088 4362 726 4316 772
4774 4048 726 4000 774
5007 4254 753 4212 795
5146 4372 774 4315 831
5129 4328 801 4271 858
5303 4469 834 4402 901
5453 4587 866 4533 920
5086 4290 796 4238 848
5176 4401 775 4343 833
5347 4530 817 4481 866
5139 4307 832 4259 880
5065 4263 802 4202 863
4848 4058 790 4001 847
5270 4455 815 4393 877
5067 4246 821 4197 870
5041 4259 782 4222 819
4860 4054 806 4012 848
5484 4665 819 4613 871
5153 4391 762 4345 808
5391 4505 886 4437 954
5303 4505 798 4450 853
4621 3910 711 3869 752
5063 4276 787 4232 831
5206 4403 803 4351 855
5788 4865 923 4814 974
5180 4367 813 4328 852
4638 3906 732 3850 788
4928 4216 712 4174 754
4999 4182 817 4127 872
5005 4240 765 4216 789
5223 4422 801 4379 844
5117 4335 782 4298 819
5068 4264 804 4223 845
5182 4391 791 4348 834
4951 4202 749 4149 802
5440 4555 885 4497 943
4822 4055 767 4018 804
4832 4037 795 3983 849
5632 4703 929 4650 982
5208 4360 848 4316 892
4971 4182 789 4128 843
5088 4315 773 4265 823
5201 4394 807 4339 862
5443 4662 781 4615 828
5529 4648 881 4593 936
5429 4622 807 4576 853
5711 4839 872 4793 918
5373 4587 786 4545 828
5349 4547 802 4492 857
4928 4143 785 4096 832
5287 4366 921 4316 971
5181 4384 797 4334 847
5262 4407 855 4360 902
5306 4468 838 4419 887
5388 4566 822 4509 879
5294 4472 822 4417 877
5186 4351 835 4311 875
5122 4349 773 4283 839
5086 4269 817 4217 869
4801 4065 736 4003 798
5058 4249 809 4201 857
4832 4034 798 3987 845
5121 4315 806 4265 856
4962 4189 773 4150 812
5040 4202 838 4150 890
4740 4026 714 3975 765
5121 4329 792 4284 837
5280 4456 824 4406 874
5001 4215 786 4176 825
5257 4442 815 4390 867
5110 4333 777 4290 820
5556 4709 847 4645 911
4997 4214 783 4153 844
5351 4508 843 4441 910
5120 4341 779 4294 826
5134 4333 801 4283 851
4884 4140 744 4078 806
5094 4299 795 4249 845
5143 4398 745 4351 792
4852 4105 747 4062 790
5321 4522 799 4459 862
5286 4465 821 4413 873
5158 4361 797 4305 853
5071 4298 773 4238 833
5297 4482 815 4429 868
5265 4425 840 4384 881
5102 4305 797 4244 858
4985 4243 742 4204 781
4985 4168 817 4127 858
5558 4680 878 4622 936
5298 4494 804 4439 859
5012 4210 802 4160 852
5381 4489 892 4429 952
5184 4343 841 4279 905
4944 4171 773 4114 830
5111 4352 759 4302 809
4921 4173 748 4126 795
4984 4192 792 4141 843
5250 4466 784 4425 825
5305 4500 805 4441 864
5387 4581 806 4532 855
5010 4218 792 4172 838
5169 4338 831 4275 894
5228 4404 824 4353 875
5155 4336 819 4287 868
5370 4562 808 4508 862
4793 4113 680 4070 723
4840 4070 770 4019 821
5042 4246 796 4192 850
5481 4675 806 4624 857
5222 4364 858 4319 903
4941 4221 720 4173 768
5135 4364 771 4310 825
5243 4515 728 4461 782
5172 4376 796 4321 851
5590 4783 807 4722 868
5435 4579 856 4538 897
5198 4408 790 4349 849
5437 4554 883 4494 943
5353 4563 790 4514 839
5204 4369 835 4315 889
5085 4277 808 4227 858
5270 4456 814 4400 870
5088 4297 791 4246 842
5271 4441 830 4396 875
5435 4587 848 4538 897
5214 4376 838 4332 882
5193 4372 821 4312 881
5584 4741 843 4671 913
5412 4583 829 4532 880
5051 4225 826 4186 865
5024 4232 792 4179 845
4994 4261 733 4211 783
5312 4466 846 4419 893
4983 4180 803 4144 839
5172 4355 817 4314 858
5208 4418 790 4367 841
4915 4121 794 4072 843
4942 4170 772 4114 828
5361 4549 812 4503 858
5236 4416 820 4358 878
4824 4039 785 3988 836
5306 4501 805 4446 860
5099 4322 777 4276 823
4946 4170 776 4124 822
5481 4628 853 4571 910
5326 4487 839 4430 896
5494 4642 852 4581 913
4944 4138 806 4078 866
4895 4125 770 4078 817
4763 4045 718 4003 760
5369 4525 844 4475 894
4704 3942 762 3902 802
5181 4388 793 4338 843
5076 4203 873 4156 920
5255 4395 860 4354 901
4985 4196 789 4147 838
4969 4190 779 4147 822
5031 4231 800 4171 860
4676 3937 739 3879 797
4819 4080 739 4035 784
5200 4404 796 4361 839
4849 4116 733 4063 786
5144 4337 807 4292 852
5353 4542 811 4500 853
5040 4279 761 4235 805
5152 4370 782 4326 826
5282 4420 862 4363 919
4757 3989 768 3937 820
4802 4051 751 3993 809
4693 3909 784 3878 815
5182 4361 821 4316 866
5268 4457 811 4407 861
5047 4267 780 4219 828
5378 4536 842 4476 902
5240 4391 849 4348 892
4979 4208 771 4159 820
5428 4586 842 4540 888
4886 4150 736 4096 790
4913 4217 696 4164 749
5074 4259 815 4210 864
5079 4291 788 4238 841
4865 4127 738 4077 788
5045 4254 791 4202 843
5078 4267 811 4218 860
5190 4412 778 4364 826
5255 4440 815 4381 874
5359 4517 842 4476 883
4935 4060 875 4014 921
5267 4439 828 4389 878
5197 4409 788 4356 841
5202 4373 829 4327 875
5012 4251 761 4203 809
4995 4202 793 4147 848
5168 4335 833 4291 877
5522 4641 881 4584 938
4969 4166 803 4117 852
5151 4330 821 4270 881
5241 4404 837 4357 884
4825 3999 826 3947 878
4994 4207 787 4162 832
4990 4209 781 4162 828
5274 4468 806 4412 862
4931 4163 768 4113 818
4935 4151 784 4099 836
4772 4029 743 3990 782
4925 4161 764 4115 810
4670 3922 748 3875 795
5153 4315 838 4266 887
5221 4362 859 4319 902
5362 4519 843 4458 904
5194 4411 783 4366 828
5000 4245 755 4189 811
5263 4451 812 4399 864
4906 4139 767 4095 811
5572 4732 840 4675 897
5172 4360 812 4316 856
4835 4093 742 4049 786
5028 4269 759 4229 799
5590 4677 913 4626 964
5029 4271 758 4218 811
4694 3949 745 3907 787
4853 4107 746 4052 801
4909 4166 743 4129 780
4947 4154 793 4104 843
5260 4478 782 4426 834
4927 4159 768 4117 810
5000 4244 756 4193 807
4949 4179 770 4130 819
5147 4345 802 4294 853
5616 4722 894 4676 940
5057 4238 819 4187 870
5120 4292 828 4234 886
5276 4477 799 4418 858
4559 3850 709 3806 753
5137 4345 792 4299 838
4981 4203 778 4151 830
4832 4082 750 4037 795
5376 4564 812 4514 862
4961 4191 770 4152 809
5271 4425 846 4380 891
4934 4130 804 4088 846
5012 4233 779 4195 817
4948 4182 766 4128 820
5126 4389 737 4348 778
5111 4311 800 4263 848
5241 4452 789 4400 841
4766 4058 708 4011 755
5120 4341 779 4293 827
5039 4230 809 4180 859
5588 4754 834 4695 893
5244 4401 843 4345 899
5887 4997 890 4942 945
5425 4606 819 4548 877
5522 4694 828 4637 885
5284 4523 761 4481 803
5171 4407 764 4367 804
5099 4320 779 4276 823
5346 4465 881 4422 924
5019 4255 764 4211 808
5809 4924 885 4871 938
4782 4032 750 3990 792
5014 4272 742 4234 780
5069 4204 865 4161 908
5157 4338 819 4287 870
5440 4589 851 4526 914
4781 4043 738 3999 782
4655 3938 717 3888 767
5328 4451 877 4399 929
4874 4068 806 4024 850
5152 4347 805 4298 854
5346 4529 817 4477 869
5338 4500 838 4448 890
5241 4420 821 4361 880
4948 4158 790 4099 849
5264 4446 818 4389 875
5453 4629 824 4570 883
5057 4270 787 4224 833
5092 4282 810 4234 858
5269 4450 819 4401 868
5270 4418 852 4362 908
5411 4547 864 4510 901
5086 4241 845 4202 884
5149 4383 766 4333 816
4745 4031 714 3985 760
5985 5025 960 4974 1011
5413 4538 875 4491 922
5417 4522 895 4470 947
4972 4233 739 4194 778
4975 4206 769 4165 810
4884 4120 764 4063 821
5416 4562 854 4502 914
5027 4289 738 4250 777
5202 4365 837 4319 883
4754 4010 744 3967 787
5130 4332 798 4292 838
5334 4465 869 4420 914
4697 3967 730 3920 777
5157 4365 792 4320 837
5230 4438 792 4393 837
5090 4324 766 4262 828
5091 4378 713 4319 772
5103 4278 825 4244 859
5173 4341 832 4298 875
5657 4745 912 4696 961
4976 4196 780 4158 818
5262 4413 849 4355 907
5445 4592 853 4522 923
5031 4264 767 4215 816
5382 4551 831 4495 887
5180 4399 781 4351 829
5374 4558 816 4501 873
5233 4410 823 4356 877
5430 4567 863 4505 925
5370 4522 848 4469 901
5185 4342 843 4304 881
5078 4225 853 4177 901
5895 4991 904 4933 962
4942 4165 777 4120 822
5171 4312 859 4264 907
5055 4245 810 4189 866
5097 4241 856 4182 915
5019 4224 795 4162 857
4893 4157 736 4110 783
4784 4028 756 3985 799
5716 4847 869 4786 930
4941 4183 758 4131 810
5485 4654 831 4607 878
5122 4317 805 4266 856
5133 4331 802 4281 852
5302 4497 805 4444 858
5457 4590 867 4541 916
4868 4089 779 4041 827
4901 4176 725 4132 769
5321 4496 825 4436 885
5169 4339 830 4293 876
5400 4547 853 4497 903
5002 4206 796 4161 841
5010 4229 781 4181 829
5356 4536 820 4485 871
4868 4134 734 4080 788
5170 4364 806 4304 866
4704 3978 726 3939 765
5140 4317 823 4279 861
5384 4514 870 4457 927
5145 4315 830 4264 881
5130 4338 792 4301 829
5186 4370 816 4313 873
4748 4017 731 3975 773
4757 3996 761 3964 793
5392 4526 866 4462 930
4942 4191 751 4150 792
5160 4344 816 4303 857
4809 4078 731 4031 778
4979 4183 796 4137 842
5078 4279 799 4232 846
5103 4272 831 4219 884
5224 4424 800 4366 858
5182 4407 775 4351 831
5247 4429 818 4372 875
5227 4392 835 4339 888
5107 4255 852 4207 900
5405 4519 886 4470 935
5695 4795 900 4735 960
4995 4193 802 4140 855
4998 4198 800 4157 841
4985 4181 804 4120 865
5194 4391 803 4343 851
4855 4116 739 4070 785
5506 4683 823 4629 877
5371 4539 832 4484 887
5525 4698 827 4645 880
5236 4448 788 4401 835
5263 4420 843 4371 892
5022 4277 745 4230 792
5265 4459 806 4396 869
5084 4303 781 4258 826
4918 4151 767 4115 803
5130 4305 825 4260 870
5457 4610 847 4563 894
5106 4282 824 4233 873
5622 4743 879 4681 941
5198 4392 806 4347 851
5293 4499 794 4442 851
5141 4355 786 4312 829
5091 4280 811 4230 861
5452 4577 875 4532 920
5201 4392 809 4345 856
5312 4477 835 4428 884
4928 4149 779 4094 834
5205 4385 820 4341 864
4619 3880 739 3832 787
5591 4694 897 4647 944
4831 4090 741 4036 795
4978 4188 790 4143 835
4905 4138 767 4092 813
5114 4291 823 4239 875
5002 4219 783 4179 823
5109 4262 847 4207 902
5169 4412 757 4367 802
5119 4301 818 4252 867
5135 4297 838 4248 887
5264 4433 831 4392 872
5225 4423 802 4364 861
5150 4361 789 4321 829
4946 4205 741 4146 800
5398 4625 773 4557 841
5212 4413 799 4346 866
5235 4376 859 4326 909
5363 4518 845 4466 897
5160 4360 800 4308 852
5280 4452 828 4391 889
5291 4446 845 4383 908
5080 4248 832 4206 874
4887 4150 737 4095 792
5294 4500 794 4440 854
5509 4681 828 4634 875
5564 4657 907 4607 957
4962 4188 774 4136 826
5241 4426 815 4376 865
5267 4420 847 4367 900
5098 4325 773 4290 808
5282 4489 793 4438 844
5464 4626 838 4592 872
5047 4274 773 4223 824
5420 4577 843 4513 907
4957 4206 751 4173 784
5152 4396 756 4343 809
5188 4325 863 4271 917
5237 4442 795 4397 840
5389 4555 834 4513 876
5908 4998 910 4950 958
5171 4344 827 4289 882
4881 4117 764 4069 812
5453 4602 851 4548 905
5112 4324 788 4275 837
5059 4231 828 4179 880
4751 3982 769 3927 824
5478 4669 809 4620 858
4925 4177 748 4125 800
5159 4347 812 4291 868
4662 3899 763 3866 796
5066 4262 804 4199 867
4995 4237 758 4194 801
5392 4557 835 4497 895
4965 4192 773 4145 820
5198 4412 786 4354 844
5320 4539 781 4493 827
5095 4289 806 4229 866
5316 4489 827 4446 870
5175 4378 797 4325 850
5286 4481 805 4425 861
5089 4353 736 4294 795
5065 4239 826 4184 881
5381 4583 798 4531 850
5081 4346 735 4300 781
5412 4610 802 4555 857
5320 4465 855 4419 901
5202 4419 783 4377 825
5178 4416 762 4351 827
5121 4280 841 4222 899
4930 4154 776 4108 822
5388 4546 842 4493 895
5680 4791 889 4746 934
5425 4561 864 4519 906
5088 4289 799 4235 853
4794 4071 723 4026 768
5484 4660 824 4603 881
5093 4304 789 4264 829
5221 4421 800 4375 846
5513 4671 842 4633 880
5049 4257 792 4208 841
4815 4073 742 4028 787
5821 4905 916 4859 962
5173 4328 845 4277 896
4917 4104 813 4054 863
5373 4539 834 4487 886
5526 4658 868 4617 909
5675 4798 877 4749 926
5248 4395 853 4343 905
5466 4568 898 4515 951
5168 4376 792 4331 837
5180 4370 810 4322 858
5023 4264 759 4221 802
5231 4415 816 4357 874
4976 4212 764 4153 823
5055 4286 769 4244 811
5168 4352 816 4295 873
5309 4502 807 4451 858
5220 4428 792 4376 844
4865 4123 742 4078 787
5231 4350 881 4298 933
5111 4281 830 4220 891
5408 4562 846 4522 886
5044 4272 772 4218 826
5157 4310 847 4252 905
5717 4859 858 4804 913
5102 4272 830 4232 870
5220 4417 803 4364 856
5353 4558 795 4500 853
5120 4326 794 4286 834
5017 4214 803 4166 851
5313 4471 842 4411 902
5173 4334 839 4294 879
5291 4464 827 4413 878
5111 4318 793 4265 846
5314 4464 850 4424 890
5299 4472 827 4426 873
5589 4699 890 4646 943
5049 4261 788 4220 829
5099 4330 769 4286 813
5487 4650 837 4596 891
5073 4281 792 4236 837
5092 4338 754 4286 806
4889 4074 815 4021 868
5358 4483 875 4436 922
5161 4350 811 4303 858
4982 4209 773 4158 824
4950 4177 773 4119 831
5541 4683 858 4627 914
5330 4491 839 4442 888
5197 4358 839 4305 892
4808 4064 744 4021 787
5100 4262 838 4225 875
