5578 5358 220 5355 223
5442 5250 192 5249 193
5595 5386 209 5382 213
5448 5250 198 5245 203
5562 5336 226 5334 228
5466 5257 209 5255 211
5536 5330 206 5324 212
5408 5207 201 5203 205
5419 5224 195 5222 197
5330 5136 194 5135 195
5340 5131 209 5126 214
5430 5202 228 5198 232
5718 5511 207 5510 208
5811 5557 254 5555 256
5383 5160 223 5156 227
5519 5321 198 5317 202
5451 5219 232 5219 232
5300 5100 200 5098 202
5633 5403 230 5402 231
5333 5109 224 5108 225
5221 5009 212 5004 217
5519 5319 200 5314 205
5610 5394 216 5389 221
5044 4847 197 4847 197
5579 5367 212 5366 213
5613 5401 212 5395 218
5790 5563 227 5555 235
5136 4951 185 4949 187
5131 4920 211 4917 214
5626 5403 223 5401 225
5698 5464 234 5456 242
5684 5467 217 5463 221
5319 5119 200 5117 202
5425 5208 217 5206 219
5316 5120 196 5117 199
5799 5568 231 5565 234
5393 5161 232 5153 240
5256 5035 221 5029 227
4981 4772 209 4768 213
5139 4937 202 4934 205
5323 5123 200 5119 204
5399 5217 182 5214 185
5277 5046 231 5044 233
5590 5362 228 5362 228
5355 5154 201 5151 204
5853 5610 243 5602 251
5252 5039 213 5034 218
5545 5328 217 5320 225
5453 5248 205 5245 208
5520 5317 203 5313 207
5255 5033 222 5028 227
5195 4987 208 4987 208
5207 5013 194 5008 199
5686 5477 209 5473 213
5468 5248 220 5245 223
5366 5198 168 5193 173
5033 4839 194 4835 198
5456 5228 228 5226 230
5177 4981 196 4978 199
5285 5056 229 5054 231
5099 4898 201 4894 205
5120 4920 200 4918 202
5301 5099 202 5094 207
5269 5062 207 5057 212
5135 4928 207 4925 210
4837 4630 207 4626 211
5119 4934 185 4932 187
5166 4974 192 4969 197
4846 4655 191 4654 192
5491 5236 255 5234 257
5221 5032 189 5028 193
4685 4523 162 4520 165
4924 4733 191 4731 193
5166 4968 198 4966 200
5114 4914 200 4911 203
5493 5290 203 5286 207
4966 4791 175 4787 179
4872 4687 185 4686 186
5029 4842 187 4837 192
4847 4669 178 4663 184
4809 4602 207 4602 207
4931 4723 208 4722 209
4973 4789 184 4787 186
5008 4816 192 4815 193
5155 4959 196 4957 198
5478 5286 192 5284 194
5222 5036 186 5035 187
4961 4790 171 4787 174
5420 5189 231 5186 234
5381 5154 227 5150 231
5076 4904 172 4902 174
5177 4993 184 4991 186
5075 4878 197 4876 199
5253 5065 188 5064 189
5151 4940 211 4939 212
5015 4792 223 4790 225
5041 4857 184 4851 190
5185 4987 198 4981 204
4951 4743 208 4743 208
5324 5115 209 5110 214
4974 4777 197 4773 201
4925 4739 186 4736 189
4876 4691 185 4690 186
5090 4891 199 4883 207
5633 5426 207 5425 208
4856 4657 199 4655 201
5134 4932 202 4930 204
4780 4561 219 4560 220
5161 4943 218 4937 224
4994 4804 190 4800 194
5369 5165 204 5162 207
5113 4908 205 4907 206
5288 5085 203 5083 205
5018 4797 221 4793 225
5518 5298 220 5295 223
5431 5202 229 5198 233
5081 4905 176 4905 176
5376 5184 192 5181 195
4724 4545 179 4542 182
5071 4879 192 4876 195
4931 4731 200 4727 204
4915 4715 200 4714 201
4899 4697 202 4695 204
5107 4912 195 4910 197
4982 4795 187 4789 193
4767 4567 200 4565 202
5056 4862 194 4861 195
5229 5040 189 5039 190
5449 5230 219 5227 222
5343 5112 231 5109 234
5158 4974 184 4969 189
5612 5383 229 5381 231
5231 5052 179 5050 181
5079 4875 204 4871 208
5324 5118 206 5111 213
5066 4850 216 4849 217
4980 4796 184 4791 189
5241 5054 187 5051 190
5271 5056 215 5049 222
5209 4991 218 4989 220
5046 4852 194 4849 197
4935 4742 193 4742 193
5208 5021 187 5016 192
5020 4832 188 4829 191
4963 4786 177 4784 179
5449 5246 203 5246 203
5082 4883 199 4879 203
5101 4918 183 4917 184
5368 5155 213 5153 215
5398 5165 233 5165 233
5538 5354 184 5351 187
5630 5432 198 5430 200
5580 5362 218 5356 224
4948 4737 211 4737 211
5483 5287 196 5282 201
5393 5181 212 5181 212
5562 5328 234 5325 237
5819 5593 226 5592 227
5704 5491 213 5488 216
5538 5333 205 5330 208
5517 5307 210 5304 213
5667 5455 212 5454 213
5529 5304 225 5302 227
5479 5272 207 5267 212
5807 5589 218 5582 225
4794 4618 176 4616 178
5452 5251 201 5248 204
5353 5159 194 5155 198
5531 5340 191 5337 194
4828 4670 158 4667 161
5733 5489 244 5485 248
5652 5415 237 5410 242
5836 5616 220 5613 223
5237 4999 238 4998 239
5111 4939 172 4934 177
5785 5553 232 5547 238
5384 5171 213 5170 214
5484 5270 214 5264 220
5414 5210 204 5209 205
5722 5499 223 5497 225
5795 5577 218 5576 219
4666 4498 168 4496 170
5504 5295 209 5291 213
5533 5299 234 5299 234
5123 4921 202 4916 207
5336 5119 217 5118 218
5145 4944 201 4939 206
5517 5309 208 5308 209
5064 4855 209 4852 212
4959 4756 203 4754 205
5855 5619 236 5616 239
5335 5142 193 5141 194
5415 5196 219 5194 221
4940 4737 203 4734 206
5043 4859 184 4856 187
5103 4895 208 4893 210
5167 4965 202 4961 206
5366 5177 189 5174 192
5005 4791 214 4789 216
5349 5136 213 5133 216
5891 5684 207 5681 210
5123 4928 195 4923 200
5630 5396 234 5393 237
5565 5358 207 5358 207
5616 5406 210 5403 213
5154 4957 197 4956 198
5389 5165 224 5163 226
5562 5382 180 5379 183
4829 4633 196 4632 197
5005 4792 213 4789 216
5022 4835 187 4835 187
5496 5262 234 5258 238
5633 5425 208 5424 209
5403 5201 202 5198 205
5295 5080 215 5077 218
5367 5177 190 5175 192
5037 4840 197 4838 199
4992 4767 225 4762 230
5242 5041 201 5038 204
5511 5282 229 5279 232
5287 5085 202 5084 203
5017 4834 183 4832 185
5063 4868 195 4867 196
5499 5284 215 5280 219
5345 5127 218 5124 221
5186 4993 193 4990 196
5273 5091 182 5088 185
5382 5167 215 5165 217
5441 5244 197 5242 199
5180 4979 201 4976 204
5121 4910 211 4908 213
4714 4558 156 4557 157
5082 4884 198 4882 200
5167 4968 199 4966 201
5566 5324 242 5322 244
5169 4954 215 4952 217
5435 5222 213 5221 214
4910 4726 184 4723 187
5708 5468 240 5466 242
5857 5650 207 5647 210
5592 5389 203 5386 206
5012 4800 212 4798 214
4998 4821 177 4819 179
5397 5189 208 5186 211
5376 5146 230 5144 232
4932 4767 165 4764 168
5392 5194 198 5190 202
5370 5131 239 5130 240
5166 4958 208 4953 213
4873 4654 219 4654 219
5214 5000 214 4998 216
5211 5037 174 5032 179
5180 4972 208 4970 210
5061 4866 195 4861 200
5242 5041 201 5040 202
4780 4585 195 4582 198
5322 5112 210 5109 213
5184 4957 227 4952 232
5232 5024 208 5023 209
5290 5105 185 5100 190
5001 4796 205 4796 205
5311 5128 183 5124 187
5126 4915 211 4911 215
5340 5121 219 5113 227
5124 4927 197 4925 199
5070 4870 200 4869 201
5324 5106 218 5103 221
5280 5084 196 5081 199
5598 5398 200 5395 203
5150 4963 187 4959 191
5032 4805 227 4804 228
5175 4969 206 4968 207
5219 5024 195 5020 199
4939 4726 213 4720 219
5381 5150 231 5145 236
5351 5140 211 5132 219
5395 5165 230 5162 233
5159 4952 207 4952 207
5110 4899 211 4896 214
5503 5291 212 5290 213
5551 5331 220 5330 221
5373 5148 225 5147 226
5512 5303 209 5301 211
5475 5281 194 5277 198
5154 4943 211 4941 213
5276 5079 197 5075 201
5755 5548 207 5544 211
5379 5146 233 5142 237
5245 5047 198 5046 199
4786 4563 223 4560 226
5397 5212 185 5207 190
5654 5445 209 5442 212
5132 4946 186 4941 191
5155 4949 206 4945 210
5333 5129 204 5124 209
5336 5103 233 5101 235
5416 5184 232 5182 234
5006 4795 211 4792 214
5101 4892 209 4890 211
5316 5124 192 5121 195
5331 5100 231 5098 233
5131 4907 224 4904 227
5193 4991 202 4990 203
5305 5091 214 5087 218
5642 5430 212 5428 214
5025 4820 205 4818 207
4945 4756 189 4755 190
5200 4993 207 4986 214
5339 5115 224 5110 229
5320 5119 201 5116 204
5159 4954 205 4949 210
4827 4613 214 4610 217
5726 5513 213 5510 216
5345 5110 235 5106 239
4906 4703 203 4703 203
4535 4364 171 4362 173
5057 4855 202 4853 204
5250 5056 194 5052 198
5446 5217 229 5211 235
4837 4641 196 4640 197
5086 4894 192 4892 194
5425 5201 224 5198 227
5162 4937 225 4935 227
5206 5022 184 5017 189
5063 4869 194 4866 197
5103 4902 201 4899 204
5105 4923 182 4921 184
5248 5053 195 5048 200
4922 4745 177 4744 178
5321 5136 185 5133 188
4983 4795 188 4793 190
5302 5096 206 5094 208
5042 4842 200 4840 202
5306 5101 205 5097 209
5043 4830 213 4827 216
5561 5364 197 5362 199
5242 5034 208 5031 211
4957 4703 254 4702 255
5158 4949 209 4947 211
4815 4628 187 4624 191
5112 4908 204 4906 206
5259 5088 171 5088 171
5386 5171 215 5164 222
4930 4740 190 4738 192
5235 5025 210 5025 210
5474 5256 218 5256 218
5298 5068 230 5064 234
5563 5341 222 5335 228
5098 4903 195 4899 199
4838 4637 201 4634 204
5156 4968 188 4962 194
5350 5160 190 5158 192
5015 4823 192 4822 193
5428 5223 205 5218 210
4982 4779 203 4778 204
5297 5078 219 5077 220
5419 5199 220 5197 222
5076 4916 160 4914 162
5045 4851 194 4849 196
5403 5185 218 5179 224
4956 4752 204 4745 211
5140 4920 220 4920 220
5014 4818 196 4815 199
5433 5237 196 5236 197
5129 4938 191 4933 196
5319 5127 192 5124 195
5404 5198 206 5195 209
5280 5056 224 5053 227
5600 5381 219 5377 223
5272 5043 229 5042 230
5465 5238 227 5231 234
4659 4494 165 4491 168
5002 4794 208 4788 214
5337 5146 191 5145 192
4756 4554 202 4554 202
5279 5080 199 5076 203
5045 4828 217 4828 217
4917 4729 188 4726 191
4867 4674 193 4668 199
5144 4935 209 4934 210
4885 4700 185 4697 188
5329 5118 211 5117 212
5088 4852 236 4848 240
5029 4813 216 4811 218
4994 4800 194 4799 195
5226 5039 187 5036 190
5267 5056 211 5052 215
5246 5043 203 5041 205
5162 4981 181 4979 183
4995 4780 215 4778 217
5076 4890 186 4888 188
4926 4745 181 4740 186
5277 5066 211 5064 213
4950 4752 198 4752 198
4951 4774 177 4770 181
5203 5007 196 5004 199
5567 5331 236 5329 238
5266 5034 232 5031 235
5557 5319 238 5313 244
5518 5304 214 5301 217
5307 5103 204 5101 206
5165 4954 211 4952 213
5147 4967 180 4965 182
5298 5097 201 5095 203
5089 4891 198 4886 203
4762 4573 189 4569 193
5364 5131 233 5127 237
4887 4688 199 4686 201
5358 5137 221 5133 225
5231 5015 216 5011 220
5357 5161 196 5157 200
5041 4822 219 4817 224
5247 5041 206 5038 209
5483 5244 239 5240 243
4949 4751 198 4748 201
5128 4911 217 4910 218
5310 5111 199 5111 199
4860 4677 183 4676 184
5293 5081 212 5077 216
4988 4776 212 4770 218
5261 5038 223 5035 226
5319 5115 204 5114 205
5064 4866 198 4865 199
4901 4702 199 4701 200
4975 4780 195 4776 199
4852 4691 161 4689 163
5354 5157 197 5152 202
5503 5278 225 5274 229
5281 5078 203 5073 208
5095 4881 214 4880 215
5022 4813 209 4813 209
5000 4799 201 4797 203
4836 4634 202 4632 204
5018 4837 181 4833 185
4974 4783 191 4780 194
5428 5209 219 5206 222
5007 4819 188 4813 194
4820 4624 196 4618 202
5147 4945 202 4943 204
5302 5101 201 5098 204
5277 5070 207 5065 212
5545 5319 226 5316 229
4972 4778 194 4777 195
5350 5128 222 5122 228
4886 4695 191 4694 192
5343 5146 197 5141 202
4823 4643 180 4639 184
5266 5054 212 5052 214
5139 4926 213 4923 216
5183 4978 205 4977 206
4990 4809 181 4807 183
5199 4996 203 4993 206
5214 5010 204 5008 206
5165 4976 189 4973 192
5644 5414 230 5412 232
5101 4896 205 4893 208
5876 5653 223 5651 225
4958 4752 206 4750 208
5192 4981 211 4977 215
4439 4284 155 4284 155
5146 4963 183 4961 185
5172 4982 190 4979 193
5199 5017 182 5016 183
5243 5063 180 5060 183
5056 4863 193 4861 195
5292 5093 199 5090 202
4911 4710 201 4709 202
5554 5345 209 5342 212
5148 4941 207 4935 213
4955 4765 190 4763 192
5199 4995 204 4992 207
5268 5039 229 5038 230
5039 4825 214 4824 215
5342 5131 211 5129 213
4745 4573 172 4570 175
4663 4480 183 4477 186
5088 4885 203 4884 204
4774 4581 193 4580 194
5007 4787 220 4782 225
5146 4945 201 4944 202
5129 4912 217 4910 219
5303 5111 192 5108 195
5453 5208 245 5206 247
5086 4884 202 4880 206
5176 4963 213 4962 214
5347 5171 176 5170 177
5139 4936 203 4934 205
5065 4894 171 4894 171
4848 4667 181 4665 183
5270 5058 212 5052 218
5067 4873 194 4868 199
5041 4846 195 4845 196
4860 4683 177 4678 182
5484 5280 204 5279 205
5153 4968 185 4967 186
5391 5152 239 5146 245
5303 5081 222 5079 224
4621 4455 166 4454 167
5063 4899 164 4895 168
5206 4994 212 4992 214
5788 5554 234 5551 237
5180 4994 186 4987 193
4638 4440 198 4434 204
4928 4731 197 4730 198
4999 4810 189 4803 196
5005 4819 186 4816 189
5223 5016 207 5014 209
5117 4921 196 4920 197
5068 4885 183 4883 185
5182 4969 213 4965 217
4951 4749 202 4749 202
5440 5235 205 5235 205
4822 4630 192 4626 196
4832 4654 178 4650 182
5632 5404 228 5400 232
5208 5003 205 5002 206
4971 4792 179 4790 181
5088 4889 199 4887 201
5201 4973 228 4973 228
5443 5255 188 5251 192
5529 5317 212 5315 214
5429 5219 210 5212 217
5711 5495 216 5490 221
5373 5158 215 5155 218
5349 5121 228 5120 229
4928 4728 200 4723 205
5287 5065 222 5063 224
5181 4968 213 4964 217
5262 5048 214 5043 219
5306 5104 202 5103 203
5388 5157 231 5155 233
5294 5074 220 5072 222
5186 4991 195 4990 196
5122 4939 183 4938 184
5086 4902 184 4901 185
4801 4591 210 4587 214
5058 4864 194 4859 199
4832 4640 192 4639 193
5121 4949 172 4949 172
4962 4785 177 4782 180
5040 4848 192 4847 193
4740 4547 193 4544 196
5121 4901 220 4898 223
5280 5058 222 5054 226
5001 4792 209 4789 212
5257 5056 201 5052 205
5110 4925 185 4920 190
5556 5335 221 5329 227
4997 4808 189 4807 190
5351 5144 207 5141 210
5120 4907 213 4904 216
5134 4931 203 4929 205
4884 4693 191 4690 194
5094 4891 203 4891 203
5143 4946 197 4944 199
4852 4664 188 4659 193
5321 5096 225 5093 228
5286 5103 183 5102 184
5158 4975 183 4973 185
5071 4864 207 4862 209
5297 5112 185 5109 188
5265 5070 195 5066 199
5102 4908 194 4903 199
4985 4777 208 4772 213
4985 4792 193 4791 194
5558 5347 211 5344 214
5298 5100 198 5098 200
5012 4823 189 4823 189
5381 5152 229 5149 232
5184 4986 198 4985 199
4944 4748 196 4745 199
5111 4916 195 4913 198
4921 4726 195 4723 198
4984 4814 170 4811 173
5250 5069 181 5063 187
5305 5061 244 5058 247
5387 5178 209 5174 213
5010 4804 206 4804 206
5169 4942 227 4940 229
5228 5013 215 5010 218
5155 4960 195 4956 199
5370 5161 209 5160 210
4793 4608 185 4604 189
4840 4633 207 4631 209
5042 4849 193 4849 193
5481 5271 210 5268 213
5222 5019 203 5018 204
4941 4748 193 4746 195
5135 4922 213 4920 215
5243 5010 233 5010 233
5172 4955 217 4954 218
5590 5386 204 5382 208
5435 5253 182 5249 186
5198 4978 220 4974 224
5437 5221 216 5216 221
5353 5148 205 5143 210
5204 4962 242 4958 246
5085 4896 189 4892 193
5270 5067 203 5065 205
5088 4900 188 4898 190
5271 5079 192 5073 198
5435 5207 228 5205 230
5214 5002 212 4998 216
5193 4973 220 4968 225
5584 5365 219 5363 221
5412 5193 219 5191 221
5051 4845 206 4844 207
5024 4856 168 4856 168
4994 4782 212 4777 217
5312 5076 236 5073 239
4983 4797 186 4794 189
5172 4979 193 4977 195
5208 5003 205 5001 207
4915 4730 185 4730 185
4942 4744 198 4743 199
5361 5144 217 5141 220
5236 5041 195 5040 196
4824 4613 211 4611 213
5306 5106 200 5103 203
5099 4887 212 4885 214
4946 4726 220 4725 221
5481 5249 232 5246 235
5326 5137 189 5135 191
5494 5274 220 5272 222
4944 4737 207 4736 208
4895 4709 186 4705 190
4763 4575 188 4574 189
5369 5173 196 5169 200
4704 4518 186 4517 187
5181 4962 219 4959 222
5076 4865 211 4862 214
5255 5053 202 5049 206
4985 4805 180 4803 182
4969 4797 172 4796 173
5031 4835 196 4832 199
4676 4491 185 4485 191
4819 4634 185 4632 187
5200 4993 207 4992 208
4849 4671 178 4667 182
5144 4949 195 4947 197
5353 5157 196 5153 200
5040 4841 199 4836 204
5152 4948 204 4945 207
5282 5059 223 5057 225
4757 4546 211 4545 212
4802 4635 167 4631 171
4693 4511 182 4507 186
5182 4991 191 4984 198
5268 5054 214 5052 216
5047 4869 178 4864 183
5378 5157 221 5156 222
5240 5016 224 5016 224
4979 4777 202 4774 205
5428 5210 218 5207 221
4886 4703 183 4698 188
4913 4703 210 4698 215
5074 4881 193 4879 195
5079 4881 198 4876 203
4865 4691 174 4690 175
5045 4839 206 4835 210
5078 4870 208 4868 210
5190 4985 205 4984 206
5255 5040 215 5040 215
5359 5176 183 5175 184
4935 4725 210 4722 213
5267 5067 200 5062 205
5197 4988 209 4983 214
5202 5019 183 5015 187
5012 4823 189 4823 189
4995 4806 189 4805 190
5168 4946 222 4943 225
5522 5326 196 5324 198
4969 4777 192 4775 194
5151 4967 184 4964 187
5241 5019 222 5011 230
4825 4640 185 4639 186
4994 4802 192 4802 192
4990 4794 196 4793 197
5274 5058 216 5056 218
4931 4723 208 4720 211
4935 4748 187 4745 190
4772 4578 194 4577 195
4925 4736 189 4734 191
4670 4502 168 4499 171
5153 4934 219 4933 220
5221 5004 217 5000 221
5362 5141 221 5137 225
5194 4998 196 4991 203
5000 4800 200 4797 203
5263 5070 193 5068 195
4906 4714 192 4709 197
5572 5341 231 5340 232
5172 4973 199 4971 201
4835 4631 204 4627 208
5028 4854 174 4852 176
5590 5364 226 5359 231
5029 4848 181 4847 182
4694 4529 165 4527 167
4853 4688 165 4685 168
4909 4703 206 4698 211
4947 4740 207 4738 209
5260 5041 219 5039 221
4927 4730 197 4724 203
5000 4799 201 4797 203
4949 4758 191 4755 194
5147 4954 193 4951 196
5616 5398 218 5394 222
5057 4870 187 4867 190
5120 4920 200 4918 202
5276 5069 207 5065 211
4559 4378 181 4377 182
5137 4946 191 4943 194
4981 4764 217 4762 219
4832 4669 163 4666 166
5376 5155 221 5153 223
4961 4768 193 4766 195
5271 5060 211 5059 212
4934 4735 199 4734 200
5012 4817 195 4810 202
4948 4744 204 4742 206
5126 4935 191 4931 195
5111 4896 215 4893 218
5241 5047 194 5041 200
4766 4560 206 4554 212
5120 4915 205 4912 208
5039 4815 224 4815 224
5588 5379 209 5376 212
5244 5026 218 5022 222
5887 5673 214 5670 217
5425 5206 219 5201 224
5522 5288 234 5286 236
5284 5079 205 5075 209
5171 4987 184 4986 185
5099 4883 216 4880 219
5346 5148 198 5146 200
5019 4810 209 4808 211
5809 5566 243 5565 244
4782 4608 174 4604 178
5014 4816 198 4812 202
5069 4862 207 4857 212
5157 4964 193 4961 196
5440 5226 214 5223 217
4781 4617 164 4615 166
4655 4479 176 4476 179
5328 5150 178 5146 182
4874 4651 223 4648 226
5152 4948 204 4947 205
5346 5123 223 5120 226
5338 5121 217 5116 222
5241 5031 210 5029 212
4948 4763 185 4760 188
5264 5054 210 5050 214
5453 5205 248 5201 252
5057 4846 211 4839 218
5092 4858 234 4858 234
5269 5078 191 5075 194
5270 5066 204 5061 209
5411 5216 195 5213 198
5086 4884 202 4883 203
5149 4919 230 4914 235
4745 4553 192 4548 197
5985 5785 200 5781 204
5413 5199 214 5197 216
5417 5214 203 5209 208
4972 4782 190 4779 193
4975 4785 190 4783 192
4884 4691 193 4690 194
5416 5215 201 5211 205
5027 4823 204 4819 208
5202 5001 201 4999 203
4754 4554 200 4552 202
5130 4922 208 4919 211
5334 5128 206 5128 206
4697 4515 182 4511 186
5157 4969 188 4969 188
5230 4986 244 4985 245
5090 4864 226 4860 230
5091 4876 215 4876 215
5103 4912 191 4911 192
5173 4986 187 4981 192
5657 5437 220 5434 223
4976 4780 196 4775 201
5262 5081 181 5078 184
5445 5261 184 5258 187
5031 4847 184 4844 187
5382 5185 197 5182 200
5180 4991 189 4989 191
5374 5165 209 5164 210
5233 5024 209 5018 215
5430 5222 208 5218 212
5370 5175 195 5173 197
5185 4970 215 4968 217
5078 4904 174 4900 178
5895 5657 238 5653 242
4942 4744 198 4739 203
5171 4992 179 4988 183
5055 4858 197 4856 199
5097 4903 194 4900 197
5019 4830 189 4827 192
4893 4699 194 4698 195
4784 4594 190 4590 194
5716 5510 206 5508 208
4941 4771 170 4769 172
5485 5292 193 5287 198
5122 4904 218 4902 220
5133 4908 225 4906 227
5302 5094 208 5089 213
5457 5246 211 5242 215
4868 4676 192 4672 196
4901 4712 189 4710 191
5321 5118 203 5115 206
5169 4956 213 4952 217
5400 5182 218 5177 223
5002 4825 177 4822 180
5010 4793 217 4790 220
5356 5157 199 5151 205
4868 4671 197 4668 200
5170 4956 214 4954 216
4704 4504 200 4500 204
5140 4940 200 4938 202
5384 5173 211 5166 218
5145 4940 205 4936 209
5130 4943 187 4943 187
5186 4957 229 4956 230
4748 4567 181 4565 183
4757 4593 164 4593 164
5392 5165 227 5161 231
4942 4732 210 4731 211
5160 4942 218 4938 222
4809 4602 207 4597 212
4979 4801 178 4795 184
5078 4864 214 4861 217
5103 4894 209 4891 212
5224 5023 201 5018 206
5182 4979 203 4975 207
5247 5050 197 5045 202
5227 5033 194 5031 196
5107 4917 190 4914 193
5405 5192 213 5190 215
5695 5470 225 5467 228
4995 4812 183 4809 186
4998 4800 198 4797 201
4985 4795 190 4790 195
5194 4985 209 4980 214
4855 4664 191 4663 192
5506 5278 228 5272 234
5371 5157 214 5156 215
5525 5292 233 5288 237
5236 5026 210 5019 217
5263 5039 224 5038 225
5022 4843 179 4840 182
5265 5069 196 5069 196
5084 4856 228 4853 231
4918 4717 201 4714 204
5130 4942 188 4937 193
5457 5260 197 5256 201
5106 4901 205 4900 206
5622 5417 205 5413 209
5198 4988 210 4983 215
5293 5106 187 5100 193
5141 4932 209 4928 213
5091 4884 207 4880 211
5452 5219 233 5216 236
5201 4988 213 4988 213
5312 5081 231 5077 235
4928 4722 206 4719 209
5205 5007 198 5003 202
4619 4452 167 4451 168
5591 5356 235 5354 237
4831 4629 202 4628 203
4978 4779 199 4779 199
4905 4710 195 4708 197
5114 4922 192 4916 198
5002 4790 212 4787 215
5109 4907 202 4905 204
5169 4956 213 4955 214
5119 4914 205 4913 206
5135 4911 224 4909 226
5264 5053 211 5048 216
5225 5007 218 5007 218
5150 4961 189 4959 191
4946 4748 198 4746 200
5398 5160 238 5157 241
5212 4991 221 4989 223
5235 5007 228 5005 230
5363 5157 206 5153 210
5160 4971 189 4962 198
5280 5093 187 5092 188
5291 5073 218 5070 221
5080 4894 186 4891 189
4887 4689 198 4685 202
5294 5084 210 5081 213
5509 5313 196 5311 198
5564 5352 212 5348 216
4962 4763 199 4763 199
5241 5030 211 5028 213
5267 5084 183 5082 185
5098 4882 216 4880 218
5282 5073 209 5072 210
5464 5237 227 5234 230
5047 4867 180 4862 185
5420 5198 222 5195 225
4957 4769 188 4766 191
5152 4946 206 4945 207
5188 4996 192 4995 193
5237 5006 231 5001 236
5389 5170 219 5168 221
5908 5679 229 5676 232
5171 4977 194 4973 198
4881 4671 210 4668 213
5453 5251 202 5251 202
5112 4908 204 4904 208
5059 4837 222 4834 225
4751 4567 184 4558 193
5478 5294 184 5292 186
4925 4727 198 4723 202
5159 4950 209 4947 212
4662 4490 172 4488 174
5066 4887 179 4883 183
4995 4808 187 4807 188
5392 5191 201 5188 204
4965 4765 200 4763 202
5198 4982 216 4979 219
5320 5126 194 5119 201
5095 4879 216 4874 221
5316 5113 203 5112 204
5175 4964 211 4962 213
5286 5091 195 5089 197
5089 4885 204 4880 209
5065 4864 201 4861 204
5381 5176 205 5175 206
5081 4869 212 4864 217
5412 5207 205 5205 207
5320 5144 176 5143 177
5202 4984 218 4984 218
5178 4952 226 4951 227
5121 4945 176 4940 181
4930 4728 202 4725 205
5388 5180 208 5177 211
5680 5456 224 5451 229
5425 5220 205 5217 208
5088 4894 194 4889 199
4794 4609 185 4607 187
5484 5262 222 5258 226
5093 4888 205 4887 206
5221 5029 192 5028 193
5513 5313 200 5310 203
5049 4862 187 4861 188
4815 4608 207 4607 208
5821 5603 218 5598 223
5173 4973 200 4973 200
4917 4731 186 4723 194
5373 5151 222 5147 226
5526 5307 219 5304 222
5675 5453 222 5451 224
5248 5028 220 5026 222
5466 5278 188 5272 194
5168 4981 187 4981 187
5180 4982 198 4978 202
5023 4819 204 4814 209
5231 5025 206 5021 210
4976 4796 180 4795 181
5055 4852 203 4850 205
5168 4955 213 4951 217
5309 5099 210 5098 211
5220 5021 199 5016 204
4865 4689 176 4685 180
5231 5016 215 5010 221
5111 4926 185 4921 190
5408 5225 183 5224 184
5044 4833 211 4831 213
5157 4935 222 4932 225
5717 5477 240 5472 245
5102 4911 191 4909 193
5220 5014 206 5011 209
5353 5163 190 5161 192
5120 4915 205 4911 209
5017 4836 181 4835 182
5313 5107 206 5106 207
5173 4981 192 4978 195
5291 5079 212 5077 214
5111 4906 205 4902 209
5314 5096 218 5095 219
5299 5110 189 5106 193
5589 5357 232 5354 235
5049 4841 208 4836 213
5099 4890 209 4888 211
5487 5269 218 5267 220
5073 4911 162 4911 162
5092 4907 185 4906 186
4889 4709 180 4705 184
5358 5140 218 5135 223
5161 4952 209 4949 212
4982 4794 188 4793 189
4950 4751 199 4751 199
5541 5318 223 5317 224
5330 5131 199 5131 199
5197 4988 209 4987 210
4808 4612 196 4609 199
5100 4920 180 4916 184
