5578 5141 437 5133 445
5442 5032 410 5014 428
5595 5199 396 5187 408
5448 5054 394 5038 410
5562 5116 446 5106 456
5466 5072 394 5063 403
5536 5121 415 5111 425
5408 4979 429 4971 437
5419 5000 419 4988 431
5330 4935 395 4930 400
5340 4951 389 4939 401
5430 5029 401 5018 412
5718 5292 426 5285 433
5811 5389 422 5384 427
5383 5001 382 4991 392
5519 5097 422 5090 429
5451 5030 421 5020 431
5300 4872 428 4862 438
5633 5209 424 5198 435
5333 4939 394 4932 401
5221 4820 401 4812 409
5519 5093 426 5085 434
5610 5190 420 5183 427
5044 4651 393 4644 400
5579 5130 449 5117 462
5613 5196 417 5190 423
5790 5331 459 5314 476
5136 4726 410 4715 421
5131 4736 395 4719 412
5626 5236 390 5216 410
5698 5251 447 5241 457
5684 5259 425 5253 431
5319 4878 441 4864 455
5425 5015 410 5006 419
5316 4927 389 4917 399
5799 5377 422 5364 435
5393 4973 420 4960 433
5256 4859 397 4853 403
4981 4619 362 4613 368
5139 4763 376 4756 383
5323 4948 375 4940 383
5399 4984 415 4971 428
5277 4893 384 4880 397
5590 5191 399 5179 411
5355 4953 402 4947 408
5853 5408 445 5395 458
5252 4840 412 4827 425
5545 5118 427 5109 436
5453 5042 411 5028 425
5520 5080 440 5073 447
5255 4848 407 4838 417
5195 4799 396 4785 410
5207 4804 403 4795 412
5686 5242 444 5223 463
5468 5050 418 5042 426
5366 4950 416 4937 429
5033 4644 389 4632 401
5456 5017 439 5008 448
5177 4802 375 4797 380
5285 4852 433 4838 447
5099 4702 397 4690 409
5120 4748 372 4740 380
5301 4900 401 4893 408
5269 4916 353 4906 363
5135 4752 383 4742 393
4837 4451 386 4444 393
5119 4732 387 4718 401
5166 4798 368 4786 380
4846 4482 364 4475 371
5491 5076 415 5067 424
5221 4806 415 4793 428
4685 4318 367 4308 377
4924 4565 359 4556 368
5166 4808 358 4796 370
5114 4753 361 4743 371
5493 5089 404 5077 416
4966 4586 380 4577 389
4872 4516 356 4509 363
5029 4693 336 4686 343
4847 4465 382 4453 394
4809 4431 378 4419 390
4931 4557 374 4549 382
4973 4581 392 4566 407
5008 4620 388 4611 397
5155 4733 422 4724 431
5478 5062 416 5053 425
5222 4813 409 4805 417
4961 4591 370 4579 382
5420 4993 427 4982 438
5381 4977 404 4962 419
5076 4688 388 4676 400
5177 4770 407 4760 417
5075 4674 401 4659 416
5253 4831 422 4817 436
5151 4761 390 4747 404
5015 4617 398 4608 407
5041 4664 377 4651 390
5185 4803 382 4795 390
4951 4516 435 4502 449
5324 4948 376 4936 388
4974 4610 364 4594 380
4925 4568 357 4563 362
4876 4498 378 4491 385
5090 4684 406 4671 419
5633 5213 420 5198 435
4856 4473 383 4462 394
5134 4706 428 4696 438
4780 4381 399 4377 403
5161 4776 385 4766 395
4994 4609 385 4604 390
5369 4991 378 4983 386
5113 4730 383 4720 393
5288 4896 392 4886 402
5018 4652 366 4639 379
5518 5101 417 5091 427
5431 5029 402 5019 412
5081 4685 396 4673 408
5376 4940 436 4928 448
4724 4388 336 4380 344
5071 4717 354 4709 362
4931 4557 374 4552 379
4915 4553 362 4542 373
4899 4528 371 4521 378
5107 4731 376 4719 388
4982 4586 396 4578 404
4767 4413 354 4400 367
5056 4664 392 4646 410
5229 4802 427 4797 432
5449 5025 424 5018 431
5343 4963 380 4951 392
5158 4779 379 4762 396
5612 5170 442 5156 456
5231 4829 402 4819 412
5079 4676 403 4665 414
5324 4922 402 4910 414
5066 4693 373 4680 386
4980 4611 369 4601 379
5241 4880 361 4867 374
5271 4905 366 4898 373
5209 4834 375 4820 389
5046 4637 409 4625 421
4935 4549 386 4541 394
5208 4808 400 4794 414
5020 4643 377 4635 385
4963 4561 402 4549 414
5449 5020 429 5012 437
5082 4696 386 4684 398
5101 4703 398 4694 407
5368 4964 404 4950 418
5398 4988 410 4982 416
5538 5117 421 5106 432
5630 5186 444 5176 454
5580 5147 433 5135 445
4948 4559 389 4548 400
5483 5090 393 5077 406
5393 4967 426 4954 439
5562 5154 408 5145 417
5819 5384 435 5372 447
5704 5261 443 5245 459
5538 5103 435 5089 449
5517 5078 439 5065 452
5667 5238 429 5226 441
5529 5095 434 5085 444
5479 5055 424 5038 441
5807 5383 424 5366 441
4794 4454 340 4444 350
5452 5021 431 5006 446
5353 4957 396 4946 407
5531 5108 423 5092 439
4828 4453 375 4443 385
5733 5341 392 5324 409
5652 5212 440 5198 454
5836 5378 458 5366 470
5237 4846 391 4838 399
5111 4700 411 4691 420
5785 5342 443 5328 457
5384 4956 428 4944 440
5484 5090 394 5078 406
5414 4996 418 4984 430
5722 5266 456 5254 468
5795 5352 443 5340 455
4666 4309 357 4304 362
5504 5074 430 5062 442
5533 5125 408 5108 425
5123 4751 372 4736 387
5336 4963 373 4959 377
5145 4798 347 4787 358
5517 5087 430 5073 444
5064 4670 394 4656 408
4959 4609 350 4595 364
5855 5397 458 5380 475
5335 4877 458 4859 476
5415 5027 388 5017 398
4940 4534 406 4526 414
5043 4629 414 4625 418
5103 4710 393 4703 400
5167 4799 368 4786 381
5366 4957 409 4946 420
5005 4635 370 4624 381
5349 4953 396 4938 411
5891 5441 450 5428 463
5123 4763 360 4748 375
5630 5188 442 5172 458
5565 5142 423 5127 438
5616 5188 428 5173 443
5154 4774 380 4760 394
5389 4964 425 4946 443
5562 5128 434 5115 447
4829 4462 367 4448 381
5005 4619 386 4607 398
5022 4656 366 4643 379
5496 5072 424 5061 435
5633 5178 455 5162 471
5403 4985 418 4967 436
5295 4902 393 4892 403
5367 4965 402 4956 411
5037 4687 350 4678 359
4992 4602 390 4588 404
5242 4854 388 4843 399
5511 5063 448 5048 463
5287 4886 401 4875 412
5017 4611 406 4595 422
5063 4677 386 4662 401
5499 5074 425 5055 444
5345 4912 433 4901 444
5186 4828 358 4814 372
5273 4874 399 4859 414
5382 4995 387 4984 398
5441 5024 417 5016 425
5180 4781 399 4767 413
5121 4750 371 4739 382
4714 4365 349 4357 357
5082 4700 382 4687 395
5167 4767 400 4755 412
5566 5115 451 5108 458
5169 4778 391 4770 399
5435 5032 403 5020 415
4910 4498 412 4491 419
5708 5264 444 5257 451
5857 5416 441 5409 448
5592 5185 407 5176 416
5012 4635 377 4622 390
4998 4608 390 4591 407
5397 4979 418 4963 434
5376 4972 404 4959 417
4932 4560 372 4553 379
5392 4966 426 4954 438
5370 4940 430 4925 445
5166 4759 407 4745 421
4873 4507 366 4498 375
5214 4848 366 4839 375
5211 4829 382 4813 398
5180 4791 389 4783 397
5061 4672 389 4666 395
5242 4843 399 4828 414
4780 4441 339 4435 345
5322 4921 401 4907 415
5184 4758 426 4745 439
5232 4897 335 4887 345
5290 4910 380 4905 385
5001 4612 389 4603 398
5311 4910 401 4902 409
5126 4745 381 4736 390
5340 4922 418 4908 432
5124 4730 394 4721 403
5070 4691 379 4682 388
5324 4886 438 4874 450
5280 4886 394 4876 404
5598 5194 404 5183 415
5150 4766 384 4753 397
5032 4660 372 4650 382
5175 4772 403 4765 410
5219 4825 394 4814 405
4939 4578 361 4569 370
5381 4940 441 4929 452
5351 4948 403 4938 413
5395 4969 426 4958 437
5159 4763 396 4752 407
5110 4716 394 4708 402
5503 5040 463 5027 476
5551 5134 417 5124 427
5373 4968 405 4958 415
5512 5100 412 5079 433
5475 5051 424 5046 429
5154 4768 386 4762 392
5276 4850 426 4842 434
5755 5333 422 5315 440
5379 4995 384 4987 392
5245 4874 371 4866 379
4786 4409 377 4400 386
5397 4990 407 4978 419
5654 5253 401 5243 411
5132 4685 447 4678 454
5155 4739 416 4725 430
5333 4941 392 4930 403
5336 4909 427 4896 440
5416 4997 419 4986 430
5006 4604 402 4595 411
5101 4700 401 4695 406
5316 4896 420 4888 428
5331 4908 423 4898 433
5131 4714 417 4709 422
5193 4775 418 4765 428
5305 4889 416 4877 428
5642 5209 433 5196 446
5025 4616 409 4609 416
4945 4565 380 4560 385
5200 4762 438 4748 452
5339 4911 428 4903 436
5320 4930 390 4911 409
5159 4746 413 4737 422
4827 4453 374 4444 383
5726 5315 411 5301 425
5345 4932 413 4923 422
4906 4518 388 4510 396
4535 4197 338 4190 345
5057 4665 392 4653 404
5250 4792 458 4781 469
5446 5009 437 5000 446
4837 4434 403 4425 412
5086 4694 392 4685 401
5425 4999 426 4983 442
5162 4733 429 4724 438
5206 4822 384 4814 392
5063 4668 395 4661 402
5103 4736 367 4720 383
5105 4725 380 4718 387
5248 4872 376 4857 391
4922 4539 383 4532 390
5321 4901 420 4890 431
4983 4586 397 4573 410
5302 4896 406 4890 412
5042 4615 427 4606 436
5306 4861 445 4854 452
5043 4682 361 4673 370
5561 5131 430 5122 439
5242 4796 446 4787 455
4957 4581 376 4567 390
5158 4788 370 4779 379
4815 4491 324 4477 338
5112 4706 406 4692 420
5259 4845 414 4831 428
5386 4983 403 4978 408
4930 4534 396 4522 408
5235 4848 387 4836 399
5474 5069 405 5061 413
5298 4881 417 4866 432
5563 5139 424 5133 430
5098 4735 363 4729 369
4838 4472 366 4464 374
5156 4773 383 4761 395
5350 4933 417 4921 429
5015 4642 373 4632 383
5428 5036 392 5031 397
4982 4626 356 4617 365
5297 4903 394 4895 402
5419 5002 417 4993 426
5076 4676 400 4659 417
5045 4631 414 4625 420
5403 4991 412 4977 426
4956 4566 390 4557 399
5140 4727 413 4715 425
5014 4605 409 4595 419
5433 5031 402 5018 415
5129 4722 407 4714 415
5319 4967 352 4954 365
5404 5004 400 4988 416
5280 4896 384 4887 393
5600 5183 417 5172 428
5272 4850 422 4843 429
5465 5021 444 5011 454
4659 4354 305 4344 315
5002 4624 378 4609 393
5337 4942 395 4931 406
4756 4398 358 4382 374
5279 4869 410 4858 421
5045 4639 406 4632 413
4917 4502 415 4494 423
4867 4518 349 4507 360
5144 4756 388 4748 396
4885 4476 409 4465 420
5329 4945 384 4934 395
5088 4693 395 4683 405
5029 4637 392 4633 396
4994 4621 373 4607 387
5226 4839 387 4825 401
5267 4850 417 4838 429
5246 4844 402 4836 410
5162 4766 396 4752 410
4995 4632 363 4618 377
5076 4688 388 4678 398
4926 4543 383 4529 397
5277 4878 399 4865 412
4950 4574 376 4560 390
4951 4588 363 4571 380
5203 4828 375 4815 388
5567 5153 414 5144 423
5266 4895 371 4878 388
5557 5141 416 5129 428
5518 5139 379 5127 391
5307 4903 404 4896 411
5165 4767 398 4750 415
5147 4739 408 4726 421
5298 4891 407 4876 422
5089 4694 395 4684 405
4762 4416 346 4403 359
5364 4971 393 4961 403
4887 4525 362 4513 374
5358 4932 426 4926 432
5231 4857 374 4852 379
5357 4958 399 4948 409
5041 4666 375 4660 381
5247 4855 392 4841 406
5483 5072 411 5059 424
4949 4559 390 4550 399
5128 4740 388 4732 396
5310 4885 425 4869 441
4860 4488 372 4476 384
5293 4858 435 4843 450
4988 4646 342 4636 352
5261 4889 372 4877 384
5319 4906 413 4893 426
5064 4670 394 4659 405
4901 4538 363 4526 375
4975 4613 362 4604 371
4852 4477 375 4470 382
5354 4913 441 4893 461
5503 5056 447 5046 457
5281 4897 384 4889 392
5095 4707 388 4697 398
5022 4653 369 4639 383
5000 4615 385 4604 396
4836 4475 361 4460 376
5018 4623 395 4610 408
4974 4575 399 4566 408
5428 5058 370 5045 383
5007 4639 368 4624 383
4820 4454 366 4443 377
5147 4752 395 4736 411
5302 4906 396 4893 409
5277 4858 419 4844 433
5545 5130 415 5114 431
4972 4586 386 4582 390
5350 4962 388 4949 401
4886 4545 341 4530 356
5343 4955 388 4943 400
4823 4455 368 4446 377
5266 4878 388 4869 397
5139 4777 362 4768 371
5183 4775 408 4763 420
4990 4599 391 4584 406
5199 4797 402 4787 412
5214 4826 388 4816 398
5165 4775 390 4761 404
5644 5213 431 5202 442
5101 4732 369 4722 379
5876 5446 430 5432 444
4958 4555 403 4544 414
5192 4803 389 4791 401
4439 4082 357 4075 364
5146 4782 364 4767 379
5172 4785 387 4771 401
5199 4824 375 4819 380
5243 4850 393 4838 405
5056 4659 397 4644 412
5292 4881 411 4870 422
4911 4562 349 4553 358
5554 5145 409 5131 423
5148 4783 365 4771 377
4955 4588 367 4578 377
5199 4795 404 4786 413
5268 4861 407 4854 414
5039 4689 350 4672 367
5342 4926 416 4918 424
4745 4392 353 4381 364
4663 4323 340 4315 348
5088 4690 398 4683 405
4774 4445 329 4426 348
5007 4580 427 4570 437
5146 4742 404 4730 416
5129 4731 398 4722 407
5303 4869 434 4861 442
5453 5033 420 5022 431
5086 4694 392 4686 400
5176 4793 383 4782 394
5347 4931 416 4917 430
5139 4790 349 4787 352
5065 4673 392 4664 401
4848 4501 347 4491 357
5270 4856 414 4850 420
5067 4691 376 4684 383
5041 4687 354 4674 367
4860 4462 398 4451 409
5484 5090 394 5078 406
5153 4758 395 4745 408
5391 4993 398 4986 405
5303 4877 426 4873 430
4621 4271 350 4259 362
5063 4709 354 4700 363
5206 4794 412 4781 425
5788 5383 405 5366 422
5180 4782 398 4768 412
4638 4268 370 4259 379
4928 4569 359 4561 367
4999 4614 385 4603 396
5005 4599 406 4590 415
5223 4848 375 4837 386
5117 4741 376 4727 390
5068 4687 381 4673 395
5182 4748 434 4736 446
4951 4574 377 4560 391
5440 5057 383 5051 389
4822 4456 366 4444 378
4832 4447 385 4441 391
5632 5206 426 5192 440
5208 4819 389 4809 399
4971 4578 393 4569 402
5088 4720 368 4716 372
5201 4816 385 4802 399
5443 5055 388 5044 399
5529 5131 398 5118 411
5429 5038 391 5020 409
5711 5286 425 5279 432
5373 4972 401 4956 417
5349 4936 413 4927 422
4928 4579 349 4565 363
5287 4907 380 4892 395
5181 4802 379 4790 391
5262 4883 379 4874 388
5306 4919 387 4906 400
5388 4998 390 4978 410
5294 4885 409 4874 420
5186 4823 363 4812 374
5122 4693 429 4678 444
5086 4705 381 4689 397
4801 4444 357 4439 362
5058 4662 396 4656 402
4832 4461 371 4452 380
5121 4701 420 4694 427
4962 4581 381 4578 384
5040 4679 361 4669 371
4740 4378 362 4368 372
5121 4758 363 4748 373
5280 4866 414 4853 427
5001 4660 341 4651 350
5257 4849 408 4828 429
5110 4715 395 4694 416
5556 5094 462 5087 469
4997 4616 381 4604 393
5351 4937 414 4923 428
5120 4750 370 4737 383
5134 4753 381 4745 389
4884 4512 372 4503 381
5094 4679 415 4666 428
5143 4765 378 4758 385
4852 4499 353 4488 364
5321 4936 385 4920 401
5286 4904 382 4892 394
5158 4764 394 4753 405
5071 4709 362 4703 368
5297 4908 389 4900 397
5265 4898 367 4888 377
5102 4697 405 4690 412
4985 4586 399 4570 415
4985 4618 367 4610 375
5558 5125 433 5115 443
5298 4890 408 4876 422
5012 4631 381 4619 393
5381 4964 417 4952 429
5184 4782 402 4771 413
4944 4556 388 4542 402
5111 4756 355 4747 364
4921 4553 368 4544 377
4984 4609 375 4595 389
5250 4827 423 4823 427
5305 4888 417 4881 424
5387 4972 415 4955 432
5010 4629 381 4622 388
5169 4756 413 4746 423
5228 4819 409 4806 422
5155 4754 401 4746 409
5370 4973 397 4967 403
4793 4450 343 4439 354
4840 4489 351 4484 356
5042 4658 384 4648 394
5481 5067 414 5061 420
5222 4830 392 4817 405
4941 4549 392 4539 402
5135 4729 406 4713 422
5243 4846 397 4834 409
5172 4806 366 4799 373
5590 5208 382 5191 399
5435 5005 430 4998 437
5198 4807 391 4796 402
5437 5022 415 5010 427
5353 4929 424 4915 438
5204 4808 396 4794 410
5085 4738 347 4725 360
5270 4864 406 4856 414
5088 4685 403 4673 415
5271 4851 420 4832 439
5435 5007 428 4995 440
5214 4811 403 4800 414
5193 4793 400 4782 411
5584 5188 396 5181 403
5412 4973 439 4961 451
5051 4700 351 4689 362
5024 4662 362 4654 370
4994 4587 407 4578 416
5312 4883 429 4873 439
4983 4613 370 4602 381
5172 4776 396 4758 414
5208 4818 390 4805 403
4915 4520 395 4515 400
4942 4576 366 4564 378
5361 4962 399 4951 410
5236 4868 368 4858 378
4824 4450 374 4429 395
5306 4913 393 4903 403
5099 4700 399 4684 415
4946 4569 377 4563 383
5481 5093 388 5077 404
5326 4913 413 4903 423
5494 5091 403 5082 412
4944 4578 366 4565 379
4895 4507 388 4496 399
4763 4388 375 4381 382
5369 4943 426 4933 436
4704 4358 346 4342 362
5181 4762 419 4746 435
5076 4686 390 4680 396
5255 4850 405 4838 417
4985 4640 345 4624 361
4969 4533 436 4518 451
5031 4660 371 4645 386
4676 4321 355 4313 363
4819 4485 334 4479 340
5200 4816 384 4805 395
4849 4480 369 4469 380
5144 4752 392 4745 399
5353 4967 386 4944 409
5040 4659 381 4650 390
5152 4732 420 4722 430
5282 4854 428 4841 441
4757 4409 348 4404 353
4802 4439 363 4423 379
4693 4326 367 4314 379
5182 4810 372 4794 388
5268 4916 352 4907 361
5047 4682 365 4670 377
5378 4945 433 4931 447
5240 4821 419 4806 434
4979 4616 363 4606 373
5428 5035 393 5027 401
4886 4508 378 4494 392
4913 4550 363 4539 374
5074 4687 387 4674 400
5079 4700 379 4691 388
4865 4475 390 4469 396
5045 4656 389 4641 404
5078 4656 422 4643 435
5190 4758 432 4748 442
5255 4828 427 4820 435
5359 4946 413 4937 422
4935 4585 350 4572 363
5267 4829 438 4812 455
5197 4803 394 4796 401
5202 4809 393 4800 402
5012 4645 367 4631 381
4995 4606 389 4594 401
5168 4770 398 4760 408
5522 5123 399 5108 414
4969 4594 375 4581 388
5151 4770 381 4759 392
5241 4843 398 4833 408
4825 4491 334 4481 344
4994 4593 401 4583 411
4990 4625 365 4617 373
5274 4872 402 4863 411
4931 4542 389 4532 399
4935 4549 386 4534 401
4772 4401 371 4393 379
4925 4527 398 4521 404
4670 4296 374 4284 386
5153 4757 396 4747 406
5221 4804 417 4793 428
5362 4972 390 4966 396
5194 4773 421 4762 432
5000 4605 395 4592 408
5263 4873 390 4863 400
4906 4556 350 4548 358
5572 5113 459 5100 472
5172 4784 388 4768 404
4835 4486 349 4476 359
5028 4673 355 4660 368
5590 5145 445 5128 462
5029 4646 383 4638 391
4694 4319 375 4308 386
4853 4511 342 4499 354
4909 4542 367 4532 377
4947 4589 358 4578 369
5260 4851 409 4836 424
4927 4554 373 4541 386
5000 4652 348 4641 359
4949 4581 368 4572 377
5147 4744 403 4734 413
5616 5163 453 5155 461
5057 4666 391 4651 406
5120 4714 406 4703 417
5276 4846 430 4838 438
4559 4204 355 4190 369
5137 4739 398 4725 412
4981 4618 363 4612 369
4832 4490 342 4475 357
5376 4989 387 4974 402
4961 4558 403 4547 414
5271 4895 376 4878 393
4934 4562 372 4549 385
5012 4644 368 4638 374
4948 4576 372 4565 383
5126 4742 384 4734 392
5111 4702 409 4694 417
5241 4858 383 4849 392
4766 4391 375 4384 382
5120 4731 389 4717 403
5039 4679 360 4672 367
5588 5134 454 5124 464
5244 4835 409 4821 423
5887 5423 464 5411 476
5425 4988 437 4975 450
5522 5079 443 5066 456
5284 4882 402 4872 412
5171 4769 402 4755 416
5099 4713 386 4701 398
5346 4923 423 4913 433
5019 4641 378 4629 390
5809 5340 469 5330 479
4782 4419 363 4407 375
5014 4611 403 4604 410
5069 4696 373 4683 386
5157 4756 401 4745 412
5440 5060 380 5047 393
4781 4397 384 4388 393
4655 4293 362 4277 378
5328 4911 417 4901 427
4874 4492 382 4486 388
5152 4762 390 4743 409
5346 4926 420 4917 429
5338 4888 450 4875 463
5241 4824 417 4813 428
4948 4563 385 4552 396
5264 4844 420 4831 433
5453 5036 417 5025 428
5057 4678 379 4666 391
5092 4692 400 4684 408
5269 4873 396 4858 411
5270 4850 420 4845 425
5411 4987 424 4973 438
5086 4697 389 4683 403
5149 4752 397 4742 407
4745 4364 381 4356 389
5985 5534 451 5522 463
5413 5005 408 4997 416
5417 4973 444 4967 450
4972 4596 376 4580 392
4975 4596 379 4585 390
4884 4510 374 4504 380
5416 5018 398 5003 413
5027 4661 366 4651 376
5202 4802 400 4786 416
4754 4424 330 4411 343
5130 4719 411 4707 423
5334 4949 385 4937 397
4697 4351 346 4347 350
5157 4776 381 4767 390
5230 4829 401 4818 412
5090 4702 388 4686 404
5091 4681 410 4667 424
5103 4710 393 4694 409
5173 4807 366 4795 378
5657 5235 422 5222 435
4976 4587 389 4576 400
5262 4897 365 4885 377
5445 5067 378 5054 391
5031 4656 375 4647 384
5382 5010 372 4994 388
5180 4776 404 4761 419
5374 4978 396 4969 405
5233 4812 421 4805 428
5430 4996 434 4980 450
5370 4987 383 4971 399
5185 4778 407 4770 415
5078 4701 377 4692 386
5895 5420 475 5404 491
4942 4576 366 4569 373
5171 4744 427 4732 439
5055 4688 367 4674 381
5097 4685 412 4681 416
5019 4670 349 4659 360
4893 4536 357 4520 373
4784 4427 357 4418 366
5716 5282 434 5269 447
4941 4598 343 4589 352
5485 5065 420 5056 429
5122 4754 368 4744 378
5133 4721 412 4709 424
5302 4909 393 4902 400
5457 5023 434 5010 447
4868 4489 379 4476 392
4901 4533 368 4522 379
5321 4936 385 4921 400
5169 4765 404 4754 415
5400 4987 413 4975 425
5002 4625 377 4617 385
5010 4610 400 4598 412
5356 4971 385 4959 397
4868 4484 384 4475 393
5170 4781 389 4769 401
4704 4366 338 4352 352
5140 4787 353 4779 361
5384 4979 405 4966 418
5145 4749 396 4737 408
5130 4715 415 4702 428
5186 4817 369 4813 373
4748 4402 346 4394 354
4757 4386 371 4375 382
5392 4983 409 4968 424
4942 4596 346 4583 359
5160 4759 401 4752 408
4809 4432 377 4419 390
4979 4604 375 4597 382
5078 4662 416 4658 420
5103 4660 443 4650 453
5224 4817 407 4802 422
5182 4771 411 4765 417
5247 4865 382 4858 389
5227 4825 402 4817 410
5107 4705 402 4695 412
5405 4980 425 4965 440
5695 5242 453 5231 464
4995 4603 392 4594 401
4998 4603 395 4593 405
4985 4605 380 4594 391
5194 4779 415 4768 426
4855 4514 341 4504 351
5506 5108 398 5092 414
5371 4959 412 4947 424
5525 5094 431 5088 437
5236 4808 428 4801 435
5263 4847 416 4837 426
5022 4640 382 4628 394
5265 4853 412 4840 425
5084 4722 362 4712 372
4918 4556 362 4550 368
5130 4748 382 4746 384
5457 5044 413 5027 430
5106 4709 397 4696 410
5622 5192 430 5187 435
5198 4795 403 4787 411
5293 4897 396 4879 414
5141 4740 401 4730 411
5091 4698 393 4690 401
5452 5027 425 5014 438
5201 4781 420 4766 435
5312 4928 384 4912 400
4928 4548 380 4544 384
5205 4799 406 4789 416
4619 4295 324 4290 329
5591 5155 436 5144 447
4831 4463 368 4455 376
4978 4587 391 4581 397
4905 4482 423 4471 434
5114 4735 379 4723 391
5002 4644 358 4636 366
5109 4719 390 4714 395
5169 4784 385 4780 389
5119 4712 407 4703 416
5135 4729 406 4719 416
5264 4873 391 4863 401
5225 4837 388 4826 399
5150 4790 360 4779 371
4946 4567 379 4553 393
5398 4981 417 4975 423
5212 4785 427 4770 442
5235 4818 417 4804 431
5363 4939 424 4928 435
5160 4734 426 4723 437
5280 4871 409 4860 420
5291 4903 388 4888 403
5080 4709 371 4700 380
4887 4493 394 4484 403
5294 4903 391 4894 400
5509 5100 409 5082 427
5564 5159 405 5142 422
4962 4592 370 4579 383
5241 4815 426 4810 431
5267 4870 397 4857 410
5098 4706 392 4698 400
5282 4908 374 4902 380
5464 5019 445 5014 450
5047 4684 363 4669 378
5420 5035 385 5026 394
4957 4580 377 4567 390
5152 4731 421 4722 430
5188 4764 424 4748 440
5237 4799 438 4783 454
5389 4990 399 4987 402
5908 5463 445 5444 464
5171 4778 393 4767 404
4881 4510 371 4497 384
5453 5058 395 5035 418
5112 4731 381 4719 393
5059 4673 386 4664 395
4751 4399 352 4386 365
5478 5056 422 5041 437
4925 4578 347 4571 354
5159 4761 398 4750 409
4662 4282 380 4275 387
5066 4658 408 4650 416
4995 4633 362 4614 381
5392 5006 386 4995 397
4965 4588 377 4573 392
5198 4797 401 4786 412
5320 4909 411 4890 430
5095 4716 379 4702 393
5316 4916 400 4899 417
5175 4787 388 4779 396
5286 4902 384 4888 398
5089 4721 368 4716 373
5065 4689 376 4682 383
5381 4979 402 4966 415
5081 4674 407 4665 416
5412 5024 388 5011 401
5320 4963 357 4957 363
5202 4798 404 4789 413
5178 4800 378 4792 386
5121 4744 377 4737 384
4930 4583 347 4575 355
5388 4934 454 4923 465
5680 5236 444 5227 453
5425 5022 403 5012 413
5088 4708 380 4699 389
4794 4407 387 4396 398
5484 5072 412 5062 422
5093 4679 414 4665 428
5221 4821 400 4816 405
5513 5092 421 5076 437
5049 4688 361 4680 369
4815 4472 343 4465 350
5821 5381 440 5366 455
5173 4791 382 4780 393
4917 4514 403 4498 419
5373 4987 386 4974 399
5526 5102 424 5094 432
5675 5243 432 5231 444
5248 4839 409 4834 414
5466 5056 410 5046 420
5168 4783 385 4768 400
5180 4798 382 4780 400
5023 4643 380 4626 397
5231 4804 427 4795 436
4976 4618 358 4604 372
5055 4665 390 4651 404
5168 4790 378 4780 388
5309 4894 415 4877 432
5220 4860 360 4850 370
4865 4492 373 4481 384
5231 4845 386 4836 395
5111 4730 381 4726 385
5408 4996 412 4989 419
5044 4651 393 4640 404
5157 4789 368 4779 378
5717 5264 453 5256 461
5102 4692 410 4671 431
5220 4862 358 4851 369
5353 4960 393 4942 411
5120 4770 350 4758 362
5017 4621 396 4615 402
5313 4914 399 4898 415
5173 4766 407 4758 415
5291 4893 398 4884 407
5111 4687 424 4674 437
5314 4931 383 4919 395
5299 4890 409 4879 420
5589 5187 402 5174 415
5049 4649 400 4638 411
5099 4727 372 4716 383
5487 5078 409 5062 425
5073 4682 391 4673 400
5092 4716 376 4710 382
4889 4497 392 4491 398
5358 4928 430 4914 444
5161 4791 370 4778 383
4982 4581 401 4570 412
4950 4580 370 4568 382
5541 5141 400 5132 409
5330 4930 400 4921 409
5197 4791 406 4781 416
4808 4419 389 4411 397
5100 4687 413 4679 421
