5578 1277 4301 6 5572
5442 1241 4201 4 5438
5595 1256 4339 3 5592
5448 1189 4259 7 5441
5562 1187 4375 3 5559
5466 1227 4239 1 5465
5536 1181 4355 2 5534
5408 1192 4216 3 5405
5419 1207 4212 1 5418
5330 1257 4073 2 5328
5340 1242 4098 3 5337
5430 1249 4181 4 5426
5718 1262 4456 8 5710
5811 1257 4554 4 5807
5383 1208 4175 2 5381
5519 1247 4272 4 5515
5451 1235 4216 5 5446
5300 1176 4124 6 5294
5633 1289 4344 4 5629
5333 1219 4114 6 5327
5221 1161 4060 4 5217
5519 1240 4279 2 5517
5610 1227 4383 6 5604
5044 1162 3882 4 5040
5579 1205 4374 4 5575
5613 1256 4357 8 5605
5790 1260 4530 5 5785
5136 1124 4012 4 5132
5131 1124 4007 3 5128
5626 1272 4354 6 5620
5698 1262 4436 7 5691
5684 1282 4402 3 5681
5319 1198 4121 2 5317
5425 1207 4218 6 5419
5316 1221 4095 4 5312
5799 1342 4457 9 5790
5393 1182 4211 1 5392
5256 1225 4031 4 5252
4981 1097 3884 4 4977
5139 1153 3986 3 5136
5323 1241 4082 3 5320
5399 1243 4156 5 5394
5277 1201 4076 3 5274
5590 1307 4283 8 5582
5355 1199 4156 6 5349
5853 1293 4560 10 5843
5252 1181 4071 4 5248
5545 1275 4270 4 5541
5453 1225 4228 5 5448
5520 1307 4213 5 5515
5255 1137 4118 5 5250
5195 1166 4029 3 5192
5207 1203 4004 4 5203
5686 1265 4421 3 5683
5468 1267 4201 8 5460
5366 1158 4208 2 5364
5033 1114 3919 3 5030
5456 1261 4195 4 5452
5177 1174 4003 2 5175
5285 1176 4109 1 5284
5099 1182 3917 6 5093
5120 1181 3939 3 5117
5301 1169 4132 3 5298
5269 1180 4089 5 5264
5135 1214 3921 7 5128
4837 1069 3768 3 4834
5119 1140 3979 2 5117
5166 1124 4042 4 5162
4846 1135 3711 4 4842
5491 1203 4288 5 5486
5221 1164 4057 5 5216
4685 1100 3585 0 4685
4924 1136 3788 9 4915
5166 1138 4028 6 5160
5114 1191 3923 3 5111
5493 1240 4253 3 5490
4966 1140 3826 3 4963
4872 1086 3786 4 4868
5029 1124 3905 1 5028
4847 1095 3752 6 4841
4809 1075 3734 3 4806
4931 1101 3830 4 4927
4973 1153 3820 2 4971
5008 1114 3894 3 5005
5155 1205 3950 12 5143
5478 1221 4257 4 5474
5222 1212 4010 3 5219
4961 1132 3829 5 4956
5420 1198 4222 6 5414
5381 1219 4162 3 5378
5076 1180 3896 2 5074
5177 1178 3999 1 5176
5075 1119 3956 4 5071
5253 1158 4095 0 5253
5151 1175 3976 5 5146
5015 1154 3861 4 5011
5041 1156 3885 1 5040
5185 1103 4082 2 5183
4951 1139 3812 3 4948
5324 1214 4110 8 5316
4974 1125 3849 1 4973
4925 1077 3848 3 4922
4876 1095 3781 4 4872
5090 1159 3931 4 5086
5633 1263 4370 5 5628
4856 1125 3731 5 4851
5134 1148 3986 3 5131
4780 1066 3714 7 4773
5161 1161 4000 4 5157
4994 1212 3782 4 4990
5369 1188 4181 3 5366
5113 1177 3936 3 5110
5288 1186 4102 4 5284
5018 1124 3894 1 5017
5518 1274 4244 6 5512
5431 1274 4157 5 5426
5081 1108 3973 6 5075
5376 1218 4158 4 5372
4724 1128 3596 4 4720
5071 1117 3954 1 5070
4931 1090 3841 1 4930
4915 1132 3783 2 4913
4899 1102 3797 5 4894
5107 1200 3907 2 5105
4982 1136 3846 4 4978
4767 1002 3765 4 4763
5056 1132 3924 5 5051
5229 1180 4049 4 5225
5449 1273 4176 0 5449
5343 1175 4168 8 5335
5158 1152 4006 5 5153
5612 1261 4351 2 5610
5231 1168 4063 6 5225
5079 1180 3899 6 5073
5324 1202 4122 6 5318
5066 1121 3945 3 5063
4980 1093 3887 4 4976
5241 1167 4074 6 5235
5271 1116 4155 1 5270
5209 1252 3957 2 5207
5046 1137 3909 2 5044
4935 1103 3832 2 4933
5208 1189 4019 3 5205
5020 1163 3857 5 5015
4963 1065 3898 5 4958
5449 1253 4196 5 5444
5082 1141 3941 1 5081
5101 1175 3926 11 5090
5368 1194 4174 8 5360
5398 1183 4215 5 5393
5538 1225 4313 6 5532
5630 1285 4345 3 5627
5580 1246 4334 3 5577
4948 1119 3829 4 4944
5483 1225 4258 4 5479
5393 1227 4166 8 5385
5562 1244 4318 3 5559
5819 1337 4482 4 5815
5704 1250 4454 6 5698
5538 1198 4340 6 5532
5517 1230 4287 5 5512
5667 1283 4384 3 5664
5529 1267 4262 7 5522
5479 1241 4238 2 5477
5807 1311 4496 5 5802
4794 1073 3721 4 4790
5452 1207 4245 4 5448
5353 1167 4186 3 5350
5531 1210 4321 1 5530
4828 1085 3743 4 4824
5733 1311 4422 5 5728
5652 1251 4401 6 5646
5836 1304 4532 3 5833
5237 1190 4047 5 5232
5111 1134 3977 1 5110
5785 1273 4512 8 5777
5384 1199 4185 7 5377
5484 1181 4303 5 5479
5414 1223 4191 3 5411
5722 1319 4403 1 5721
5795 1344 4451 2 5793
4666 1031 3635 5 4661
5504 1247 4257 6 5498
5533 1256 4277 5 5528
5123 1132 3991 1 5122
5336 1244 4092 6 5330
5145 1152 3993 5 5140
5517 1247 4270 4 5513
5064 1066 3998 2 5062
4959 1113 3846 5 4954
5855 1283 4572 4 5851
5335 1200 4135 2 5333
5415 1211 4204 6 5409
4940 1070 3870 7 4933
5043 1094 3949 3 5040
5103 1148 3955 4 5099
5167 1165 4002 5 5162
5366 1165 4201 4 5362
5005 1136 3869 6 4999
5349 1172 4177 6 5343
5891 1367 4524 0 5891
5123 1138 3985 3 5120
5630 1337 4293 8 5622
5565 1239 4326 5 5560
5616 1208 4408 3 5613
5154 1137 4017 3 5151
5389 1152 4237 4 5385
5562 1230 4332 6 5556
4829 1092 3737 2 4827
5005 1144 3861 4 5001
5022 1151 3871 0 5022
5496 1236 4260 6 5490
5633 1256 4377 0 5633
5403 1187 4216 5 5398
5295 1223 4072 3 5292
5367 1281 4086 3 5364
5037 1195 3842 1 5036
4992 1151 3841 8 4984
5242 1148 4094 5 5237
5511 1256 4255 4 5507
5287 1185 4102 3 5284
5017 1148 3869 4 5013
5063 1141 3922 2 5061
5499 1229 4270 5 5494
5345 1227 4118 6 5339
5186 1190 3996 4 5182
5273 1232 4041 3 5270
5382 1173 4209 7 5375
5441 1209 4232 5 5436
5180 1195 3985 3 5177
5121 1173 3948 4 5117
4714 1053 3661 3 4711
5082 1174 3908 4 5078
5167 1202 3965 1 5166
5566 1218 4348 4 5562
5169 1143 4026 2 5167
5435 1246 4189 5 5430
4910 1068 3842 3 4907
5708 1248 4460 6 5702
5857 1298 4559 6 5851
5592 1256 4336 5 5587
5012 1117 3895 4 5008
4998 1095 3903 2 4996
5397 1118 4279 5 5392
5376 1212 4164 1 5375
4932 1123 3809 5 4927
5392 1181 4211 9 5383
5370 1245 4125 4 5366
5166 1168 3998 2 5164
4873 1055 3818 3 4870
5214 1155 4059 4 5210
5211 1195 4016 8 5203
5180 1209 3971 7 5173
5061 1195 3866 4 5057
5242 1178 4064 4 5238
4780 1098 3682 4 4776
5322 1197 4125 5 5317
5184 1164 4020 5 5179
5232 1147 4085 3 5229
5290 1205 4085 2 5288
5001 1179 3822 3 4998
5311 1150 4161 5 5306
5126 1163 3963 2 5124
5340 1217 4123 7 5333
5124 1195 3929 2 5122
5070 1166 3904 2 5068
5324 1255 4069 5 5319
5280 1163 4117 7 5273
5598 1286 4312 6 5592
5150 1151 3999 0 5150
5032 1139 3893 2 5030
5175 1164 4011 5 5170
5219 1162 4057 1 5218
4939 1143 3796 2 4937
5381 1181 4200 5 5376
5351 1201 4150 1 5350
5395 1217 4178 1 5394
5159 1155 4004 4 5155
5110 1110 4000 5 5105
5503 1301 4202 2 5501
5551 1236 4315 5 5546
5373 1192 4181 8 5365
5512 1205 4307 4 5508
5475 1248 4227 6 5469
5154 1168 3986 3 5151
5276 1173 4103 4 5272
5755 1332 4423 4 5751
5379 1207 4172 4 5375
5245 1197 4048 5 5240
4786 1110 3676 1 4785
5397 1214 4183 3 5394
5654 1226 4428 4 5650
5132 1163 3969 3 5129
5155 1145 4010 2 5153
5333 1181 4152 5 5328
5336 1156 4180 3 5333
5416 1228 4188 8 5408
5006 1135 3871 1 5005
5101 1090 4011 4 5097
5316 1209 4107 4 5312
5331 1211 4120 3 5328
5131 1171 3960 1 5130
5193 1189 4004 0 5193
5305 1197 4108 4 5301
5642 1228 4414 6 5636
5025 1101 3924 2 5023
4945 1094 3851 5 4940
5200 1180 4020 3 5197
5339 1223 4116 3 5336
5320 1192 4128 5 5315
5159 1082 4077 5 5154
4827 1134 3693 8 4819
5726 1294 4432 10 5716
5345 1146 4199 3 5342
4906 1152 3754 2 4904
4535 1015 3520 4 4531
5057 1135 3922 5 5052
5250 1224 4026 5 5245
5446 1242 4204 4 5442
4837 1119 3718 5 4832
5086 1145 3941 4 5082
5425 1231 4194 4 5421
5162 1117 4045 6 5156
5206 1221 3985 2 5204
5063 1113 3950 5 5058
5103 1126 3977 8 5095
5105 1112 3993 4 5101
5248 1171 4077 1 5247
4922 1122 3800 3 4919
5321 1241 4080 4 5317
4983 1097 3886 0 4983
5302 1160 4142 2 5300
5042 1107 3935 3 5039
5306 1190 4116 5 5301
5043 1158 3885 2 5041
5561 1234 4327 4 5557
5242 1212 4030 2 5240
4957 1124 3833 5 4952
5158 1158 4000 1 5157
4815 1126 3689 4 4811
5112 1196 3916 4 5108
5259 1192 4067 3 5256
5386 1231 4155 5 5381
4930 1091 3839 4 4926
5235 1158 4077 3 5232
5474 1267 4207 1 5473
5298 1191 4107 7 5291
5563 1261 4302 9 5554
5098 1133 3965 1 5097
4838 1104 3734 4 4834
5156 1130 4026 5 5151
5350 1199 4151 2 5348
5015 1090 3925 7 5008
5428 1216 4212 2 5426
4982 1097 3885 1 4981
5297 1178 4119 3 5294
5419 1270 4149 2 5417
5076 1214 3862 3 5073
5045 1168 3877 1 5044
5403 1176 4227 4 5399
4956 1099 3857 2 4954
5140 1140 4000 6 5134
5014 1127 3887 7 5007
5433 1139 4294 5 5428
5129 1170 3959 2 5127
5319 1242 4077 4 5315
5404 1205 4199 6 5398
5280 1166 4114 4 5276
5600 1240 4360 5 5595
5272 1144 4128 4 5268
5465 1275 4190 5 5460
4659 1032 3627 3 4656
5002 1138 3864 5 4997
5337 1214 4123 3 5334
4756 1093 3663 4 4752
5279 1219 4060 2 5277
5045 1163 3882 4 5041
4917 1080 3837 4 4913
4867 1119 3748 3 4864
5144 1208 3936 3 5141
4885 1043 3842 6 4879
5329 1246 4083 0 5329
5088 1153 3935 4 5084
5029 1117 3912 5 5024
4994 1136 3858 5 4989
5226 1135 4091 2 5224
5267 1104 4163 3 5264
5246 1178 4068 3 5243
5162 1171 3991 7 5155
4995 1118 3877 4 4991
5076 1121 3955 3 5073
4926 1100 3826 1 4925
5277 1138 4139 7 5270
4950 1101 3849 5 4945
4951 1076 3875 4 4947
5203 1142 4061 4 5199
5567 1280 4287 3 5564
5266 1202 4064 5 5261
5557 1252 4305 8 5549
5518 1222 4296 3 5515
5307 1205 4102 4 5303
5165 1133 4032 3 5162
5147 1173 3974 3 5144
5298 1201 4097 6 5292
5089 1142 3947 5 5084
4762 1051 3711 2 4760
5364 1243 4121 2 5362
4887 1044 3843 5 4882
5358 1215 4143 3 5355
5231 1182 4049 3 5228
5357 1155 4202 2 5355
5041 1086 3955 1 5040
5247 1149 4098 1 5246
5483 1246 4237 3 5480
4949 1128 3821 6 4943
5128 1176 3952 8 5120
5310 1181 4129 4 5306
4860 1096 3764 8 4852
5293 1196 4097 2 5291
4988 1113 3875 4 4984
5261 1210 4051 2 5259
5319 1221 4098 10 5309
5064 1163 3901 2 5062
4901 1115 3786 1 4900
4975 1161 3814 1 4974
4852 1100 3752 3 4849
5354 1185 4169 5 5349
5503 1282 4221 8 5495
5281 1155 4126 2 5279
5095 1168 3927 6 5089
5022 1145 3877 4 5018
5000 1134 3866 4 4996
4836 1031 3805 5 4831
5018 1163 3855 4 5014
4974 1103 3871 3 4971
5428 1220 4208 2 5426
5007 1087 3920 4 5003
4820 1111 3709 7 4813
5147 1175 3972 3 5144
5302 1205 4097 3 5299
5277 1175 4102 7 5270
5545 1265 4280 5 5540
4972 1070 3902 2 4970
5350 1260 4090 7 5343
4886 1065 3821 3 4883
5343 1203 4140 2 5341
4823 1084 3739 2 4821
5266 1177 4089 7 5259
5139 1141 3998 6 5133
5183 1148 4035 4 5179
4990 1163 3827 4 4986
5199 1187 4012 1 5198
5214 1185 4029 7 5207
5165 1168 3997 1 5164
5644 1330 4314 2 5642
5101 1102 3999 3 5098
5876 1349 4527 3 5873
4958 1100 3858 5 4953
5192 1168 4024 4 5188
4439 1023 3416 4 4435
5146 1109 4037 2 5144
5172 1134 4038 4 5168
5199 1175 4024 4 5195
5243 1243 4000 5 5238
5056 1140 3916 3 5053
5292 1171 4121 3 5289
4911 1147 3764 7 4904
5554 1241 4313 4 5550
5148 1146 4002 4 5144
4955 1098 3857 3 4952
5199 1198 4001 2 5197
5268 1193 4075 2 5266
5039 1146 3893 1 5038
5342 1213 4129 5 5337
4745 1062 3683 6 4739
4663 1057 3606 4 4659
5088 1163 3925 2 5086
4774 1018 3756 7 4767
5007 1105 3902 4 5003
5146 1131 4015 3 5143
5129 1200 3929 4 5125
5303 1260 4043 2 5301
5453 1237 4216 3 5450
5086 1169 3917 1 5085
5176 1171 4005 8 5168
5347 1227 4120 8 5339
5139 1168 3971 4 5135
5065 1153 3912 4 5061
4848 1078 3770 2 4846
5270 1134 4136 4 5266
5067 1170 3897 1 5066
5041 1137 3904 4 5037
4860 1089 3771 5 4855
5484 1240 4244 6 5478
5153 1147 4006 2 5151
5391 1190 4201 3 5388
5303 1227 4076 3 5300
4621 1037 3584 5 4616
5063 1162 3901 6 5057
5206 1146 4060 2 5204
5788 1311 4477 5 5783
5180 1164 4016 4 5176
4638 1037 3601 1 4637
4928 1094 3834 1 4927
4999 1123 3876 3 4996
5005 1145 3860 6 4999
5223 1148 4075 5 5218
5117 1175 3942 1 5116
5068 1167 3901 1 5067
5182 1164 4018 4 5178
4951 1148 3803 2 4949
5440 1228 4212 4 5436
4822 1125 3697 2 4820
4832 1061 3771 7 4825
5632 1349 4283 4 5628
5208 1079 4129 2 5206
4971 1074 3897 4 4967
5088 1118 3970 3 5085
5201 1206 3995 6 5195
5443 1232 4211 3 5440
5529 1238 4291 3 5526
5429 1158 4271 4 5425
5711 1279 4432 5 5706
5373 1204 4169 3 5370
5349 1192 4157 5 5344
4928 1087 3841 4 4924
5287 1152 4135 5 5282
5181 1141 4040 5 5176
5262 1163 4099 5 5257
5306 1205 4101 6 5300
5388 1236 4152 5 5383
5294 1209 4085 3 5291
5186 1137 4049 3 5183
5122 1094 4028 2 5120
5086 1115 3971 7 5079
4801 1089 3712 6 4795
5058 1177 3881 5 5053
4832 1126 3706 2 4830
5121 1138 3983 2 5119
4962 1149 3813 4 4958
5040 1144 3896 5 5035
4740 1067 3673 2 4738
5121 1156 3965 1 5120
5280 1202 4078 3 5277
5001 1079 3922 6 4995
5257 1166 4091 3 5254
5110 1174 3936 6 5104
5556 1220 4336 3 5553
4997 1116 3881 3 4994
5351 1199 4152 3 5348
5120 1123 3997 5 5115
5134 1156 3978 3 5131
4884 1143 3741 3 4881
5094 1146 3948 7 5087
5143 1163 3980 3 5140
4852 1077 3775 4 4848
5321 1173 4148 3 5318
5286 1162 4124 5 5281
5158 1170 3988 5 5153
5071 1065 4006 2 5069
5297 1212 4085 2 5295
5265 1211 4054 2 5263
5102 1165 3937 5 5097
4985 1125 3860 6 4979
4985 1130 3855 8 4977
5558 1260 4298 3 5555
5298 1164 4134 4 5294
5012 1166 3846 5 5007
5381 1265 4116 5 5376
5184 1194 3990 4 5180
4944 1140 3804 4 4940
5111 1198 3913 4 5107
4921 1110 3811 1 4920
4984 1141 3843 2 4982
5250 1205 4045 2 5248
5305 1131 4174 5 5300
5387 1203 4184 7 5380
5010 1076 3934 8 5002
5169 1169 4000 4 5165
5228 1170 4058 3 5225
5155 1176 3979 6 5149
5370 1172 4198 7 5363
4793 1145 3648 4 4789
4840 1086 3754 2 4838
5042 1159 3883 3 5039
5481 1230 4251 3 5478
5222 1173 4049 5 5217
4941 1056 3885 8 4933
5135 1203 3932 1 5134
5243 1174 4069 11 5232
5172 1183 3989 3 5169
5590 1276 4314 3 5587
5435 1205 4230 3 5432
5198 1182 4016 6 5192
5437 1201 4236 4 5433
5353 1248 4105 2 5351
5204 1151 4053 8 5196
5085 1131 3954 5 5080
5270 1209 4061 3 5267
5088 1102 3986 2 5086
5271 1212 4059 2 5269
5435 1263 4172 2 5433
5214 1162 4052 2 5212
5193 1146 4047 3 5190
5584 1242 4342 3 5581
5412 1239 4173 5 5407
5051 1138 3913 2 5049
5024 1111 3913 4 5020
4994 1117 3877 1 4993
5312 1227 4085 1 5311
4983 1130 3853 5 4978
5172 1116 4056 2 5170
5208 1210 3998 5 5203
4915 1126 3789 3 4912
4942 1161 3781 8 4934
5361 1152 4209 5 5356
5236 1244 3992 5 5231
4824 1047 3777 2 4822
5306 1230 4076 2 5304
5099 1145 3954 3 5096
4946 1123 3823 4 4942
5481 1233 4248 5 5476
5326 1220 4106 1 5325
5494 1254 4240 4 5490
4944 1125 3819 2 4942
4895 1114 3781 4 4891
4763 1057 3706 5 4758
5369 1220 4149 8 5361
4704 1061 3643 2 4702
5181 1191 3990 3 5178
5076 1168 3908 1 5075
5255 1167 4088 7 5248
4985 1093 3892 3 4982
4969 1104 3865 6 4963
5031 1090 3941 3 5028
4676 1094 3582 5 4671
4819 1089 3730 2 4817
5200 1171 4029 7 5193
4849 1101 3748 0 4849
5144 1181 3963 3 5141
5353 1198 4155 7 5346
5040 1131 3909 1 5039
5152 1178 3974 4 5148
5282 1238 4044 4 5278
4757 1127 3630 3 4754
4802 1071 3731 6 4796
4693 1050 3643 3 4690
5182 1215 3967 4 5178
5268 1262 4006 6 5262
5047 1145 3902 6 5041
5378 1257 4121 2 5376
5240 1212 4028 3 5237
4979 1110 3869 4 4975
5428 1200 4228 5 5423
4886 1104 3782 1 4885
4913 1124 3789 3 4910
5074 1164 3910 1 5073
5079 1074 4005 2 5077
4865 1033 3832 2 4863
5045 1097 3948 3 5042
5078 1213 3865 3 5075
5190 1130 4060 3 5187
5255 1205 4050 3 5252
5359 1224 4135 2 5357
4935 1120 3815 3 4932
5267 1203 4064 3 5264
5197 1174 4023 3 5194
5202 1154 4048 4 5198
5012 1143 3869 1 5011
4995 1125 3870 3 4992
5168 1154 4014 4 5164
5522 1205 4317 3 5519
4969 1145 3824 6 4963
5151 1161 3990 5 5146
5241 1206 4035 9 5232
4825 1104 3721 4 4821
4994 1069 3925 4 4990
4990 1132 3858 5 4985
5274 1190 4084 2 5272
4931 1130 3801 6 4925
4935 1111 3824 5 4930
4772 1070 3702 1 4771
4925 1099 3826 4 4921
4670 1028 3642 6 4664
5153 1147 4006 7 5146
5221 1209 4012 4 5217
5362 1175 4187 5 5357
5194 1127 4067 5 5189
5000 1116 3884 9 4991
5263 1159 4104 0 5263
4906 1062 3844 4 4902
5572 1260 4312 8 5564
5172 1136 4036 4 5168
4835 1094 3741 6 4829
5028 1102 3926 2 5026
5590 1253 4337 4 5586
5029 1111 3918 2 5027
4694 1023 3671 1 4693
4853 1139 3714 0 4853
4909 1113 3796 2 4907
4947 1147 3800 6 4941
5260 1184 4076 10 5250
4927 1144 3783 1 4926
5000 1139 3861 7 4993
4949 1115 3834 1 4948
5147 1130 4017 3 5144
5616 1251 4365 3 5613
5057 1130 3927 7 5050
5120 1141 3979 5 5115
5276 1194 4082 6 5270
4559 1017 3542 5 4554
5137 1152 3985 2 5135
4981 1092 3889 5 4976
4832 1140 3692 2 4830
5376 1225 4151 1 5375
4961 1125 3836 5 4956
5271 1194 4077 4 5267
4934 1130 3804 3 4931
5012 1163 3849 1 5011
4948 1140 3808 6 4942
5126 1165 3961 8 5118
5111 1130 3981 4 5107
5241 1192 4049 4 5237
4766 1050 3716 5 4761
5120 1178 3942 6 5114
5039 1169 3870 1 5038
5588 1270 4318 6 5582
5244 1179 4065 5 5239
5887 1329 4558 3 5884
5425 1231 4194 2 5423
5522 1255 4267 4 5518
5284 1226 4058 1 5283
5171 1122 4049 0 5171
5099 1187 3912 2 5097
5346 1180 4166 6 5340
5019 1165 3854 8 5011
5809 1290 4519 5 5804
4782 1032 3750 6 4776
5014 1077 3937 1 5013
5069 1154 3915 7 5062
5157 1152 4005 3 5154
5440 1232 4208 4 5436
4781 1043 3738 5 4776
4655 1034 3621 2 4653
5328 1261 4067 6 5322
4874 1109 3765 5 4869
5152 1157 3995 6 5146
5346 1192 4154 5 5341
5338 1206 4132 5 5333
5241 1206 4035 5 5236
4948 1172 3776 3 4945
5264 1203 4061 5 5259
5453 1210 4243 2 5451
5057 1150 3907 8 5049
5092 1204 3888 5 5087
5269 1186 4083 4 5265
5270 1181 4089 4 5266
5411 1197 4214 3 5408
5086 1169 3917 3 5083
5149 1122 4027 2 5147
4745 1074 3671 3 4742
5985 1370 4615 5 5980
5413 1203 4210 3 5410
5417 1179 4238 7 5410
4972 1094 3878 3 4969
4975 1168 3807 3 4972
4884 1101 3783 1 4883
5416 1177 4239 4 5412
5027 1192 3835 3 5024
5202 1206 3996 2 5200
4754 1111 3643 7 4747
5130 1156 3974 2 5128
5334 1214 4120 2 5332
4697 1045 3652 3 4694
5157 1154 4003 6 5151
5230 1191 4039 2 5228
5090 1127 3963 7 5083
5091 1137 3954 5 5086
5103 1167 3936 4 5099
5173 1203 3970 6 5167
5657 1356 4301 2 5655
4976 1157 3819 2 4974
5262 1198 4064 6 5256
5445 1256 4189 4 5441
5031 1125 3906 3 5028
5382 1158 4224 7 5375
5180 1181 3999 1 5179
5374 1225 4149 4 5370
5233 1194 4039 4 5229
5430 1278 4152 2 5428
5370 1193 4177 7 5363
5185 1187 3998 7 5178
5078 1136 3942 4 5074
5895 1290 4605 7 5888
4942 1078 3864 5 4937
5171 1216 3955 5 5166
5055 1108 3947 5 5050
5097 1159 3938 4 5093
5019 1121 3898 3 5016
4893 1051 3842 1 4892
4784 1060 3724 4 4780
5716 1260 4456 9 5707
4941 1128 3813 3 4938
5485 1252 4233 3 5482
5122 1162 3960 7 5115
5133 1163 3970 2 5131
5302 1130 4172 1 5301
5457 1238 4219 3 5454
4868 1116 3752 6 4862
4901 1144 3757 6 4895
5321 1218 4103 6 5315
5169 1165 4004 3 5166
5400 1215 4185 3 5397
5002 1124 3878 5 4997
5010 1076 3934 3 5007
5356 1199 4157 3 5353
4868 1086 3782 8 4860
5170 1177 3993 4 5166
4704 1047 3657 7 4697
5140 1142 3998 4 5136
5384 1189 4195 9 5375
5145 1165 3980 0 5145
5130 1166 3964 4 5126
5186 1153 4033 2 5184
4748 1063 3685 4 4744
4757 1044 3713 3 4754
5392 1213 4179 5 5387
4942 1144 3798 5 4937
5160 1172 3988 4 5156
4809 1033 3776 5 4804
4979 1133 3846 5 4974
5078 1181 3897 2 5076
5103 1098 4005 2 5101
5224 1171 4053 6 5218
5182 1194 3988 3 5179
5247 1181 4066 5 5242
5227 1140 4087 5 5222
5107 1176 3931 3 5104
5405 1207 4198 4 5401
5695 1353 4342 6 5689
4995 1071 3924 1 4994
4998 1122 3876 1 4997
4985 1191 3794 10 4975
5194 1188 4006 4 5190
4855 1102 3753 5 4850
5506 1233 4273 8 5498
5371 1209 4162 2 5369
5525 1239 4286 0 5525
5236 1170 4066 6 5230
5263 1175 4088 5 5258
5022 1149 3873 6 5016
5265 1204 4061 10 5255
5084 1131 3953 2 5082
4918 1065 3853 5 4913
5130 1154 3976 2 5128
5457 1234 4223 5 5452
5106 1132 3974 3 5103
5622 1211 4411 2 5620
5198 1148 4050 10 5188
5293 1176 4117 1 5292
5141 1139 4002 2 5139
5091 1196 3895 4 5087
5452 1251 4201 3 5449
5201 1172 4029 3 5198
5312 1221 4091 3 5309
4928 1113 3815 6 4922
5205 1132 4073 2 5203
4619 1035 3584 3 4616
5591 1263 4328 4 5587
4831 1093 3738 5 4826
4978 1177 3801 3 4975
4905 1130 3775 2 4903
5114 1164 3950 3 5111
5002 1141 3861 6 4996
5109 1158 3951 2 5107
5169 1217 3952 1 5168
5119 1188 3931 3 5116
5135 1151 3984 1 5134
5264 1145 4119 4 5260
5225 1167 4058 6 5219
5150 1174 3976 4 5146
4946 1120 3826 7 4939
5398 1241 4157 6 5392
5212 1156 4056 1 5211
5235 1177 4058 3 5232
5363 1216 4147 2 5361
5160 1109 4051 4 5156
5280 1173 4107 2 5278
5291 1209 4082 1 5290
5080 1179 3901 7 5073
4887 1070 3817 0 4887
5294 1151 4143 7 5287
5509 1269 4240 2 5507
5564 1211 4353 7 5557
4962 1108 3854 3 4959
5241 1175 4066 3 5238
5267 1186 4081 8 5259
5098 1167 3931 0 5098
5282 1235 4047 6 5276
5464 1173 4291 3 5461
5047 1157 3890 4 5043
5420 1184 4236 3 5417
4957 1110 3847 1 4956
5152 1110 4042 4 5148
5188 1126 4062 4 5184
5237 1146 4091 5 5232
5389 1270 4119 1 5388
5908 1350 4558 4 5904
5171 1173 3998 2 5169
4881 1112 3769 12 4869
5453 1228 4225 4 5449
5112 1110 4002 3 5109
5059 1169 3890 4 5055
4751 1050 3701 4 4747
5478 1212 4266 0 5478
4925 1045 3880 8 4917
5159 1221 3938 2 5157
4662 1055 3607 7 4655
5066 1142 3924 4 5062
4995 1127 3868 5 4990
5392 1187 4205 1 5391
4965 1048 3917 2 4963
5198 1133 4065 4 5194
5320 1210 4110 4 5316
5095 1116 3979 5 5090
5316 1234 4082 4 5312
5175 1156 4019 0 5175
5286 1224 4062 7 5279
5089 1152 3937 3 5086
5065 1147 3918 6 5059
5381 1149 4232 5 5376
5081 1135 3946 4 5077
5412 1248 4164 3 5409
5320 1166 4154 2 5318
5202 1190 4012 1 5201
5178 1175 4003 7 5171
5121 1212 3909 7 5114
4930 1098 3832 4 4926
5388 1262 4126 5 5383
5680 1279 4401 2 5678
5425 1224 4201 4 5421
5088 1167 3921 5 5083
4794 1034 3760 7 4787
5484 1264 4220 8 5476
5093 1150 3943 3 5090
5221 1171 4050 5 5216
5513 1226 4287 7 5506
5049 1201 3848 10 5039
4815 1087 3728 5 4810
5821 1359 4462 1 5820
5173 1089 4084 3 5170
4917 1091 3826 3 4914
5373 1175 4198 1 5372
5526 1231 4295 5 5521
5675 1316 4359 2 5673
5248 1210 4038 5 5243
5466 1246 4220 3 5463
5168 1117 4051 5 5163
5180 1121 4059 6 5174
5023 1120 3903 3 5020
5231 1214 4017 2 5229
4976 1115 3861 4 4972
5055 1141 3914 4 5051
5168 1146 4022 3 5165
5309 1192 4117 6 5303
5220 1175 4045 4 5216
4865 1102 3763 1 4864
5231 1171 4060 3 5228
5111 1131 3980 4 5107
5408 1201 4207 5 5403
5044 1143 3901 5 5039
5157 1180 3977 7 5150
5717 1261 4456 3 5714
5102 1140 3962 3 5099
5220 1175 4045 6 5214
5353 1172 4181 1 5352
5120 1191 3929 3 5117
5017 1161 3856 3 5014
5313 1212 4101 3 5310
5173 1160 4013 9 5164
5291 1129 4162 2 5289
5111 1158 3953 6 5105
5314 1249 4065 4 5310
5299 1197 4102 2 5297
5589 1320 4269 4 5585
5049 1152 3897 7 5042
5099 1128 3971 2 5097
5487 1256 4231 3 5484
5073 1138 3935 2 5071
5092 1135 3957 2 5090
4889 1073 3816 2 4887
5358 1206 4152 5 5353
5161 1144 4017 1 5160
4982 1128 3854 2 4980
4950 1180 3770 7 4943
5541 1268 4273 5 5536
5330 1127 4203 2 5328
5197 1153 4044 5 5192
4808 1096 3712 8 4800
5100 1084 4016 3 5097
