5578 5309 269 5303 275
5442 5141 301 5138 304
5595 5312 283 5305 290
5448 5156 292 5150 298
5562 5244 318 5237 325
5466 5165 301 5161 305
5536 5252 284 5244 292
5408 5112 296 5109 299
5419 5141 278 5135 284
5330 5061 269 5055 275
5340 5061 279 5054 286
5430 5130 300 5124 306
5718 5386 332 5380 338
5811 5501 310 5496 315
5383 5110 273 5104 279
5519 5223 296 5211 308
5451 5173 278 5169 282
5300 5028 272 5018 282
5633 5340 293 5336 297
5333 5062 271 5060 273
5221 4931 290 4924 297
5519 5267 252 5261 258
5610 5314 296 5307 303
5044 4813 231 4807 237
5579 5282 297 5278 301
5613 5329 284 5327 286
5790 5487 303 5484 306
5136 4860 276 4853 283
5131 4876 255 4867 264
5626 5291 335 5283 343
5698 5392 306 5384 314
5684 5381 303 5371 313
5319 5065 254 5059 260
5425 5149 276 5143 282
5316 5038 278 5035 281
5799 5507 292 5498 301
5393 5126 267 5120 273
5256 4983 273 4975 281
4981 4728 253 4720 261
5139 4888 251 4886 253
5323 5044 279 5041 282
5399 5102 297 5100 299
5277 5001 276 4999 278
5590 5305 285 5300 290
5355 5079 276 5071 284
5853 5553 300 5548 305
5252 4968 284 4965 287
5545 5210 335 5204 341
5453 5203 250 5190 263
5520 5222 298 5210 310
5255 4983 272 4981 274
5195 4944 251 4940 255
5207 4935 272 4928 279
5686 5390 296 5385 301
5468 5202 266 5192 276
5366 5089 277 5080 286
5033 4777 256 4775 258
5456 5183 273 5178 278
5177 4938 239 4935 242
5285 5024 261 5019 266
5099 4835 264 4829 270
5120 4818 302 4813 307
5301 5024 277 5017 284
5269 4981 288 4977 292
5135 4863 272 4855 280
4837 4574 263 4569 268
5119 4861 258 4856 263
5166 4875 291 4872 294
4846 4616 230 4612 234
5491 5217 274 5213 278
5221 4957 264 4953 268
4685 4460 225 4455 230
4924 4649 275 4644 280
5166 4888 278 4881 285
5114 4834 280 4825 289
5493 5247 246 5238 255
4966 4693 273 4689 277
4872 4619 253 4611 261
5029 4743 286 4736 293
4847 4597 250 4594 253
4809 4555 254 4552 257
4931 4677 254 4670 261
4973 4726 247 4715 258
5008 4741 267 4741 267
5155 4892 263 4883 272
5478 5186 292 5181 297
5222 4956 266 4951 271
4961 4716 245 4708 253
5420 5125 295 5124 296
5381 5145 236 5138 243
5076 4813 263 4808 268
5177 4934 243 4929 248
5075 4802 273 4801 274
5253 4988 265 4983 270
5151 4890 261 4887 264
5015 4772 243 4768 247
5041 4796 245 4790 251
5185 4911 274 4909 276
4951 4696 255 4691 260
5324 5048 276 5045 279
4974 4729 245 4727 247
4925 4673 252 4671 254
4876 4621 255 4613 263
5090 4833 257 4826 264
5633 5328 305 5323 310
4856 4624 232 4622 234
5134 4847 287 4842 292
4780 4513 267 4510 270
5161 4903 258 4897 264
4994 4727 267 4721 273
5369 5075 294 5070 299
5113 4845 268 4837 276
5288 5026 262 5020 268
5018 4771 247 4767 251
5518 5240 278 5235 283
5431 5137 294 5131 300
5081 4799 282 4791 290
5376 5091 285 5082 294
4724 4483 241 4477 247
5071 4811 260 4804 267
4931 4697 234 4693 238
4915 4664 251 4660 255
4899 4621 278 4619 280
5107 4851 256 4850 257
4982 4754 228 4747 235
4767 4528 239 4523 244
5056 4767 289 4765 291
5229 4955 274 4949 280
5449 5179 270 5170 279
5343 5047 296 5042 301
5158 4875 283 4869 289
5612 5309 303 5305 307
5231 4985 246 4982 249
5079 4809 270 4802 277
5324 5062 262 5059 265
5066 4820 246 4812 254
4980 4732 248 4729 251
5241 4962 279 4957 284
5271 5005 266 4999 272
5209 4928 281 4924 285
5046 4783 263 4778 268
4935 4685 250 4683 252
5208 4929 279 4924 284
5020 4750 270 4747 273
4963 4709 254 4703 260
5449 5174 275 5172 277
5082 4808 274 4804 278
5101 4867 234 4861 240
5368 5083 285 5077 291
5398 5122 276 5114 284
5538 5233 305 5223 315
5630 5346 284 5340 290
5580 5289 291 5281 299
4948 4702 246 4697 251
5483 5205 278 5198 285
5393 5106 287 5100 293
5562 5284 278 5278 284
5819 5534 285 5530 289
5704 5394 310 5388 316
5538 5266 272 5262 276
5517 5221 296 5218 299
5667 5341 326 5334 333
5529 5248 281 5247 282
5479 5183 296 5175 304
5807 5505 302 5499 308
4794 4579 215 4568 226
5452 5188 264 5183 269
5353 5074 279 5067 286
5531 5226 305 5223 308
4828 4586 242 4579 249
5733 5422 311 5412 321
5652 5377 275 5373 279
5836 5545 291 5539 297
5237 4984 253 4980 257
5111 4846 265 4841 270
5785 5475 310 5468 317
5384 5095 289 5091 293
5484 5178 306 5169 315
5414 5135 279 5129 285
5722 5424 298 5419 303
5795 5498 297 5490 305
4666 4422 244 4419 247
5504 5196 308 5189 315
5533 5256 277 5251 282
5123 4877 246 4871 252
5336 5062 274 5060 276
5145 4881 264 4877 268
5517 5240 277 5238 279
5064 4806 258 4801 263
4959 4714 245 4707 252
5855 5548 307 5543 312
5335 5037 298 5032 303
5415 5137 278 5131 284
4940 4694 246 4687 253
5043 4795 248 4790 253
5103 4836 267 4829 274
5167 4874 293 4872 295
5366 5081 285 5073 293
5005 4729 276 4725 280
5349 5070 279 5067 282
5891 5603 288 5597 294
5123 4844 279 4835 288
5630 5337 293 5332 298
5565 5282 283 5275 290
5616 5323 293 5318 298
5154 4893 261 4888 266
5389 5081 308 5078 311
5562 5260 302 5254 308
4829 4587 242 4580 249
5005 4780 225 4775 230
5022 4761 261 4757 265
5496 5234 262 5229 267
5633 5336 297 5332 301
5403 5107 296 5101 302
5295 5045 250 5039 256
5367 5085 282 5079 288
5037 4735 302 4729 308
4992 4733 259 4729 263
5242 4976 266 4971 271
5511 5232 279 5226 285
5287 5020 267 5013 274
5017 4769 248 4764 253
5063 4792 271 4784 279
5499 5237 262 5231 268
5345 5065 280 5058 287
5186 4936 250 4931 255
5273 4991 282 4986 287
5382 5085 297 5081 301
5441 5199 242 5193 248
5180 4914 266 4909 271
5121 4861 260 4858 263
4714 4464 250 4460 254
5082 4809 273 4803 279
5167 4884 283 4874 293
5566 5272 294 5270 296
5169 4910 259 4908 261
5435 5158 277 5153 282
4910 4667 243 4664 246
5708 5392 316 5389 319
5857 5535 322 5526 331
5592 5315 277 5310 282
5012 4772 240 4767 245
4998 4730 268 4725 273
5397 5126 271 5120 277
5376 5109 267 5106 270
4932 4689 243 4685 247
5392 5081 311 5077 315
5370 5072 298 5067 303
5166 4896 270 4890 276
4873 4622 251 4617 256
5214 4930 284 4921 293
5211 4954 257 4950 261
5180 4919 261 4913 267
5061 4794 267 4789 272
5242 4948 294 4945 297
4780 4555 225 4549 231
5322 5061 261 5056 266
5184 4924 260 4920 264
5232 4943 289 4939 293
5290 5026 264 5021 269
5001 4715 286 4712 289
5311 5013 298 5009 302
5126 4890 236 4885 241
5340 5046 294 5042 298
5124 4868 256 4862 262
5070 4806 264 4804 266
5324 5055 269 5051 273
5280 4987 293 4984 296
5598 5298 300 5294 304
5150 4866 284 4858 292
5032 4752 280 4749 283
5175 4906 269 4897 278
5219 4927 292 4923 296
4939 4680 259 4676 263
5381 5115 266 5107 274
5351 5080 271 5077 274
5395 5082 313 5077 318
5159 4882 277 4879 280
5110 4843 267 4839 271
5503 5220 283 5211 292
5551 5261 290 5257 294
5373 5084 289 5081 292
5512 5221 291 5214 298
5475 5193 282 5187 288
5154 4881 273 4875 279
5276 4999 277 4992 284
5755 5448 307 5439 316
5379 5088 291 5088 291
5245 4936 309 4932 313
4786 4539 247 4535 251
5397 5131 266 5127 270
5654 5369 285 5364 290
5132 4905 227 4900 232
5155 4888 267 4886 269
5333 5056 277 5052 281
5336 5057 279 5053 283
5416 5142 274 5134 282
5006 4763 243 4757 249
5101 4849 252 4846 255
5316 5042 274 5041 275
5331 5066 265 5056 275
5131 4869 262 4862 269
5193 4918 275 4914 279
5305 5040 265 5038 267
5642 5334 308 5329 313
5025 4757 268 4749 276
4945 4662 283 4658 287
5200 4923 277 4920 280
5339 5043 296 5036 303
5320 5055 265 5054 266
5159 4902 257 4900 259
4827 4574 253 4567 260
5726 5428 298 5423 303
5345 5099 246 5098 247
4906 4675 231 4663 243
4535 4274 261 4268 267
5057 4795 262 4791 266
5250 4977 273 4971 279
5446 5172 274 5169 277
4837 4585 252 4580 257
5086 4837 249 4831 255
5425 5122 303 5115 310
5162 4912 250 4902 260
5206 4937 269 4933 273
5063 4817 246 4811 252
5103 4853 250 4841 262
5105 4828 277 4827 278
5248 4981 267 4976 272
4922 4649 273 4645 277
5321 5061 260 5056 265
4983 4694 289 4693 290
5302 4997 305 4993 309
5042 4786 256 4782 260
5306 5034 272 5031 275
5043 4771 272 4768 275
5561 5267 294 5262 299
5242 4984 258 4975 267
4957 4694 263 4693 264
5158 4901 257 4898 260
4815 4554 261 4551 264
5112 4868 244 4861 251
5259 5020 239 5016 243
5386 5106 280 5105 281
4930 4682 248 4678 252
5235 4970 265 4967 268
5474 5193 281 5190 284
5298 5010 288 5003 295
5563 5275 288 5268 295
5098 4833 265 4828 270
4838 4600 238 4595 243
5156 4877 279 4870 286
5350 5076 274 5071 279
5015 4757 258 4754 261
5428 5110 318 5103 325
4982 4713 269 4712 270
5297 5021 276 5020 277
5419 5133 286 5129 290
5076 4803 273 4798 278
5045 4799 246 4794 251
5403 5125 278 5122 281
4956 4701 255 4695 261
5140 4880 260 4877 263
5014 4741 273 4736 278
5433 5144 289 5143 290
5129 4858 271 4852 277
5319 5046 273 5044 275
5404 5115 289 5111 293
5280 5013 267 5007 273
5600 5297 303 5293 307
5272 4985 287 4982 290
5465 5186 279 5179 286
4659 4441 218 4436 223
5002 4742 260 4740 262
5337 5084 253 5079 258
4756 4540 216 4533 223
5279 4993 286 4986 293
5045 4768 277 4764 281
4917 4651 266 4649 268
4867 4613 254 4609 258
5144 4881 263 4877 267
4885 4634 251 4632 253
5329 5038 291 5032 297
5088 4822 266 4818 270
5029 4751 278 4749 280
4994 4747 247 4742 252
5226 4940 286 4934 292
5267 4988 279 4982 285
5246 4968 278 4964 282
5162 4908 254 4903 259
4995 4739 256 4733 262
5076 4813 263 4802 274
4926 4675 251 4671 255
5277 5028 249 5023 254
4950 4689 261 4683 267
4951 4717 234 4710 241
5203 4955 248 4950 253
5567 5274 293 5272 295
5266 4990 276 4988 278
5557 5279 278 5275 282
5518 5215 303 5209 309
5307 5029 278 5021 286
5165 4895 270 4889 276
5147 4854 293 4849 298
5298 5012 286 5008 290
5089 4843 246 4838 251
4762 4522 240 4513 249
5364 5102 262 5098 266
4887 4654 233 4649 238
5358 5067 291 5059 299
5231 4979 252 4976 255
5357 5090 267 5085 272
5041 4773 268 4768 273
5247 4979 268 4973 274
5483 5226 257 5222 261
4949 4675 274 4670 279
5128 4864 264 4860 268
5310 5015 295 5013 297
4860 4610 250 4606 254
5293 5023 270 5017 276
4988 4715 273 4712 276
5261 5007 254 5002 259
5319 5020 299 5012 307
5064 4774 290 4774 290
4901 4646 255 4640 261
4975 4744 231 4743 232
4852 4589 263 4584 268
5354 5096 258 5086 268
5503 5180 323 5173 330
5281 5009 272 5001 280
5095 4842 253 4838 257
5022 4751 271 4746 276
5000 4745 255 4738 262
4836 4577 259 4574 262
5018 4742 276 4739 279
4974 4718 256 4715 259
5428 5146 282 5144 284
5007 4720 287 4715 292
4820 4574 246 4571 249
5147 4879 268 4874 273
5302 5013 289 5008 294
5277 4967 310 4962 315
5545 5248 297 5245 300
4972 4698 274 4692 280
5350 5079 271 5076 274
4886 4640 246 4637 249
5343 5065 278 5063 280
4823 4564 259 4561 262
5266 4999 267 4991 275
5139 4874 265 4866 273
5183 4920 263 4916 267
4990 4739 251 4735 255
5199 4911 288 4907 292
5214 4916 298 4909 305
5165 4893 272 4886 279
5644 5331 313 5327 317
5101 4812 289 4805 296
5876 5555 321 5550 326
4958 4725 233 4719 239
5192 4923 269 4913 279
4439 4220 219 4214 225
5146 4889 257 4885 261
5172 4901 271 4894 278
5199 4924 275 4921 278
5243 5002 241 4998 245
5056 4816 240 4809 247
5292 5011 281 5005 287
4911 4654 257 4651 260
5554 5252 302 5247 307
5148 4897 251 4890 258
4955 4678 277 4671 284
5199 4901 298 4897 302
5268 5019 249 5016 252
5039 4771 268 4763 276
5342 5045 297 5036 306
4745 4480 265 4475 270
4663 4424 239 4416 247
5088 4836 252 4832 256
4774 4540 234 4540 234
5007 4748 259 4744 263
5146 4884 262 4881 265
5129 4846 283 4840 289
5303 5037 266 5031 272
5453 5183 270 5180 273
5086 4817 269 4809 277
5176 4899 277 4893 283
5347 5085 262 5077 270
5139 4888 251 4886 253
5065 4799 266 4796 269
4848 4618 230 4612 236
5270 5003 267 4996 274
5067 4818 249 4813 254
5041 4795 246 4785 256
4860 4627 233 4622 238
5484 5196 288 5192 292
5153 4902 251 4897 256
5391 5102 289 5099 292
5303 5056 247 5053 250
4621 4368 253 4365 256
5063 4791 272 4789 274
5206 4943 263 4937 269
5788 5495 293 5494 294
5180 4932 248 4929 251
4638 4419 219 4414 224
4928 4704 224 4698 230
4999 4753 246 4748 251
5005 4738 267 4734 271
5223 4929 294 4924 299
5117 4855 262 4853 264
5068 4833 235 4829 239
5182 4885 297 4878 304
4951 4695 256 4686 265
5440 5168 272 5164 276
4822 4574 248 4563 259
4832 4611 221 4607 225
5632 5354 278 5346 286
5208 4930 278 4925 283
4971 4721 250 4716 255
5088 4832 256 4822 266
5201 4944 257 4942 259
5443 5143 300 5135 308
5529 5232 297 5226 303
5429 5141 288 5134 295
5711 5397 314 5396 315
5373 5107 266 5100 273
5349 5061 288 5049 300
4928 4681 247 4672 256
5287 5045 242 5042 245
5181 4895 286 4893 288
5262 4987 275 4985 277
5306 5029 277 5024 282
5388 5112 276 5105 283
5294 5030 264 5027 267
5186 4912 274 4908 278
5122 4864 258 4859 263
5086 4816 270 4810 276
4801 4576 225 4573 228
5058 4789 269 4786 272
4832 4590 242 4580 252
5121 4861 260 4854 267
4962 4713 249 4710 252
5040 4771 269 4768 272
4740 4501 239 4496 244
5121 4855 266 4848 273
5280 5027 253 5019 261
5001 4753 248 4747 254
5257 4983 274 4980 277
5110 4824 286 4820 290
5556 5264 292 5260 296
4997 4762 235 4755 242
5351 5086 265 5082 269
5120 4868 252 4866 254
5134 4857 277 4849 285
4884 4644 240 4641 243
5094 4844 250 4842 252
5143 4889 254 4886 257
4852 4576 276 4571 281
5321 5056 265 5052 269
5286 5035 251 5028 258
5158 4895 263 4882 276
5071 4814 257 4805 266
5297 5024 273 5018 279
5265 5012 253 5005 260
5102 4831 271 4824 278
4985 4706 279 4701 284
4985 4732 253 4728 257
5558 5299 259 5294 264
5298 5001 297 4996 302
5012 4750 262 4749 263
5381 5112 269 5107 274
5184 4914 270 4906 278
4944 4695 249 4691 253
5111 4848 263 4842 269
4921 4668 253 4665 256
4984 4734 250 4734 250
5250 4974 276 4969 281
5305 5025 280 5021 284
5387 5098 289 5095 292
5010 4775 235 4771 239
5169 4901 268 4898 271
5228 4981 247 4975 253
5155 4865 290 4861 294
5370 5087 283 5081 289
4793 4547 246 4539 254
4840 4603 237 4600 240
5042 4772 270 4771 271
5481 5195 286 5186 295
5222 4950 272 4944 278
4941 4678 263 4670 271
5135 4874 261 4870 265
5243 4981 262 4978 265
5172 4899 273 4895 277
5590 5317 273 5307 283
5435 5156 279 5152 283
5198 4952 246 4948 250
5437 5160 277 5155 282
5353 5099 254 5097 256
5204 4921 283 4917 287
5085 4825 260 4823 262
5270 5015 255 5012 258
5088 4821 267 4813 275
5271 4987 284 4984 287
5435 5147 288 5142 293
5214 4944 270 4939 275
5193 4930 263 4924 269
5584 5294 290 5288 296
5412 5128 284 5123 289
5051 4780 271 4777 274
5024 4737 287 4730 294
4994 4698 296 4692 302
5312 5055 257 5048 264
4983 4732 251 4728 255
5172 4920 252 4917 255
5208 4945 263 4940 268
4915 4644 271 4642 273
4942 4713 229 4707 235
5361 5080 281 5075 286
5236 4984 252 4977 259
4824 4577 247 4574 250
5306 5047 259 5040 266
5099 4830 269 4824 275
4946 4703 243 4698 248
5481 5188 293 5181 300
5326 5048 278 5044 282
5494 5246 248 5243 251
4944 4688 256 4681 263
4895 4650 245 4643 252
4763 4486 277 4482 281
5369 5108 261 5105 264
4704 4481 223 4479 225
5181 4904 277 4901 280
5076 4814 262 4809 267
5255 4996 259 4995 260
4985 4702 283 4697 288
4969 4692 277 4688 281
5031 4780 251 4775 256
4676 4424 252 4418 258
4819 4590 229 4590 229
5200 4915 285 4906 294
4849 4574 275 4568 281
5144 4873 271 4868 276
5353 5064 289 5059 294
5040 4778 262 4774 266
5152 4903 249 4893 259
5282 4991 291 4986 296
4757 4494 263 4489 268
4802 4559 243 4554 248
4693 4452 241 4451 242
5182 4915 267 4906 276
5268 5006 262 5001 267
5047 4789 258 4787 260
5378 5109 269 5106 272
5240 4970 270 4967 273
4979 4710 269 4705 274
5428 5132 296 5131 297
4886 4650 236 4643 243
4913 4655 258 4650 263
5074 4831 243 4829 245
5079 4805 274 4800 279
4865 4625 240 4624 241
5045 4779 266 4769 276
5078 4837 241 4832 246
5190 4932 258 4929 261
5255 5011 244 5008 247
5359 5071 288 5066 293
4935 4667 268 4661 274
5267 4986 281 4979 288
5197 4915 282 4908 289
5202 4948 254 4942 260
5012 4749 263 4744 268
4995 4749 246 4744 251
5168 4914 254 4909 259
5522 5241 281 5237 285
4969 4732 237 4725 244
5151 4887 264 4882 269
5241 4942 299 4941 300
4825 4575 250 4573 252
4994 4729 265 4725 269
4990 4727 263 4722 268
5274 5011 263 5008 266
4931 4650 281 4646 285
4935 4673 262 4666 269
4772 4530 242 4527 245
4925 4692 233 4684 241
4670 4437 233 4435 235
5153 4899 254 4892 261
5221 4947 274 4943 278
5362 5071 291 5065 297
5194 4945 249 4941 253
5000 4748 252 4746 254
5263 5003 260 4999 264
4906 4661 245 4652 254
5572 5284 288 5277 295
5172 4911 261 4909 263
4835 4585 250 4578 257
5028 4754 274 4752 276
5590 5327 263 5323 267
5029 4770 259 4763 266
4694 4427 267 4424 270
4853 4596 257 4592 261
4909 4645 264 4642 267
4947 4676 271 4673 274
5260 4976 284 4973 287
4927 4651 276 4643 284
5000 4743 257 4736 264
4949 4680 269 4678 271
5147 4881 266 4876 271
5616 5333 283 5325 291
5057 4795 262 4793 264
5120 4842 278 4837 283
5276 5002 274 4996 280
4559 4331 228 4327 232
5137 4889 248 4879 258
4981 4733 248 4729 252
4832 4579 253 4572 260
5376 5094 282 5085 291
4961 4706 255 4703 258
5271 5007 264 5004 267
4934 4668 266 4665 269
5012 4749 263 4744 268
4948 4684 264 4681 267
5126 4871 255 4864 262
5111 4839 272 4836 275
5241 4985 256 4974 267
4766 4509 257 4506 260
5120 4840 280 4834 286
5039 4788 251 4784 255
5588 5271 317 5265 323
5244 4989 255 4979 265
5887 5593 294 5591 296
5425 5131 294 5126 299
5522 5229 293 5226 296
5284 5010 274 5003 281
5171 4899 272 4892 279
5099 4832 267 4829 270
5346 5074 272 5067 279
5019 4746 273 4743 276
5809 5531 278 5523 286
4782 4531 251 4526 256
5014 4769 245 4763 251
5069 4807 262 4801 268
5157 4884 273 4877 280
5440 5145 295 5137 303
4781 4533 248 4532 249
4655 4421 234 4417 238
5328 5068 260 5061 267
4874 4622 252 4617 257
5152 4878 274 4874 278
5346 5058 288 5056 290
5338 5074 264 5071 267
5241 4972 269 4969 272
4948 4701 247 4698 250
5264 5018 246 5012 252
5453 5152 301 5147 306
5057 4801 256 4799 258
5092 4832 260 4827 265
5269 5015 254 5009 260
5270 5002 268 5001 269
5411 5105 306 5099 312
5086 4823 263 4822 264
5149 4892 257 4885 264
4745 4497 248 4491 254
5985 5655 330 5650 335
5413 5137 276 5134 279
5417 5145 272 5138 279
4972 4719 253 4712 260
4975 4710 265 4705 270
4884 4611 273 4606 278
5416 5133 283 5130 286
5027 4762 265 4758 269
5202 4937 265 4935 267
4754 4518 236 4517 237
5130 4875 255 4871 259
5334 5048 286 5042 292
4697 4457 240 4453 244
5157 4874 283 4869 288
5230 4956 274 4950 280
5090 4797 293 4793 297
5091 4817 274 4811 280
5103 4831 272 4824 279
5173 4907 266 4899 274
5657 5383 274 5376 281
4976 4718 258 4712 264
5262 4961 301 4956 306
5445 5172 273 5169 276
5031 4766 265 4758 273
5382 5096 286 5095 287
5180 4917 263 4913 267
5374 5070 304 5067 307
5233 4978 255 4972 261
5430 5175 255 5171 259
5370 5113 257 5109 261
5185 4951 234 4946 239
5078 4811 267 4809 269
5895 5624 271 5617 278
4942 4662 280 4658 284
5171 4914 257 4911 260
5055 4814 241 4809 246
5097 4832 265 4824 273
5019 4768 251 4763 256
4893 4650 243 4644 249
4784 4518 266 4515 269
5716 5449 267 5440 276
4941 4672 269 4666 275
5485 5207 278 5200 285
5122 4853 269 4847 275
5133 4831 302 4826 307
5302 5021 281 5013 289
5457 5196 261 5193 264
4868 4625 243 4620 248
4901 4636 265 4629 272
5321 5044 277 5041 280
5169 4917 252 4911 258
5400 5139 261 5135 265
5002 4742 260 4740 262
5010 4749 261 4743 267
5356 5082 274 5081 275
4868 4599 269 4592 276
5170 4908 262 4905 265
4704 4456 248 4450 254
5140 4886 254 4881 259
5384 5102 282 5095 289
5145 4872 273 4864 281
5130 4857 273 4854 276
5186 4904 282 4902 284
4748 4492 256 4486 262
4757 4532 225 4531 226
5392 5141 251 5134 258
4942 4684 258 4682 260
5160 4856 304 4849 311
4809 4559 250 4550 259
4979 4706 273 4701 278
5078 4843 235 4837 241
5103 4869 234 4866 237
5224 4928 296 4926 298
5182 4905 277 4904 278
5247 4985 262 4982 265
5227 4956 271 4950 277
5107 4864 243 4857 250
5405 5112 293 5101 304
5695 5395 300 5391 304
4995 4759 236 4752 243
4998 4739 259 4733 265
4985 4713 272 4710 275
5194 4925 269 4920 274
4855 4606 249 4599 256
5506 5230 276 5226 280
5371 5064 307 5056 315
5525 5237 288 5234 291
5236 4948 288 4942 294
5263 5015 248 5010 253
5022 4753 269 4746 276
5265 4976 289 4972 293
5084 4813 271 4808 276
4918 4654 264 4652 266
5130 4852 278 4844 286
5457 5185 272 5183 274
5106 4852 254 4848 258
5622 5321 301 5317 305
5198 4921 277 4914 284
5293 5015 278 5013 280
5141 4906 235 4897 244
5091 4816 275 4810 281
5452 5182 270 5177 275
5201 4931 270 4926 275
5312 5033 279 5030 282
4928 4650 278 4646 282
5205 4925 280 4921 284
4619 4375 244 4369 250
5591 5291 300 5285 306
4831 4592 239 4581 250
4978 4717 261 4714 264
4905 4621 284 4612 293
5114 4838 276 4833 281
5002 4736 266 4734 268
5109 4854 255 4849 260
5169 4897 272 4892 277
5119 4826 293 4818 301
5135 4864 271 4855 280
5264 4975 289 4968 296
5225 4949 276 4944 281
5150 4916 234 4912 238
4946 4689 257 4687 259
5398 5112 286 5107 291
5212 4934 278 4926 286
5235 4965 270 4960 275
5363 5061 302 5056 307
5160 4875 285 4871 289
5280 4968 312 4965 315
5291 4996 295 4994 297
5080 4799 281 4796 284
4887 4611 276 4606 281
5294 5016 278 5011 283
5509 5234 275 5232 277
5564 5278 286 5271 293
4962 4714 248 4708 254
5241 4985 256 4977 264
5267 4991 276 4981 286
5098 4823 275 4818 280
5282 5026 256 5020 262
5464 5176 288 5175 289
5047 4791 256 4783 264
5420 5122 298 5120 300
4957 4694 263 4688 269
5152 4936 216 4930 222
5188 4940 248 4939 249
5237 4979 258 4972 265
5389 5121 268 5119 270
5908 5611 297 5602 306
5171 4900 271 4896 275
4881 4648 233 4643 238
5453 5151 302 5148 305
5112 4840 272 4835 277
5059 4792 267 4784 275
4751 4495 256 4488 263
5478 5195 283 5191 287
4925 4677 248 4671 254
5159 4903 256 4897 262
4662 4438 224 4431 231
5066 4826 240 4820 246
4995 4754 241 4742 253
5392 5108 284 5101 291
4965 4692 273 4688 277
5198 4957 241 4956 242
5320 5033 287 5029 291
5095 4813 282 4808 287
5316 5029 287 5024 292
5175 4905 270 4898 277
5286 5031 255 5028 258
5089 4833 256 4831 258
5065 4799 266 4794 271
5381 5075 306 5069 312
5081 4823 258 4821 260
5412 5127 285 5123 289
5320 5053 267 5049 271
5202 4951 251 4948 254
5178 4931 247 4922 256
5121 4871 250 4867 254
4930 4707 223 4701 229
5388 5118 270 5114 274
5680 5398 282 5395 285
5425 5144 281 5136 289
5088 4832 256 4828 260
4794 4535 259 4530 264
5484 5174 310 5166 318
5093 4853 240 4850 243
5221 4930 291 4925 296
5513 5212 301 5207 306
5049 4775 274 4774 275
4815 4588 227 4585 230
5821 5503 318 5502 319
5173 4914 259 4909 264
4917 4651 266 4646 271
5373 5108 265 5102 271
5526 5215 311 5208 318
5675 5380 295 5377 298
5248 4980 268 4977 271
5466 5172 294 5164 302
5168 4921 247 4915 253
5180 4918 262 4912 268
5023 4781 242 4779 244
5231 4944 287 4942 289
4976 4742 234 4738 238
5055 4809 246 4808 247
5168 4906 262 4902 266
5309 5050 259 5048 261
5220 4967 253 4962 258
4865 4594 271 4588 277
5231 4975 256 4971 260
5111 4848 263 4841 270
5408 5119 289 5119 289
5044 4763 281 4760 284
5157 4879 278 4874 283
5717 5417 300 5410 307
5102 4831 271 4826 276
5220 4956 264 4952 268
5353 5041 312 5036 317
5120 4840 280 4835 285
5017 4750 267 4739 278
5313 5039 274 5032 281
5173 4883 290 4880 293
5291 5023 268 5016 275
5111 4867 244 4862 249
5314 5056 258 5052 262
5299 5016 283 5014 285
5589 5297 292 5286 303
5049 4763 286 4757 292
5099 4856 243 4850 249
5487 5217 270 5213 274
5073 4817 256 4812 261
5092 4832 260 4826 266
4889 4643 246 4639 250
5358 5070 288 5064 294
5161 4874 287 4871 290
4982 4732 250 4730 252
4950 4683 267 4679 271
5541 5250 291 5242 299
5330 5073 257 5069 261
5197 4969 228 4966 231
4808 4583 225 4573 235
5100 4857 243 4856 244
