5578 5578 0 5578 0
5442 5442 0 5442 0
5595 5595 0 5595 0
5448 5448 0 5448 0
5562 5562 0 5562 0
5466 5466 0 5466 0
5536 5536 0 5536 0
5408 5408 0 5408 0
5419 5419 0 5419 0
5330 5330 0 5330 0
5340 5340 0 5340 0
5430 5430 0 5430 0
5718 5718 0 5718 0
5811 5811 0 5811 0
5383 5383 0 5383 0
5519 5519 0 5519 0
5451 5451 0 5451 0
5300 5300 0 5300 0
5633 5633 0 5633 0
5333 5333 0 5333 0
5221 5221 0 5221 0
5519 5519 0 5519 0
5610 5610 0 5610 0
5044 5044 0 5044 0
5579 5579 0 5579 0
5613 5613 0 5613 0
5790 5790 0 5790 0
5136 5136 0 5136 0
5131 5131 0 5131 0
5626 5626 0 5626 0
5698 5698 0 5698 0
5684 5684 0 5684 0
5319 5319 0 5319 0
5425 5425 0 5425 0
5316 5316 0 5316 0
5799 5799 0 5799 0
5393 5393 0 5393 0
5256 5256 0 5256 0
4981 4981 0 4981 0
5139 5139 0 5139 0
5323 5323 0 5323 0
5399 5399 0 5399 0
5277 5277 0 5277 0
5590 5590 0 5590 0
5355 5355 0 5355 0
5853 5853 0 5853 0
5252 5252 0 5252 0
5545 5545 0 5545 0
5453 5453 0 5453 0
5520 5520 0 5520 0
5255 5255 0 5255 0
5195 5195 0 5195 0
5207 5207 0 5207 0
5686 5686 0 5686 0
5468 5468 0 5468 0
5366 5366 0 5366 0
5033 5033 0 5033 0
5456 5456 0 5456 0
5177 5177 0 5177 0
5285 5285 0 5285 0
5099 5099 0 5099 0
5120 5120 0 5120 0
5301 5301 0 5301 0
5269 5269 0 5269 0
5135 5135 0 5135 0
4837 4837 0 4837 0
5119 5119 0 5119 0
5166 5166 0 5166 0
4846 4846 0 4846 0
5491 5491 0 5491 0
5221 5221 0 5221 0
4685 4685 0 4685 0
4924 4924 0 4924 0
5166 5166 0 5166 0
5114 5114 0 5114 0
5493 5493 0 5493 0
4966 4966 0 4966 0
4872 4872 0 4872 0
5029 5029 0 5029 0
4847 4847 0 4847 0
4809 4809 0 4809 0
4931 4931 0 4931 0
4973 4973 0 4973 0
5008 5008 0 5008 0
5155 5155 0 5155 0
5478 5478 0 5478 0
5222 5222 0 5222 0
4961 4961 0 4961 0
5420 5420 0 5420 0
5381 5381 0 5381 0
5076 5076 0 5076 0
5177 5177 0 5177 0
5075 5075 0 5075 0
5253 5253 0 5253 0
5151 5151 0 5151 0
5015 5015 0 5015 0
5041 5041 0 5041 0
5185 5185 0 5185 0
4951 4951 0 4951 0
5324 5324 0 5324 0
4974 4974 0 4974 0
4925 4925 0 4925 0
4876 4876 0 4876 0
5090 5090 0 5090 0
5633 5633 0 5633 0
4856 4856 0 4856 0
5134 5134 0 5134 0
4780 4780 0 4780 0
5161 5161 0 5161 0
4994 4994 0 4994 0
5369 5369 0 5369 0
5113 5113 0 5113 0
5288 5288 0 5288 0
5018 5018 0 5018 0
5518 5518 0 5518 0
5431 5431 0 5431 0
5081 5081 0 5081 0
5376 5376 0 5376 0
4724 4724 0 4724 0
5071 5071 0 5071 0
4931 4931 0 4931 0
4915 4915 0 4915 0
4899 4899 0 4899 0
5107 5107 0 5107 0
4982 4982 0 4982 0
4767 4767 0 4767 0
5056 5056 0 5056 0
5229 5229 0 5229 0
5449 5449 0 5449 0
5343 5343 0 5343 0
5158 5158 0 5158 0
5612 5612 0 5612 0
5231 5231 0 5231 0
5079 5079 0 5079 0
5324 5324 0 5324 0
5066 5066 0 5066 0
4980 4980 0 4980 0
5241 5241 0 5241 0
5271 5271 0 5271 0
5209 5209 0 5209 0
5046 5046 0 5046 0
4935 4935 0 4935 0
5208 5208 0 5208 0
5020 5020 0 5020 0
4963 4963 0 4963 0
5449 5449 0 5449 0
5082 5082 0 5082 0
5101 5101 0 5101 0
5368 5368 0 5368 0
5398 5398 0 5398 0
5538 5538 0 5538 0
5630 5630 0 5630 0
5580 5580 0 5580 0
4948 4948 0 4948 0
5483 5483 0 5483 0
5393 5393 0 5393 0
5562 5562 0 5562 0
5819 5819 0 5819 0
5704 5704 0 5704 0
5538 5538 0 5538 0
5517 5517 0 5517 0
5667 5667 0 5667 0
5529 5529 0 5529 0
5479 5479 0 5479 0
5807 5807 0 5807 0
4794 4794 0 4794 0
5452 5452 0 5452 0
5353 5353 0 5353 0
5531 5531 0 5531 0
4828 4828 0 4828 0
5733 5733 0 5733 0
5652 5652 0 5652 0
5836 5836 0 5836 0
5237 5237 0 5237 0
5111 5111 0 5111 0
5785 5785 0 5785 0
5384 5384 0 5384 0
5484 5484 0 5484 0
5414 5414 0 5414 0
5722 5722 0 5722 0
5795 5795 0 5795 0
4666 4666 0 4666 0
5504 5504 0 5504 0
5533 5533 0 5533 0
5123 5123 0 5123 0
5336 5336 0 5336 0
5145 5145 0 5145 0
5517 5517 0 5517 0
5064 5064 0 5064 0
4959 4959 0 4959 0
5855 5855 0 5855 0
5335 5335 0 5335 0
5415 5415 0 5415 0
4940 4940 0 4940 0
5043 5043 0 5043 0
5103 5103 0 5103 0
5167 5167 0 5167 0
5366 5366 0 5366 0
5005 5005 0 5005 0
5349 5349 0 5349 0
5891 5891 0 5891 0
5123 5123 0 5123 0
5630 5630 0 5630 0
5565 5565 0 5565 0
5616 5616 0 5616 0
5154 5154 0 5154 0
5389 5389 0 5389 0
5562 5562 0 5562 0
4829 4829 0 4829 0
5005 5005 0 5005 0
5022 5022 0 5022 0
5496 5496 0 5496 0
5633 5633 0 5633 0
5403 5403 0 5403 0
5295 5295 0 5295 0
5367 5367 0 5367 0
5037 5037 0 5037 0
4992 4992 0 4992 0
5242 5242 0 5242 0
5511 5511 0 5511 0
5287 5287 0 5287 0
5017 5017 0 5017 0
5063 5063 0 5063 0
5499 5499 0 5499 0
5345 5345 0 5345 0
5186 5186 0 5186 0
5273 5273 0 5273 0
5382 5382 0 5382 0
5441 5441 0 5441 0
5180 5180 0 5180 0
5121 5121 0 5121 0
4714 4714 0 4714 0
5082 5082 0 5082 0
5167 5167 0 5167 0
5566 5566 0 5566 0
5169 5169 0 5169 0
5435 5435 0 5435 0
4910 4910 0 4910 0
5708 5708 0 5708 0
5857 5857 0 5857 0
5592 5592 0 5592 0
5012 5012 0 5012 0
4998 4998 0 4998 0
5397 5397 0 5397 0
5376 5376 0 5376 0
4932 4932 0 4932 0
5392 5392 0 5392 0
5370 5370 0 5370 0
5166 5166 0 5166 0
4873 4873 0 4873 0
5214 5214 0 5214 0
5211 5211 0 5211 0
5180 5180 0 5180 0
5061 5061 0 5061 0
5242 5242 0 5242 0
4780 4780 0 4780 0
5322 5322 0 5322 0
5184 5184 0 5184 0
5232 5232 0 5232 0
5290 5290 0 5290 0
5001 5001 0 5001 0
5311 5311 0 5311 0
5126 5126 0 5126 0
5340 5340 0 5340 0
5124 5124 0 5124 0
5070 5070 0 5070 0
5324 5324 0 5324 0
5280 5280 0 5280 0
5598 5598 0 5598 0
5150 5150 0 5150 0
5032 5032 0 5032 0
5175 5175 0 5175 0
5219 5219 0 5219 0
4939 4939 0 4939 0
5381 5381 0 5381 0
5351 5351 0 5351 0
5395 5395 0 5395 0
5159 5159 0 5159 0
5110 5110 0 5110 0
5503 5503 0 5503 0
5551 5551 0 5551 0
5373 5373 0 5373 0
5512 5512 0 5512 0
5475 5475 0 5475 0
5154 5154 0 5154 0
5276 5276 0 5276 0
5755 5755 0 5755 0
5379 5379 0 5379 0
5245 5245 0 5245 0
4786 4786 0 4786 0
5397 5397 0 5397 0
5654 5654 0 5654 0
5132 5132 0 5132 0
5155 5155 0 5155 0
5333 5333 0 5333 0
5336 5336 0 5336 0
5416 5416 0 5416 0
5006 5006 0 5006 0
5101 5101 0 5101 0
5316 5316 0 5316 0
5331 5331 0 5331 0
5131 5131 0 5131 0
5193 5193 0 5193 0
5305 5305 0 5305 0
5642 5642 0 5642 0
5025 5025 0 5025 0
4945 4945 0 4945 0
5200 5200 0 5200 0
5339 5339 0 5339 0
5320 5320 0 5320 0
5159 5159 0 5159 0
4827 4827 0 4827 0
5726 5726 0 5726 0
5345 5345 0 5345 0
4906 4906 0 4906 0
4535 4535 0 4535 0
5057 5057 0 5057 0
5250 5250 0 5250 0
5446 5446 0 5446 0
4837 4837 0 4837 0
5086 5086 0 5086 0
5425 5425 0 5425 0
5162 5162 0 5162 0
5206 5206 0 5206 0
5063 5063 0 5063 0
5103 5103 0 5103 0
5105 5105 0 5105 0
5248 5248 0 5248 0
4922 4922 0 4922 0
5321 5321 0 5321 0
4983 4983 0 4983 0
5302 5302 0 5302 0
5042 5042 0 5042 0
5306 5306 0 5306 0
5043 5043 0 5043 0
5561 5561 0 5561 0
5242 5242 0 5242 0
4957 4957 0 4957 0
5158 5158 0 5158 0
4815 4815 0 4815 0
5112 5112 0 5112 0
5259 5259 0 5259 0
5386 5386 0 5386 0
4930 4930 0 4930 0
5235 5235 0 5235 0
5474 5474 0 5474 0
5298 5298 0 5298 0
5563 5563 0 5563 0
5098 5098 0 5098 0
4838 4838 0 4838 0
5156 5156 0 5156 0
5350 5350 0 5350 0
5015 5015 0 5015 0
5428 5428 0 5428 0
4982 4982 0 4982 0
5297 5297 0 5297 0
5419 5419 0 5419 0
5076 5076 0 5076 0
5045 5045 0 5045 0
5403 5403 0 5403 0
4956 4956 0 4956 0
5140 5140 0 5140 0
5014 5014 0 5014 0
5433 5433 0 5433 0
5129 5129 0 5129 0
5319 5319 0 5319 0
5404 5404 0 5404 0
5280 5280 0 5280 0
5600 5600 0 5600 0
5272 5272 0 5272 0
5465 5465 0 5465 0
4659 4659 0 4659 0
5002 5002 0 5002 0
5337 5337 0 5337 0
4756 4756 0 4756 0
5279 5279 0 5279 0
5045 5045 0 5045 0
4917 4917 0 4917 0
4867 4867 0 4867 0
5144 5144 0 5144 0
4885 4885 0 4885 0
5329 5329 0 5329 0
5088 5088 0 5088 0
5029 5029 0 5029 0
4994 4994 0 4994 0
5226 5226 0 5226 0
5267 5267 0 5267 0
5246 5246 0 5246 0
5162 5162 0 5162 0
4995 4995 0 4995 0
5076 5076 0 5076 0
4926 4926 0 4926 0
5277 5277 0 5277 0
4950 4950 0 4950 0
4951 4951 0 4951 0
5203 5203 0 5203 0
5567 5567 0 5567 0
5266 5266 0 5266 0
5557 5557 0 5557 0
5518 5518 0 5518 0
5307 5307 0 5307 0
5165 5165 0 5165 0
5147 5147 0 5147 0
5298 5298 0 5298 0
5089 5089 0 5089 0
4762 4762 0 4762 0
5364 5364 0 5364 0
4887 4887 0 4887 0
5358 5358 0 5358 0
5231 5231 0 5231 0
5357 5357 0 5357 0
5041 5041 0 5041 0
5247 5247 0 5247 0
5483 5483 0 5483 0
4949 4949 0 4949 0
5128 5128 0 5128 0
5310 5310 0 5310 0
4860 4860 0 4860 0
5293 5293 0 5293 0
4988 4988 0 4988 0
5261 5261 0 5261 0
5319 5319 0 5319 0
5064 5064 0 5064 0
4901 4901 0 4901 0
4975 4975 0 4975 0
4852 4852 0 4852 0
5354 5354 0 5354 0
5503 5503 0 5503 0
5281 5281 0 5281 0
5095 5095 0 5095 0
5022 5022 0 5022 0
5000 5000 0 5000 0
4836 4836 0 4836 0
5018 5018 0 5018 0
4974 4974 0 4974 0
5428 5428 0 5428 0
5007 5007 0 5007 0
4820 4820 0 4820 0
5147 5147 0 5147 0
5302 5302 0 5302 0
5277 5277 0 5277 0
5545 5545 0 5545 0
4972 4972 0 4972 0
5350 5350 0 5350 0
4886 4886 0 4886 0
5343 5343 0 5343 0
4823 4823 0 4823 0
5266 5266 0 5266 0
5139 5139 0 5139 0
5183 5183 0 5183 0
4990 4990 0 4990 0
5199 5199 0 5199 0
5214 5214 0 5214 0
5165 5165 0 5165 0
5644 5644 0 5644 0
5101 5101 0 5101 0
5876 5876 0 5876 0
4958 4958 0 4958 0
5192 5192 0 5192 0
4439 4439 0 4439 0
5146 5146 0 5146 0
5172 5172 0 5172 0
5199 5199 0 5199 0
5243 5243 0 5243 0
5056 5056 0 5056 0
5292 5292 0 5292 0
4911 4911 0 4911 0
5554 5554 0 5554 0
5148 5148 0 5148 0
4955 4955 0 4955 0
5199 5199 0 5199 0
5268 5268 0 5268 0
5039 5039 0 5039 0
5342 5342 0 5342 0
4745 4745 0 4745 0
4663 4663 0 4663 0
5088 5088 0 5088 0
4774 4774 0 4774 0
5007 5007 0 5007 0
5146 5146 0 5146 0
5129 5129 0 5129 0
5303 5303 0 5303 0
5453 5453 0 5453 0
5086 5086 0 5086 0
5176 5176 0 5176 0
5347 5347 0 5347 0
5139 5139 0 5139 0
5065 5065 0 5065 0
4848 4848 0 4848 0
5270 5270 0 5270 0
5067 5067 0 5067 0
5041 5041 0 5041 0
4860 4860 0 4860 0
5484 5484 0 5484 0
5153 5153 0 5153 0
5391 5391 0 5391 0
5303 5303 0 5303 0
4621 4621 0 4621 0
5063 5063 0 5063 0
5206 5206 0 5206 0
5788 5788 0 5788 0
5180 5180 0 5180 0
4638 4638 0 4638 0
4928 4928 0 4928 0
4999 4999 0 4999 0
5005 5005 0 5005 0
5223 5223 0 5223 0
5117 5117 0 5117 0
5068 5068 0 5068 0
5182 5182 0 5182 0
4951 4951 0 4951 0
5440 5440 0 5440 0
4822 4822 0 4822 0
4832 4832 0 4832 0
5632 5632 0 5632 0
5208 5208 0 5208 0
4971 4971 0 4971 0
5088 5088 0 5088 0
5201 5201 0 5201 0
5443 5443 0 5443 0
5529 5529 0 5529 0
5429 5429 0 5429 0
5711 5711 0 5711 0
5373 5373 0 5373 0
5349 5349 0 5349 0
4928 4928 0 4928 0
5287 5287 0 5287 0
5181 5181 0 5181 0
5262 5262 0 5262 0
5306 5306 0 5306 0
5388 5388 0 5388 0
5294 5294 0 5294 0
5186 5186 0 5186 0
5122 5122 0 5122 0
5086 5086 0 5086 0
4801 4801 0 4801 0
5058 5058 0 5058 0
4832 4832 0 4832 0
5121 5121 0 5121 0
4962 4962 0 4962 0
5040 5040 0 5040 0
4740 4740 0 4740 0
5121 5121 0 5121 0
5280 5280 0 5280 0
5001 5001 0 5001 0
5257 5257 0 5257 0
5110 5110 0 5110 0
5556 5556 0 5556 0
4997 4997 0 4997 0
5351 5351 0 5351 0
5120 5120 0 5120 0
5134 5134 0 5134 0
4884 4884 0 4884 0
5094 5094 0 5094 0
5143 5143 0 5143 0
4852 4852 0 4852 0
5321 5321 0 5321 0
5286 5286 0 5286 0
5158 5158 0 5158 0
5071 5071 0 5071 0
5297 5297 0 5297 0
5265 5265 0 5265 0
5102 5102 0 5102 0
4985 4985 0 4985 0
4985 4985 0 4985 0
5558 5558 0 5558 0
5298 5298 0 5298 0
5012 5012 0 5012 0
5381 5381 0 5381 0
5184 5184 0 5184 0
4944 4944 0 4944 0
5111 5111 0 5111 0
4921 4921 0 4921 0
4984 4984 0 4984 0
5250 5250 0 5250 0
5305 5305 0 5305 0
5387 5387 0 5387 0
5010 5010 0 5010 0
5169 5169 0 5169 0
5228 5228 0 5228 0
5155 5155 0 5155 0
5370 5370 0 5370 0
4793 4793 0 4793 0
4840 4840 0 4840 0
5042 5042 0 5042 0
5481 5481 0 5481 0
5222 5222 0 5222 0
4941 4941 0 4941 0
5135 5135 0 5135 0
5243 5243 0 5243 0
5172 5172 0 5172 0
5590 5590 0 5590 0
5435 5435 0 5435 0
5198 5198 0 5198 0
5437 5437 0 5437 0
5353 5353 0 5353 0
5204 5204 0 5204 0
5085 5085 0 5085 0
5270 5270 0 5270 0
5088 5088 0 5088 0
5271 5271 0 5271 0
5435 5435 0 5435 0
5214 5214 0 5214 0
5193 5193 0 5193 0
5584 5584 0 5584 0
5412 5412 0 5412 0
5051 5051 0 5051 0
5024 5024 0 5024 0
4994 4994 0 4994 0
5312 5312 0 5312 0
4983 4983 0 4983 0
5172 5172 0 5172 0
5208 5208 0 5208 0
4915 4915 0 4915 0
4942 4942 0 4942 0
5361 5361 0 5361 0
5236 5236 0 5236 0
4824 4824 0 4824 0
5306 5306 0 5306 0
5099 5099 0 5099 0
4946 4946 0 4946 0
5481 5481 0 5481 0
5326 5326 0 5326 0
5494 5494 0 5494 0
4944 4944 0 4944 0
4895 4895 0 4895 0
4763 4763 0 4763 0
5369 5369 0 5369 0
4704 4704 0 4704 0
5181 5181 0 5181 0
5076 5076 0 5076 0
5255 5255 0 5255 0
4985 4985 0 4985 0
4969 4969 0 4969 0
5031 5031 0 5031 0
4676 4676 0 4676 0
4819 4819 0 4819 0
5200 5200 0 5200 0
4849 4849 0 4849 0
5144 5144 0 5144 0
5353 5353 0 5353 0
5040 5040 0 5040 0
5152 5152 0 5152 0
5282 5282 0 5282 0
4757 4757 0 4757 0
4802 4802 0 4802 0
4693 4693 0 4693 0
5182 5182 0 5182 0
5268 5268 0 5268 0
5047 5047 0 5047 0
5378 5378 0 5378 0
5240 5240 0 5240 0
4979 4979 0 4979 0
5428 5428 0 5428 0
4886 4886 0 4886 0
4913 4913 0 4913 0
5074 5074 0 5074 0
5079 5079 0 5079 0
4865 4865 0 4865 0
5045 5045 0 5045 0
5078 5078 0 5078 0
5190 5190 0 5190 0
5255 5255 0 5255 0
5359 5359 0 5359 0
4935 4935 0 4935 0
5267 5267 0 5267 0
5197 5197 0 5197 0
5202 5202 0 5202 0
5012 5012 0 5012 0
4995 4995 0 4995 0
5168 5168 0 5168 0
5522 5522 0 5522 0
4969 4969 0 4969 0
5151 5151 0 5151 0
5241 5241 0 5241 0
4825 4825 0 4825 0
4994 4994 0 4994 0
4990 4990 0 4990 0
5274 5274 0 5274 0
4931 4931 0 4931 0
4935 4935 0 4935 0
4772 4772 0 4772 0
4925 4925 0 4925 0
4670 4670 0 4670 0
5153 5153 0 5153 0
5221 5221 0 5221 0
5362 5362 0 5362 0
5194 5194 0 5194 0
5000 5000 0 5000 0
5263 5263 0 5263 0
4906 4906 0 4906 0
5572 5572 0 5572 0
5172 5172 0 5172 0
4835 4835 0 4835 0
5028 5028 0 5028 0
5590 5590 0 5590 0
5029 5029 0 5029 0
4694 4694 0 4694 0
4853 4853 0 4853 0
4909 4909 0 4909 0
4947 4947 0 4947 0
5260 5260 0 5260 0
4927 4927 0 4927 0
5000 5000 0 5000 0
4949 4949 0 4949 0
5147 5147 0 5147 0
5616 5616 0 5616 0
5057 5057 0 5057 0
5120 5120 0 5120 0
5276 5276 0 5276 0
4559 4559 0 4559 0
5137 5137 0 5137 0
4981 4981 0 4981 0
4832 4832 0 4832 0
5376 5376 0 5376 0
4961 4961 0 4961 0
5271 5271 0 5271 0
4934 4934 0 4934 0
5012 5012 0 5012 0
4948 4948 0 4948 0
5126 5126 0 5126 0
5111 5111 0 5111 0
5241 5241 0 5241 0
4766 4766 0 4766 0
5120 5120 0 5120 0
5039 5039 0 5039 0
5588 5588 0 5588 0
5244 5244 0 5244 0
5887 5887 0 5887 0
5425 5425 0 5425 0
5522 5522 0 5522 0
5284 5284 0 5284 0
5171 5171 0 5171 0
5099 5099 0 5099 0
5346 5346 0 5346 0
5019 5019 0 5019 0
5809 5809 0 5809 0
4782 4782 0 4782 0
5014 5014 0 5014 0
5069 5069 0 5069 0
5157 5157 0 5157 0
5440 5440 0 5440 0
4781 4781 0 4781 0
4655 4655 0 4655 0
5328 5328 0 5328 0
4874 4874 0 4874 0
5152 5152 0 5152 0
5346 5346 0 5346 0
5338 5338 0 5338 0
5241 5241 0 5241 0
4948 4948 0 4948 0
5264 5264 0 5264 0
5453 5453 0 5453 0
5057 5057 0 5057 0
5092 5092 0 5092 0
5269 5269 0 5269 0
5270 5270 0 5270 0
5411 5411 0 5411 0
5086 5086 0 5086 0
5149 5149 0 5149 0
4745 4745 0 4745 0
5985 5985 0 5985 0
5413 5413 0 5413 0
5417 5417 0 5417 0
4972 4972 0 4972 0
4975 4975 0 4975 0
4884 4884 0 4884 0
5416 5416 0 5416 0
5027 5027 0 5027 0
5202 5202 0 5202 0
4754 4754 0 4754 0
5130 5130 0 5130 0
5334 5334 0 5334 0
4697 4697 0 4697 0
5157 5157 0 5157 0
5230 5230 0 5230 0
5090 5090 0 5090 0
5091 5091 0 5091 0
5103 5103 0 5103 0
5173 5173 0 5173 0
5657 5657 0 5657 0
4976 4976 0 4976 0
5262 5262 0 5262 0
5445 5445 0 5445 0
5031 5031 0 5031 0
5382 5382 0 5382 0
5180 5180 0 5180 0
5374 5374 0 5374 0
5233 5233 0 5233 0
5430 5430 0 5430 0
5370 5370 0 5370 0
5185 5185 0 5185 0
5078 5078 0 5078 0
5895 5895 0 5895 0
4942 4942 0 4942 0
5171 5171 0 5171 0
5055 5055 0 5055 0
5097 5097 0 5097 0
5019 5019 0 5019 0
4893 4893 0 4893 0
4784 4784 0 4784 0
5716 5716 0 5716 0
4941 4941 0 4941 0
5485 5485 0 5485 0
5122 5122 0 5122 0
5133 5133 0 5133 0
5302 5302 0 5302 0
5457 5457 0 5457 0
4868 4868 0 4868 0
4901 4901 0 4901 0
5321 5321 0 5321 0
5169 5169 0 5169 0
5400 5400 0 5400 0
5002 5002 0 5002 0
5010 5010 0 5010 0
5356 5356 0 5356 0
4868 4868 0 4868 0
5170 5170 0 5170 0
4704 4704 0 4704 0
5140 5140 0 5140 0
5384 5384 0 5384 0
5145 5145 0 5145 0
5130 5130 0 5130 0
5186 5186 0 5186 0
4748 4748 0 4748 0
4757 4757 0 4757 0
5392 5392 0 5392 0
4942 4942 0 4942 0
5160 5160 0 5160 0
4809 4809 0 4809 0
4979 4979 0 4979 0
5078 5078 0 5078 0
5103 5103 0 5103 0
5224 5224 0 5224 0
5182 5182 0 5182 0
5247 5247 0 5247 0
5227 5227 0 5227 0
5107 5107 0 5107 0
5405 5405 0 5405 0
5695 5695 0 5695 0
4995 4995 0 4995 0
4998 4998 0 4998 0
4985 4985 0 4985 0
5194 5194 0 5194 0
4855 4855 0 4855 0
5506 5506 0 5506 0
5371 5371 0 5371 0
5525 5525 0 5525 0
5236 5236 0 5236 0
5263 5263 0 5263 0
5022 5022 0 5022 0
5265 5265 0 5265 0
5084 5084 0 5084 0
4918 4918 0 4918 0
5130 5130 0 5130 0
5457 5457 0 5457 0
5106 5106 0 5106 0
5622 5622 0 5622 0
5198 5198 0 5198 0
5293 5293 0 5293 0
5141 5141 0 5141 0
5091 5091 0 5091 0
5452 5452 0 5452 0
5201 5201 0 5201 0
5312 5312 0 5312 0
4928 4928 0 4928 0
5205 5205 0 5205 0
4619 4619 0 4619 0
5591 5591 0 5591 0
4831 4831 0 4831 0
4978 4978 0 4978 0
4905 4905 0 4905 0
5114 5114 0 5114 0
5002 5002 0 5002 0
5109 5109 0 5109 0
5169 5169 0 5169 0
5119 5119 0 5119 0
5135 5135 0 5135 0
5264 5264 0 5264 0
5225 5225 0 5225 0
5150 5150 0 5150 0
4946 4946 0 4946 0
5398 5398 0 5398 0
5212 5212 0 5212 0
5235 5235 0 5235 0
5363 5363 0 5363 0
5160 5160 0 5160 0
5280 5280 0 5280 0
5291 5291 0 5291 0
5080 5080 0 5080 0
4887 4887 0 4887 0
5294 5294 0 5294 0
5509 5509 0 5509 0
5564 5564 0 5564 0
4962 4962 0 4962 0
5241 5241 0 5241 0
5267 5267 0 5267 0
5098 5098 0 5098 0
5282 5282 0 5282 0
5464 5464 0 5464 0
5047 5047 0 5047 0
5420 5420 0 5420 0
4957 4957 0 4957 0
5152 5152 0 5152 0
5188 5188 0 5188 0
5237 5237 0 5237 0
5389 5389 0 5389 0
5908 5908 0 5908 0
5171 5171 0 5171 0
4881 4881 0 4881 0
5453 5453 0 5453 0
5112 5112 0 5112 0
5059 5059 0 5059 0
4751 4751 0 4751 0
5478 5478 0 5478 0
4925 4925 0 4925 0
5159 5159 0 5159 0
4662 4662 0 4662 0
5066 5066 0 5066 0
4995 4995 0 4995 0
5392 5392 0 5392 0
4965 4965 0 4965 0
5198 5198 0 5198 0
5320 5320 0 5320 0
5095 5095 0 5095 0
5316 5316 0 5316 0
5175 5175 0 5175 0
5286 5286 0 5286 0
5089 5089 0 5089 0
5065 5065 0 5065 0
5381 5381 0 5381 0
5081 5081 0 5081 0
5412 5412 0 5412 0
5320 5320 0 5320 0
5202 5202 0 5202 0
5178 5178 0 5178 0
5121 5121 0 5121 0
4930 4930 0 4930 0
5388 5388 0 5388 0
5680 5680 0 5680 0
5425 5425 0 5425 0
5088 5088 0 5088 0
4794 4794 0 4794 0
5484 5484 0 5484 0
5093 5093 0 5093 0
5221 5221 0 5221 0
5513 5513 0 5513 0
5049 5049 0 5049 0
4815 4815 0 4815 0
5821 5821 0 5821 0
5173 5173 0 5173 0
4917 4917 0 4917 0
5373 5373 0 5373 0
5526 5526 0 5526 0
5675 5675 0 5675 0
5248 5248 0 5248 0
5466 5466 0 5466 0
5168 5168 0 5168 0
5180 5180 0 5180 0
5023 5023 0 5023 0
5231 5231 0 5231 0
4976 4976 0 4976 0
5055 5055 0 5055 0
5168 5168 0 5168 0
5309 5309 0 5309 0
5220 5220 0 5220 0
4865 4865 0 4865 0
5231 5231 0 5231 0
5111 5111 0 5111 0
5408 5408 0 5408 0
5044 5044 0 5044 0
5157 5157 0 5157 0
5717 5717 0 5717 0
5102 5102 0 5102 0
5220 5220 0 5220 0
5353 5353 0 5353 0
5120 5120 0 5120 0
5017 5017 0 5017 0
5313 5313 0 5313 0
5173 5173 0 5173 0
5291 5291 0 5291 0
5111 5111 0 5111 0
5314 5314 0 5314 0
5299 5299 0 5299 0
5589 5589 0 5589 0
5049 5049 0 5049 0
5099 5099 0 5099 0
5487 5487 0 5487 0
5073 5073 0 5073 0
5092 5092 0 5092 0
4889 4889 0 4889 0
5358 5358 0 5358 0
5161 5161 0 5161 0
4982 4982 0 4982 0
4950 4950 0 4950 0
5541 5541 0 5541 0
5330 5330 0 5330 0
5197 5197 0 5197 0
4808 4808 0 4808 0
5100 5100 0 5100 0
