5578 1404 4174 12 5566
5442 1323 4119 11 5431
5595 1366 4229 18 5577
5448 1359 4089 3 5445
5562 1378 4184 9 5553
5466 1376 4090 11 5455
5536 1371 4165 17 5519
5408 1323 4085 8 5400
5419 1377 4042 11 5408
5330 1346 3984 7 5323
5340 1322 4018 6 5334
5430 1398 4032 10 5420
5718 1395 4323 8 5710
5811 1482 4329 11 5800
5383 1397 3986 5 5378
5519 1377 4142 12 5507
5451 1438 4013 11 5440
5300 1332 3968 10 5290
5633 1399 4234 10 5623
5333 1354 3979 11 5322
5221 1257 3964 20 5201
5519 1432 4087 13 5506
5610 1440 4170 7 5603
5044 1224 3820 12 5032
5579 1370 4209 9 5570
5613 1430 4183 5 5608
5790 1405 4385 15 5775
5136 1337 3799 8 5128
5131 1254 3877 10 5121
5626 1416 4210 14 5612
5698 1449 4249 10 5688
5684 1453 4231 11 5673
5319 1372 3947 21 5298
5425 1344 4081 7 5418
5316 1377 3939 9 5307
5799 1515 4284 10 5789
5393 1346 4047 17 5376
5256 1325 3931 11 5245
4981 1197 3784 4 4977
5139 1259 3880 12 5127
5323 1338 3985 7 5316
5399 1314 4085 6 5393
5277 1324 3953 8 5269
5590 1413 4177 8 5582
5355 1341 4014 8 5347
5853 1413 4440 11 5842
5252 1345 3907 10 5242
5545 1419 4126 17 5528
5453 1439 4014 12 5441
5520 1423 4097 13 5507
5255 1346 3909 15 5240
5195 1322 3873 12 5183
5207 1311 3896 9 5198
5686 1412 4274 3 5683
5468 1350 4118 13 5455
5366 1317 4049 7 5359
5033 1237 3796 13 5020
5456 1378 4078 18 5438
5177 1274 3903 13 5164
5285 1331 3954 12 5273
5099 1258 3841 17 5082
5120 1258 3862 7 5113
5301 1380 3921 8 5293
5269 1300 3969 8 5261
5135 1275 3860 13 5122
4837 1145 3692 12 4825
5119 1231 3888 11 5108
5166 1330 3836 7 5159
4846 1191 3655 7 4839
5491 1366 4125 12 5479
5221 1266 3955 13 5208
4685 1215 3470 14 4671
4924 1248 3676 13 4911
5166 1248 3918 8 5158
5114 1309 3805 9 5105
5493 1344 4149 8 5485
4966 1294 3672 11 4955
4872 1232 3640 14 4858
5029 1261 3768 9 5020
4847 1231 3616 15 4832
4809 1233 3576 8 4801
4931 1313 3618 10 4921
4973 1229 3744 14 4959
5008 1164 3844 12 4996
5155 1293 3862 11 5144
5478 1374 4104 11 5467
5222 1286 3936 8 5214
4961 1242 3719 8 4953
5420 1371 4049 6 5414
5381 1312 4069 12 5369
5076 1243 3833 8 5068
5177 1277 3900 9 5168
5075 1257 3818 8 5067
5253 1360 3893 6 5247
5151 1266 3885 4 5147
5015 1257 3758 13 5002
5041 1283 3758 12 5029
5185 1258 3927 9 5176
4951 1219 3732 16 4935
5324 1333 3991 12 5312
4974 1258 3716 9 4965
4925 1233 3692 10 4915
4876 1195 3681 11 4865
5090 1275 3815 11 5079
5633 1412 4221 10 5623
4856 1211 3645 12 4844
5134 1224 3910 11 5123
4780 1183 3597 17 4763
5161 1252 3909 13 5148
4994 1322 3672 10 4984
5369 1341 4028 8 5361
5113 1280 3833 11 5102
5288 1314 3974 13 5275
5018 1276 3742 11 5007
5518 1396 4122 12 5506
5431 1315 4116 13 5418
5081 1281 3800 11 5070
5376 1303 4073 7 5369
4724 1094 3630 12 4712
5071 1212 3859 12 5059
4931 1247 3684 8 4923
4915 1199 3716 12 4903
4899 1229 3670 10 4889
5107 1275 3832 14 5093
4982 1287 3695 10 4972
4767 1255 3512 13 4754
5056 1262 3794 12 5044
5229 1368 3861 11 5218
5449 1334 4115 16 5433
5343 1321 4022 12 5331
5158 1300 3858 10 5148
5612 1403 4209 11 5601
5231 1266 3965 9 5222
5079 1295 3784 8 5071
5324 1322 4002 10 5314
5066 1191 3875 10 5056
4980 1291 3689 6 4974
5241 1367 3874 11 5230
5271 1306 3965 12 5259
5209 1273 3936 13 5196
5046 1293 3753 16 5030
4935 1231 3704 8 4927
5208 1260 3948 9 5199
5020 1213 3807 10 5010
4963 1274 3689 14 4949
5449 1354 4095 10 5439
5082 1329 3753 7 5075
5101 1299 3802 8 5093
5368 1334 4034 20 5348
5398 1328 4070 8 5390
5538 1433 4105 9 5529
5630 1485 4145 9 5621
5580 1451 4129 16 5564
4948 1212 3736 12 4936
5483 1375 4108 15 5468
5393 1324 4069 9 5384
5562 1351 4211 10 5552
5819 1446 4373 11 5808
5704 1411 4293 9 5695
5538 1411 4127 6 5532
5517 1335 4182 13 5504
5667 1461 4206 11 5656
5529 1419 4110 14 5515
5479 1335 4144 9 5470
5807 1428 4379 11 5796
4794 1172 3622 9 4785
5452 1323 4129 11 5441
5353 1355 3998 9 5344
5531 1331 4200 7 5524
4828 1215 3613 8 4820
5733 1493 4240 16 5717
5652 1361 4291 7 5645
5836 1464 4372 12 5824
5237 1304 3933 11 5226
5111 1261 3850 9 5102
5785 1488 4297 13 5772
5384 1404 3980 8 5376
5484 1394 4090 7 5477
5414 1332 4082 15 5399
5722 1401 4321 13 5709
5795 1469 4326 18 5777
4666 1192 3474 11 4655
5504 1331 4173 6 5498
5533 1357 4176 10 5523
5123 1213 3910 11 5112
5336 1378 3958 10 5326
5145 1290 3855 9 5136
5517 1414 4103 8 5509
5064 1234 3830 4 5060
4959 1290 3669 6 4953
5855 1465 4390 10 5845
5335 1318 4017 18 5317
5415 1393 4022 9 5406
4940 1295 3645 12 4928
5043 1251 3792 12 5031
5103 1246 3857 2 5101
5167 1254 3913 6 5161
5366 1290 4076 9 5357
5005 1251 3754 10 4995
5349 1303 4046 6 5343
5891 1478 4413 20 5871
5123 1273 3850 13 5110
5630 1442 4188 7 5623
5565 1419 4146 12 5553
5616 1458 4158 10 5606
5154 1274 3880 12 5142
5389 1326 4063 13 5376
5562 1398 4164 11 5551
4829 1183 3646 3 4826
5005 1274 3731 10 4995
5022 1300 3722 12 5010
5496 1413 4083 9 5487
5633 1410 4223 8 5625
5403 1366 4037 10 5393
5295 1352 3943 9 5286
5367 1325 4042 10 5357
5037 1296 3741 8 5029
4992 1284 3708 6 4986
5242 1280 3962 12 5230
5511 1387 4124 9 5502
5287 1297 3990 12 5275
5017 1323 3694 12 5005
5063 1283 3780 8 5055
5499 1340 4159 10 5489
5345 1350 3995 7 5338
5186 1244 3942 10 5176
5273 1316 3957 11 5262
5382 1382 4000 9 5373
5441 1340 4101 13 5428
5180 1312 3868 8 5172
5121 1283 3838 9 5112
4714 1207 3507 7 4707
5082 1213 3869 9 5073
5167 1288 3879 10 5157
5566 1450 4116 13 5553
5169 1289 3880 15 5154
5435 1331 4104 10 5425
4910 1211 3699 9 4901
5708 1450 4258 7 5701
5857 1473 4384 9 5848
5592 1371 4221 11 5581
5012 1255 3757 15 4997
4998 1186 3812 7 4991
5397 1369 4028 19 5378
5376 1314 4062 12 5364
4932 1251 3681 10 4922
5392 1337 4055 10 5382
5370 1368 4002 13 5357
5166 1297 3869 10 5156
4873 1205 3668 6 4867
5214 1303 3911 10 5204
5211 1269 3942 8 5203
5180 1260 3920 7 5173
5061 1267 3794 14 5047
5242 1315 3927 8 5234
4780 1196 3584 11 4769
5322 1376 3946 7 5315
5184 1355 3829 9 5175
5232 1318 3914 9 5223
5290 1301 3989 9 5281
5001 1296 3705 11 4990
5311 1353 3958 7 5304
5126 1262 3864 12 5114
5340 1344 3996 10 5330
5124 1266 3858 12 5112
5070 1230 3840 10 5060
5324 1341 3983 9 5315
5280 1349 3931 6 5274
5598 1337 4261 13 5585
5150 1312 3838 8 5142
5032 1343 3689 10 5022
5175 1315 3860 8 5167
5219 1301 3918 9 5210
4939 1257 3682 9 4930
5381 1362 4019 18 5363
5351 1381 3970 14 5337
5395 1380 4015 15 5380
5159 1313 3846 4 5155
5110 1184 3926 8 5102
5503 1376 4127 11 5492
5551 1419 4132 9 5542
5373 1347 4026 11 5362
5512 1372 4140 12 5500
5475 1410 4065 9 5466
5154 1354 3800 15 5139
5276 1299 3977 15 5261
5755 1452 4303 12 5743
5379 1388 3991 15 5364
5245 1357 3888 11 5234
4786 1187 3599 15 4771
5397 1334 4063 14 5383
5654 1438 4216 11 5643
5132 1302 3830 15 5117
5155 1213 3942 8 5147
5333 1355 3978 6 5327
5336 1320 4016 15 5321
5416 1328 4088 12 5404
5006 1263 3743 9 4997
5101 1267 3834 6 5095
5316 1362 3954 7 5309
5331 1330 4001 10 5321
5131 1257 3874 4 5127
5193 1268 3925 10 5183
5305 1375 3930 11 5294
5642 1367 4275 16 5626
5025 1260 3765 8 5017
4945 1231 3714 6 4939
5200 1256 3944 11 5189
5339 1338 4001 11 5328
5320 1324 3996 9 5311
5159 1245 3914 5 5154
4827 1244 3583 13 4814
5726 1389 4337 15 5711
5345 1279 4066 4 5341
4906 1277 3629 13 4893
4535 1132 3403 7 4528
5057 1284 3773 12 5045
5250 1350 3900 12 5238
5446 1334 4112 10 5436
4837 1201 3636 8 4829
5086 1239 3847 13 5073
5425 1355 4070 13 5412
5162 1278 3884 9 5153
5206 1270 3936 8 5198
5063 1253 3810 10 5053
5103 1273 3830 9 5094
5105 1236 3869 12 5093
5248 1268 3980 9 5239
4922 1202 3720 5 4917
5321 1303 4018 10 5311
4983 1240 3743 10 4973
5302 1394 3908 7 5295
5042 1263 3779 8 5034
5306 1303 4003 14 5292
5043 1322 3721 10 5033
5561 1390 4171 11 5550
5242 1318 3924 9 5233
4957 1198 3759 9 4948
5158 1337 3821 6 5152
4815 1202 3613 9 4806
5112 1316 3796 13 5099
5259 1285 3974 11 5248
5386 1388 3998 17 5369
4930 1164 3766 15 4915
5235 1304 3931 10 5225
5474 1324 4150 5 5469
5298 1339 3959 7 5291
5563 1399 4164 10 5553
5098 1271 3827 12 5086
4838 1167 3671 9 4829
5156 1243 3913 4 5152
5350 1392 3958 22 5328
5015 1274 3741 11 5004
5428 1374 4054 12 5416
4982 1262 3720 12 4970
5297 1289 4008 9 5288
5419 1392 4027 12 5407
5076 1254 3822 15 5061
5045 1224 3821 8 5037
5403 1328 4075 11 5392
4956 1292 3664 10 4946
5140 1286 3854 13 5127
5014 1275 3739 8 5006
5433 1342 4091 11 5422
5129 1283 3846 10 5119
5319 1310 4009 5 5314
5404 1336 4068 10 5394
5280 1329 3951 13 5267
5600 1416 4184 15 5585
5272 1319 3953 9 5263
5465 1382 4083 8 5457
4659 1151 3508 14 4645
5002 1240 3762 6 4996
5337 1386 3951 15 5322
4756 1183 3573 9 4747
5279 1330 3949 10 5269
5045 1265 3780 7 5038
4917 1163 3754 11 4906
4867 1234 3633 8 4859
5144 1311 3833 12 5132
4885 1232 3653 8 4877
5329 1334 3995 10 5319
5088 1292 3796 10 5078
5029 1260 3769 11 5018
4994 1223 3771 13 4981
5226 1345 3881 16 5210
5267 1323 3944 8 5259
5246 1339 3907 11 5235
5162 1257 3905 10 5152
4995 1254 3741 8 4987
5076 1296 3780 16 5060
4926 1222 3704 8 4918
5277 1281 3996 14 5263
4950 1241 3709 7 4943
4951 1198 3753 8 4943
5203 1298 3905 7 5196
5567 1411 4156 12 5555
5266 1284 3982 15 5251
5557 1433 4124 16 5541
5518 1366 4152 14 5504
5307 1360 3947 9 5298
5165 1323 3842 11 5154
5147 1322 3825 12 5135
5298 1359 3939 11 5287
5089 1316 3773 15 5074
4762 1198 3564 12 4750
5364 1313 4051 14 5350
4887 1223 3664 9 4878
5358 1414 3944 9 5349
5231 1315 3916 8 5223
5357 1320 4037 14 5343
5041 1254 3787 9 5032
5247 1321 3926 4 5243
5483 1358 4125 8 5475
4949 1211 3738 12 4937
5128 1289 3839 10 5118
5310 1343 3967 11 5299
4860 1167 3693 9 4851
5293 1359 3934 8 5285
4988 1184 3804 7 4981
5261 1299 3962 9 5252
5319 1282 4037 10 5309
5064 1257 3807 12 5052
4901 1277 3624 7 4894
4975 1234 3741 6 4969
4852 1199 3653 10 4842
5354 1309 4045 11 5343
5503 1381 4122 12 5491
5281 1361 3920 16 5265
5095 1286 3809 9 5086
5022 1241 3781 6 5016
5000 1271 3729 16 4984
4836 1242 3594 8 4828
5018 1297 3721 13 5005
4974 1246 3728 14 4960
5428 1338 4090 4 5424
5007 1248 3759 7 5000
4820 1129 3691 6 4814
5147 1276 3871 10 5137
5302 1294 4008 16 5286
5277 1356 3921 10 5267
5545 1400 4145 13 5532
4972 1272 3700 8 4964
5350 1372 3978 11 5339
4886 1261 3625 8 4878
5343 1316 4027 12 5331
4823 1222 3601 12 4811
5266 1306 3960 12 5254
5139 1285 3854 15 5124
5183 1268 3915 8 5175
4990 1258 3732 7 4983
5199 1302 3897 9 5190
5214 1231 3983 9 5205
5165 1300 3865 8 5157
5644 1388 4256 11 5633
5101 1332 3769 10 5091
5876 1444 4432 14 5862
4958 1272 3686 10 4948
5192 1269 3923 10 5182
4439 1104 3335 13 4426
5146 1259 3887 7 5139
5172 1272 3900 8 5164
5199 1309 3890 9 5190
5243 1321 3922 6 5237
5056 1235 3821 3 5053
5292 1313 3979 9 5283
4911 1191 3720 8 4903
5554 1365 4189 11 5543
5148 1298 3850 8 5140
4955 1270 3685 8 4947
5199 1230 3969 12 5187
5268 1341 3927 6 5262
5039 1280 3759 12 5027
5342 1335 4007 11 5331
4745 1185 3560 4 4741
4663 1163 3500 10 4653
5088 1245 3843 4 5084
4774 1225 3549 12 4762
5007 1254 3753 9 4998
5146 1287 3859 10 5136
5129 1287 3842 16 5113
5303 1333 3970 9 5294
5453 1343 4110 15 5438
5086 1229 3857 8 5078
5176 1303 3873 6 5170
5347 1296 4051 13 5334
5139 1278 3861 15 5124
5065 1263 3802 13 5052
4848 1215 3633 7 4841
5270 1379 3891 9 5261
5067 1248 3819 11 5056
5041 1287 3754 11 5030
4860 1232 3628 13 4847
5484 1361 4123 18 5466
5153 1290 3863 7 5146
5391 1355 4036 11 5380
5303 1302 4001 11 5292
4621 1128 3493 15 4606
5063 1296 3767 17 5046
5206 1295 3911 8 5198
5788 1414 4374 4 5784
5180 1226 3954 14 5166
4638 1154 3484 12 4626
4928 1249 3679 7 4921
4999 1273 3726 12 4987
5005 1247 3758 10 4995
5223 1288 3935 15 5208
5117 1265 3852 10 5107
5068 1278 3790 10 5058
5182 1297 3885 10 5172
4951 1199 3752 14 4937
5440 1367 4073 16 5424
4822 1207 3615 10 4812
4832 1199 3633 12 4820
5632 1381 4251 18 5614
5208 1300 3908 10 5198
4971 1240 3731 7 4964
5088 1278 3810 7 5081
5201 1297 3904 15 5186
5443 1380 4063 8 5435
5529 1362 4167 8 5521
5429 1380 4049 12 5417
5711 1416 4295 8 5703
5373 1368 4005 7 5366
5349 1398 3951 7 5342
4928 1260 3668 8 4920
5287 1273 4014 9 5278
5181 1290 3891 8 5173
5262 1352 3910 11 5251
5306 1279 4027 14 5292
5388 1314 4074 14 5374
5294 1323 3971 12 5282
5186 1356 3830 10 5176
5122 1287 3835 6 5116
5086 1264 3822 13 5073
4801 1203 3598 6 4795
5058 1302 3756 6 5052
4832 1214 3618 9 4823
5121 1339 3782 8 5113
4962 1258 3704 10 4952
5040 1285 3755 16 5024
4740 1257 3483 7 4733
5121 1322 3799 20 5101
5280 1303 3977 12 5268
5001 1251 3750 6 4995
5257 1367 3890 13 5244
5110 1248 3862 11 5099
5556 1421 4135 12 5544
4997 1228 3769 7 4990
5351 1354 3997 13 5338
5120 1250 3870 11 5109
5134 1309 3825 14 5120
4884 1203 3681 9 4875
5094 1283 3811 13 5081
5143 1201 3942 13 5130
4852 1238 3614 8 4844
5321 1355 3966 5 5316
5286 1296 3990 10 5276
5158 1309 3849 15 5143
5071 1267 3804 10 5061
5297 1374 3923 11 5286
5265 1363 3902 11 5254
5102 1269 3833 11 5091
4985 1304 3681 12 4973
4985 1201 3784 6 4979
5558 1427 4131 6 5552
5298 1376 3922 10 5288
5012 1259 3753 10 5002
5381 1415 3966 14 5367
5184 1311 3873 11 5173
4944 1211 3733 8 4936
5111 1266 3845 10 5101
4921 1237 3684 5 4916
4984 1301 3683 9 4975
5250 1319 3931 11 5239
5305 1320 3985 9 5296
5387 1367 4020 9 5378
5010 1279 3731 8 5002
5169 1345 3824 8 5161
5228 1346 3882 8 5220
5155 1245 3910 9 5146
5370 1301 4069 11 5359
4793 1165 3628 7 4786
4840 1142 3698 11 4829
5042 1307 3735 7 5035
5481 1461 4020 6 5475
5222 1290 3932 14 5208
4941 1333 3608 16 4925
5135 1278 3857 17 5118
5243 1341 3902 8 5235
5172 1309 3863 11 5161
5590 1400 4190 6 5584
5435 1338 4097 6 5429
5198 1319 3879 15 5183
5437 1386 4051 14 5423
5353 1296 4057 8 5345
5204 1262 3942 11 5193
5085 1256 3829 6 5079
5270 1348 3922 12 5258
5088 1278 3810 12 5076
5271 1335 3936 7 5264
5435 1325 4110 4 5431
5214 1297 3917 5 5209
5193 1283 3910 7 5186
5584 1405 4179 12 5572
5412 1330 4082 12 5400
5051 1248 3803 16 5035
5024 1276 3748 6 5018
4994 1274 3720 12 4982
5312 1308 4004 9 5303
4983 1223 3760 7 4976
5172 1326 3846 15 5157
5208 1301 3907 6 5202
4915 1211 3704 13 4902
4942 1269 3673 7 4935
5361 1317 4044 9 5352
5236 1274 3962 15 5221
4824 1232 3592 11 4813
5306 1353 3953 13 5293
5099 1293 3806 11 5088
4946 1210 3736 7 4939
5481 1402 4079 11 5470
5326 1288 4038 13 5313
5494 1305 4189 7 5487
4944 1177 3767 8 4936
4895 1226 3669 9 4886
4763 1184 3579 9 4754
5369 1420 3949 11 5358
4704 1158 3546 15 4689
5181 1307 3874 8 5173
5076 1275 3801 13 5063
5255 1306 3949 12 5243
4985 1208 3777 8 4977
4969 1235 3734 7 4962
5031 1267 3764 6 5025
4676 1211 3465 7 4669
4819 1174 3645 6 4813
5200 1288 3912 4 5196
4849 1198 3651 9 4840
5144 1258 3886 10 5134
5353 1357 3996 9 5344
5040 1214 3826 12 5028
5152 1352 3800 14 5138
5282 1318 3964 10 5272
4757 1149 3608 4 4753
4802 1247 3555 11 4791
4693 1203 3490 7 4686
5182 1325 3857 13 5169
5268 1347 3921 11 5257
5047 1308 3739 11 5036
5378 1365 4013 12 5366
5240 1288 3952 9 5231
4979 1198 3781 8 4971
5428 1336 4092 10 5418
4886 1223 3663 14 4872
4913 1273 3640 7 4906
5074 1306 3768 14 5060
5079 1227 3852 3 5076
4865 1134 3731 6 4859
5045 1288 3757 5 5040
5078 1255 3823 12 5066
5190 1250 3940 11 5179
5255 1322 3933 19 5236
5359 1321 4038 13 5346
4935 1238 3697 14 4921
5267 1252 4015 15 5252
5197 1260 3937 10 5187
5202 1257 3945 9 5193
5012 1252 3760 9 5003
4995 1251 3744 3 4992
5168 1350 3818 7 5161
5522 1372 4150 12 5510
4969 1252 3717 12 4957
5151 1259 3892 5 5146
5241 1294 3947 12 5229
4825 1176 3649 9 4816
4994 1266 3728 5 4989
4990 1201 3789 10 4980
5274 1318 3956 16 5258
4931 1225 3706 10 4921
4935 1258 3677 15 4920
4772 1164 3608 5 4767
4925 1265 3660 9 4916
4670 1152 3518 7 4663
5153 1329 3824 6 5147
5221 1289 3932 16 5205
5362 1407 3955 12 5350
5194 1303 3891 12 5182
5000 1208 3792 9 4991
5263 1322 3941 8 5255
4906 1253 3653 6 4900
5572 1353 4219 12 5560
5172 1302 3870 14 5158
4835 1212 3623 9 4826
5028 1285 3743 12 5016
5590 1438 4152 8 5582
5029 1239 3790 8 5021
4694 1164 3530 13 4681
4853 1210 3643 16 4837
4909 1271 3638 13 4896
4947 1232 3715 16 4931
5260 1355 3905 11 5249
4927 1227 3700 12 4915
5000 1194 3806 11 4989
4949 1249 3700 9 4940
5147 1271 3876 12 5135
5616 1397 4219 7 5609
5057 1260 3797 11 5046
5120 1326 3794 10 5110
5276 1304 3972 7 5269
4559 1125 3434 10 4549
5137 1289 3848 11 5126
4981 1256 3725 7 4974
4832 1212 3620 10 4822
5376 1370 4006 10 5366
4961 1212 3749 11 4950
5271 1250 4021 11 5260
4934 1215 3719 13 4921
5012 1244 3768 6 5006
4948 1300 3648 9 4939
5126 1294 3832 8 5118
5111 1366 3745 12 5099
5241 1281 3960 10 5231
4766 1201 3565 8 4758
5120 1258 3862 8 5112
5039 1256 3783 12 5027
5588 1375 4213 12 5576
5244 1324 3920 7 5237
5887 1535 4352 11 5876
5425 1361 4064 11 5414
5522 1433 4089 6 5516
5284 1326 3958 10 5274
5171 1295 3876 8 5163
5099 1174 3925 7 5092
5346 1337 4009 8 5338
5019 1231 3788 8 5011
5809 1400 4409 7 5802
4782 1117 3665 8 4774
5014 1303 3711 17 4997
5069 1299 3770 7 5062
5157 1279 3878 12 5145
5440 1378 4062 11 5429
4781 1208 3573 13 4768
4655 1184 3471 8 4647
5328 1365 3963 15 5313
4874 1206 3668 8 4866
5152 1250 3902 10 5142
5346 1318 4028 9 5337
5338 1260 4078 12 5326
5241 1280 3961 16 5225
4948 1189 3759 11 4937
5264 1316 3948 6 5258
5453 1329 4124 11 5442
5057 1274 3783 8 5049
5092 1300 3792 13 5079
5269 1267 4002 9 5260
5270 1348 3922 20 5250
5411 1403 4008 11 5400
5086 1273 3813 7 5079
5149 1301 3848 14 5135
4745 1188 3557 11 4734
5985 1501 4484 13 5972
5413 1372 4041 9 5404
5417 1306 4111 9 5408
4972 1213 3759 11 4961
4975 1256 3719 8 4967
4884 1242 3642 17 4867
5416 1274 4142 11 5405
5027 1317 3710 13 5014
5202 1279 3923 7 5195
4754 1217 3537 8 4746
5130 1290 3840 14 5116
5334 1332 4002 12 5322
4697 1184 3513 7 4690
5157 1263 3894 8 5149
5230 1315 3915 12 5218
5090 1245 3845 13 5077
5091 1306 3785 13 5078
5103 1295 3808 9 5094
5173 1261 3912 12 5161
5657 1380 4277 5 5652
4976 1273 3703 11 4965
5262 1266 3996 4 5258
5445 1355 4090 6 5439
5031 1258 3773 8 5023
5382 1284 4098 11 5371
5180 1267 3913 9 5171
5374 1336 4038 14 5360
5233 1297 3936 11 5222
5430 1327 4103 9 5421
5370 1358 4012 14 5356
5185 1305 3880 9 5176
5078 1284 3794 11 5067
5895 1526 4369 12 5883
4942 1202 3740 9 4933
5171 1298 3873 12 5159
5055 1279 3776 6 5049
5097 1296 3801 16 5081
5019 1257 3762 12 5007
4893 1265 3628 9 4884
4784 1190 3594 11 4773
5716 1442 4274 8 5708
4941 1239 3702 12 4929
5485 1357 4128 9 5476
5122 1312 3810 16 5106
5133 1320 3813 7 5126
5302 1313 3989 13 5289
5457 1347 4110 9 5448
4868 1205 3663 12 4856
4901 1180 3721 8 4893
5321 1292 4029 11 5310
5169 1325 3844 14 5155
5400 1330 4070 10 5390
5002 1206 3796 10 4992
5010 1229 3781 4 5006
5356 1290 4066 10 5346
4868 1200 3668 10 4858
5170 1311 3859 15 5155
4704 1153 3551 4 4700
5140 1259 3881 9 5131
5384 1331 4053 13 5371
5145 1249 3896 10 5135
5130 1272 3858 19 5111
5186 1341 3845 10 5176
4748 1206 3542 7 4741
4757 1189 3568 9 4748
5392 1351 4041 11 5381
4942 1205 3737 13 4929
5160 1308 3852 6 5154
4809 1261 3548 11 4798
4979 1220 3759 12 4967
5078 1220 3858 11 5067
5103 1275 3828 13 5090
5224 1315 3909 12 5212
5182 1286 3896 10 5172
5247 1327 3920 13 5234
5227 1309 3918 8 5219
5107 1306 3801 9 5098
5405 1384 4021 9 5396
5695 1374 4321 15 5680
4995 1222 3773 9 4986
4998 1253 3745 7 4991
4985 1207 3778 14 4971
5194 1302 3892 9 5185
4855 1197 3658 10 4845
5506 1368 4138 9 5497
5371 1341 4030 7 5364
5525 1379 4146 16 5509
5236 1369 3867 14 5222
5263 1285 3978 8 5255
5022 1243 3779 14 5008
5265 1297 3968 7 5258
5084 1216 3868 6 5078
4918 1213 3705 11 4907
5130 1262 3868 10 5120
5457 1385 4072 13 5444
5106 1237 3869 5 5101
5622 1399 4223 11 5611
5198 1355 3843 10 5188
5293 1340 3953 10 5283
5141 1285 3856 6 5135
5091 1306 3785 7 5084
5452 1385 4067 9 5443
5201 1306 3895 7 5194
5312 1368 3944 10 5302
4928 1200 3728 12 4916
5205 1270 3935 10 5195
4619 1144 3475 11 4608
5591 1408 4183 12 5579
4831 1201 3630 9 4822
4978 1262 3716 9 4969
4905 1233 3672 12 4893
5114 1302 3812 9 5105
5002 1299 3703 8 4994
5109 1281 3828 8 5101
5169 1261 3908 7 5162
5119 1250 3869 11 5108
5135 1271 3864 14 5121
5264 1291 3973 12 5252
5225 1276 3949 14 5211
5150 1294 3856 13 5137
4946 1245 3701 8 4938
5398 1342 4056 13 5385
5212 1256 3956 7 5205
5235 1390 3845 10 5225
5363 1353 4010 7 5356
5160 1326 3834 10 5150
5280 1334 3946 13 5267
5291 1329 3962 7 5284
5080 1334 3746 11 5069
4887 1247 3640 9 4878
5294 1320 3974 13 5281
5509 1332 4177 9 5500
5564 1400 4164 8 5556
4962 1280 3682 8 4954
5241 1316 3925 10 5231
5267 1310 3957 9 5258
5098 1368 3730 14 5084
5282 1318 3964 6 5276
5464 1422 4042 5 5459
5047 1176 3871 6 5041
5420 1381 4039 9 5411
4957 1193 3764 8 4949
5152 1265 3887 8 5144
5188 1269 3919 8 5180
5237 1312 3925 13 5224
5389 1348 4041 11 5378
5908 1442 4466 15 5893
5171 1323 3848 6 5165
4881 1180 3701 15 4866
5453 1333 4120 19 5434
5112 1301 3811 5 5107
5059 1280 3779 6 5053
4751 1195 3556 11 4740
5478 1375 4103 10 5468
4925 1213 3712 4 4921
5159 1303 3856 8 5151
4662 1177 3485 8 4654
5066 1230 3836 11 5055
4995 1224 3771 7 4988
5392 1370 4022 16 5376
4965 1244 3721 10 4955
5198 1298 3900 8 5190
5320 1359 3961 13 5307
5095 1255 3840 7 5088
5316 1347 3969 11 5305
5175 1340 3835 11 5164
5286 1297 3989 13 5273
5089 1210 3879 5 5084
5065 1252 3813 7 5058
5381 1356 4025 10 5371
5081 1243 3838 11 5070
5412 1322 4090 15 5397
5320 1328 3992 8 5312
5202 1324 3878 18 5184
5178 1312 3866 8 5170
5121 1315 3806 14 5107
4930 1225 3705 23 4907
5388 1338 4050 9 5379
5680 1431 4249 11 5669
5425 1293 4132 9 5416
5088 1276 3812 16 5072
4794 1216 3578 10 4784
5484 1353 4131 11 5473
5093 1316 3777 10 5083
5221 1374 3847 16 5205
5513 1344 4169 11 5502
5049 1217 3832 5 5044
4815 1197 3618 12 4803
5821 1433 4388 16 5805
5173 1315 3858 8 5165
4917 1225 3692 11 4906
5373 1381 3992 17 5356
5526 1430 4096 5 5521
5675 1441 4234 10 5665
5248 1284 3964 11 5237
5466 1356 4110 7 5459
5168 1311 3857 16 5152
5180 1342 3838 11 5169
5023 1198 3825 12 5011
5231 1265 3966 12 5219
4976 1252 3724 13 4963
5055 1214 3841 4 5051
5168 1279 3889 14 5154
5309 1307 4002 10 5299
5220 1317 3903 11 5209
4865 1215 3650 6 4859
5231 1326 3905 5 5226
5111 1248 3863 9 5102
5408 1336 4072 7 5401
5044 1283 3761 15 5029
5157 1292 3865 16 5141
5717 1502 4215 7 5710
5102 1300 3802 12 5090
5220 1275 3945 11 5209
5353 1320 4033 11 5342
5120 1302 3818 8 5112
5017 1285 3732 9 5008
5313 1331 3982 12 5301
5173 1287 3886 8 5165
5291 1292 3999 3 5288
5111 1266 3845 14 5097
5314 1334 3980 7 5307
5299 1342 3957 11 5288
5589 1428 4161 12 5577
5049 1305 3744 14 5035
5099 1258 3841 10 5089
5487 1378 4109 4 5483
5073 1239 3834 14 5059
5092 1292 3800 7 5085
4889 1243 3646 8 4881
5358 1341 4017 11 5347
5161 1241 3920 8 5153
4982 1201 3781 7 4975
4950 1255 3695 8 4942
5541 1403 4138 13 5528
5330 1337 3993 8 5322
5197 1285 3912 13 5184
4808 1230 3578 19 4789
5100 1249 3851 16 5084
