5578 464 5114 0 5578
5442 426 5016 0 5442
5595 450 5145 0 5595
5448 398 5050 0 5448
5562 434 5128 0 5562
5466 435 5031 0 5466
5536 458 5078 0 5536
5408 435 4973 0 5408
5419 433 4986 0 5419
5330 421 4909 0 5330
5340 448 4892 0 5340
5430 471 4959 0 5430
5718 439 5279 0 5718
5811 469 5342 0 5811
5383 423 4960 0 5383
5519 479 5040 0 5519
5451 398 5053 0 5451
5300 444 4856 0 5300
5633 446 5187 0 5633
5333 408 4925 0 5333
5221 419 4802 0 5221
5519 452 5067 0 5519
5610 489 5121 0 5610
5044 395 4649 0 5044
5579 426 5153 0 5579
5613 456 5157 0 5613
5790 451 5339 0 5790
5136 418 4718 0 5136
5131 367 4764 0 5131
5626 469 5157 0 5626
5698 429 5269 0 5698
5684 476 5208 0 5684
5319 424 4895 0 5319
5425 446 4979 0 5425
5316 400 4916 0 5316
5799 472 5327 0 5799
5393 478 4915 0 5393
5256 399 4857 0 5256
4981 384 4597 0 4981
5139 414 4725 0 5139
5323 407 4916 0 5323
5399 398 5001 0 5399
5277 429 4848 0 5277
5590 435 5155 0 5590
5355 386 4969 0 5355
5853 469 5384 0 5853
5252 446 4806 0 5252
5545 422 5123 0 5545
5453 446 5007 0 5453
5520 396 5124 0 5520
5255 399 4856 0 5255
5195 415 4780 0 5195
5207 421 4786 0 5207
5686 455 5231 0 5686
5468 420 5048 0 5468
5366 433 4933 0 5366
5033 388 4645 0 5033
5456 429 5027 0 5456
5177 413 4764 0 5177
5285 434 4851 0 5285
5099 383 4716 0 5099
5120 404 4716 0 5120
5301 413 4888 0 5301
5269 436 4833 0 5269
5135 409 4726 0 5135
4837 392 4445 0 4837
5119 390 4729 0 5119
5166 405 4761 0 5166
4846 411 4435 0 4846
5491 450 5041 0 5491
5221 433 4788 0 5221
4685 362 4323 0 4685
4924 379 4545 0 4924
5166 398 4768 0 5166
5114 453 4661 0 5114
5493 428 5065 0 5493
4966 401 4565 0 4966
4872 382 4490 0 4872
5029 378 4651 0 5029
4847 343 4504 0 4847
4809 371 4438 0 4809
4931 382 4549 0 4931
4973 385 4588 0 4973
5008 400 4608 0 5008
5155 411 4744 0 5155
5478 448 5030 0 5478
5222 414 4808 0 5222
4961 375 4586 0 4961
5420 423 4997 0 5420
5381 377 5004 0 5381
5076 355 4721 0 5076
5177 418 4759 0 5177
5075 427 4648 0 5075
5253 398 4855 0 5253
5151 411 4740 0 5151
5015 393 4622 0 5015
5041 389 4652 0 5041
5185 433 4752 0 5185
4951 401 4550 0 4951
5324 437 4887 0 5324
4974 393 4581 0 4974
4925 388 4537 0 4925
4876 427 4449 0 4876
5090 425 4665 0 5090
5633 432 5201 0 5633
4856 387 4469 0 4856
5134 412 4722 0 5134
4780 382 4398 0 4780
5161 435 4726 0 5161
4994 411 4583 0 4994
5369 440 4929 0 5369
5113 455 4658 0 5113
5288 422 4866 0 5288
5018 370 4648 0 5018
5518 440 5078 0 5518
5431 444 4987 0 5431
5081 390 4691 0 5081
5376 418 4958 0 5376
4724 353 4371 0 4724
5071 390 4681 0 5071
4931 413 4518 0 4931
4915 378 4537 0 4915
4899 384 4515 0 4899
5107 409 4698 0 5107
4982 404 4578 0 4982
4767 352 4415 0 4767
5056 410 4646 0 5056
5229 399 4830 0 5229
5449 427 5022 0 5449
5343 424 4919 0 5343
5158 401 4757 0 5158
5612 439 5173 0 5612
5231 436 4795 0 5231
5079 437 4642 0 5079
5324 417 4907 0 5324
5066 383 4683 0 5066
4980 388 4592 0 4980
5241 417 4824 0 5241
5271 414 4857 0 5271
5209 408 4801 0 5209
5046 398 4648 0 5046
4935 380 4555 0 4935
5208 402 4806 0 5208
5020 401 4619 0 5020
4963 394 4569 0 4963
5449 441 5008 0 5449
5082 411 4671 0 5082
5101 438 4663 0 5101
5368 446 4922 0 5368
5398 432 4966 0 5398
5538 443 5095 0 5538
5630 448 5182 0 5630
5580 435 5145 0 5580
4948 395 4553 0 4948
5483 448 5035 0 5483
5393 429 4964 0 5393
5562 472 5090 0 5562
5819 494 5325 0 5819
5704 436 5268 0 5704
5538 420 5118 0 5538
5517 481 5036 0 5517
5667 423 5244 0 5667
5529 441 5088 0 5529
5479 418 5061 0 5479
5807 478 5329 0 5807
4794 382 4412 0 4794
5452 412 5040 0 5452
5353 454 4899 0 5353
5531 420 5111 0 5531
4828 369 4459 0 4828
5733 432 5301 0 5733
5652 460 5192 0 5652
5836 478 5358 0 5836
5237 404 4833 0 5237
5111 411 4700 0 5111
5785 474 5311 0 5785
5384 452 4932 0 5384
5484 471 5013 0 5484
5414 447 4967 0 5414
5722 457 5265 0 5722
5795 446 5349 0 5795
4666 369 4297 0 4666
5504 424 5080 0 5504
5533 457 5076 0 5533
5123 425 4698 0 5123
5336 447 4889 0 5336
5145 413 4732 0 5145
5517 448 5069 0 5517
5064 401 4663 0 5064
4959 407 4552 0 4959
5855 427 5428 0 5855
5335 458 4877 0 5335
5415 409 5006 0 5415
4940 419 4521 0 4940
5043 409 4634 0 5043
5103 388 4715 0 5103
5167 433 4734 0 5167
5366 440 4926 0 5366
5005 408 4597 0 5005
5349 390 4959 0 5349
5891 467 5424 0 5891
5123 417 4706 0 5123
5630 403 5227 0 5630
5565 473 5092 0 5565
5616 457 5159 0 5616
5154 381 4773 0 5154
5389 377 5012 0 5389
5562 407 5155 0 5562
4829 376 4453 0 4829
5005 432 4573 0 5005
5022 395 4627 0 5022
5496 405 5091 0 5496
5633 426 5207 0 5633
5403 427 4976 0 5403
5295 431 4864 0 5295
5367 421 4946 0 5367
5037 361 4676 0 5037
4992 395 4597 0 4992
5242 420 4822 0 5242
5511 451 5060 0 5511
5287 414 4873 0 5287
5017 388 4629 0 5017
5063 404 4659 0 5063
5499 449 5050 0 5499
5345 413 4932 0 5345
5186 381 4805 0 5186
5273 427 4846 0 5273
5382 444 4938 0 5382
5441 423 5018 0 5441
5180 391 4789 0 5180
5121 438 4683 0 5121
4714 385 4329 0 4714
5082 407 4675 0 5082
5167 356 4811 0 5167
5566 472 5094 0 5566
5169 417 4752 0 5169
5435 477 4958 0 5435
4910 379 4531 0 4910
5708 478 5230 0 5708
5857 474 5383 0 5857
5592 452 5140 0 5592
5012 405 4607 0 5012
4998 391 4607 0 4998
5397 434 4963 0 5397
5376 430 4946 0 5376
4932 392 4540 0 4932
5392 415 4977 0 5392
5370 403 4967 0 5370
5166 402 4764 0 5166
4873 397 4476 0 4873
5214 394 4820 0 5214
5211 414 4797 0 5211
5180 421 4759 0 5180
5061 418 4643 0 5061
5242 409 4833 0 5242
4780 410 4370 0 4780
5322 427 4895 0 5322
5184 380 4804 0 5184
5232 425 4807 0 5232
5290 400 4890 0 5290
5001 374 4627 0 5001
5311 427 4884 0 5311
5126 418 4708 0 5126
5340 394 4946 0 5340
5124 421 4703 0 5124
5070 433 4637 0 5070
5324 406 4918 0 5324
5280 403 4877 0 5280
5598 441 5157 0 5598
5150 439 4711 0 5150
5032 417 4615 0 5032
5175 423 4752 0 5175
5219 419 4800 0 5219
4939 392 4547 0 4939
5381 442 4939 0 5381
5351 416 4935 0 5351
5395 470 4925 0 5395
5159 409 4750 0 5159
5110 433 4677 0 5110
5503 412 5091 0 5503
5551 448 5103 0 5551
5373 408 4965 0 5373
5512 406 5106 0 5512
5475 412 5063 0 5475
5154 409 4745 0 5154
5276 446 4830 0 5276
5755 426 5329 0 5755
5379 408 4971 0 5379
5245 439 4806 0 5245
4786 417 4369 0 4786
5397 434 4963 0 5397
5654 440 5214 0 5654
5132 415 4717 0 5132
5155 402 4753 0 5155
5333 416 4917 0 5333
5336 389 4947 0 5336
5416 402 5014 0 5416
5006 384 4622 0 5006
5101 414 4687 0 5101
5316 462 4854 0 5316
5331 419 4912 0 5331
5131 413 4718 0 5131
5193 418 4775 0 5193
5305 415 4890 0 5305
5642 475 5167 0 5642
5025 418 4607 0 5025
4945 389 4556 0 4945
5200 419 4781 0 5200
5339 435 4904 0 5339
5320 438 4882 0 5320
5159 424 4735 0 5159
4827 391 4436 0 4827
5726 471 5255 0 5726
5345 427 4918 0 5345
4906 363 4543 0 4906
4535 352 4183 0 4535
5057 398 4659 0 5057
5250 435 4815 0 5250
5446 431 5015 0 5446
4837 389 4448 0 4837
5086 396 4690 0 5086
5425 449 4976 0 5425
5162 370 4792 0 5162
5206 446 4760 0 5206
5063 399 4664 0 5063
5103 426 4677 0 5103
5105 391 4714 0 5105
5248 419 4829 0 5248
4922 392 4530 0 4922
5321 434 4887 0 5321
4983 383 4600 0 4983
5302 427 4875 0 5302
5042 403 4639 0 5042
5306 418 4888 0 5306
5043 424 4619 0 5043
5561 439 5122 0 5561
5242 414 4828 0 5242
4957 359 4598 0 4957
5158 414 4744 0 5158
4815 351 4464 0 4815
5112 395 4717 0 5112
5259 414 4845 0 5259
5386 444 4942 0 5386
4930 391 4539 0 4930
5235 435 4800 0 5235
5474 450 5024 0 5474
5298 423 4875 0 5298
5563 419 5144 0 5563
5098 414 4684 0 5098
4838 392 4446 0 4838
5156 401 4755 0 5156
5350 437 4913 0 5350
5015 374 4641 0 5015
5428 430 4998 0 5428
4982 435 4547 0 4982
5297 461 4836 0 5297
5419 432 4987 0 5419
5076 389 4687 0 5076
5045 384 4661 0 5045
5403 431 4972 0 5403
4956 362 4594 0 4956
5140 391 4749 0 5140
5014 393 4621 0 5014
5433 444 4989 0 5433
5129 393 4736 0 5129
5319 434 4885 0 5319
5404 404 5000 0 5404
5280 414 4866 0 5280
5600 421 5179 0 5600
5272 414 4858 0 5272
5465 441 5024 0 5465
4659 351 4308 0 4659
5002 390 4612 0 5002
5337 415 4922 0 5337
4756 372 4384 0 4756
5279 404 4875 0 5279
5045 406 4639 0 5045
4917 401 4516 0 4917
4867 387 4480 0 4867
5144 381 4763 0 5144
4885 355 4530 0 4885
5329 405 4924 0 5329
5088 381 4707 0 5088
5029 430 4599 0 5029
4994 408 4586 0 4994
5226 410 4816 0 5226
5267 390 4877 0 5267
5246 438 4808 0 5246
5162 422 4740 0 5162
4995 390 4605 0 4995
5076 404 4672 0 5076
4926 383 4543 0 4926
5277 418 4859 0 5277
4950 381 4569 0 4950
4951 390 4561 0 4951
5203 430 4773 0 5203
5567 425 5142 0 5567
5266 412 4854 0 5266
5557 401 5156 0 5557
5518 416 5102 0 5518
5307 418 4889 0 5307
5165 392 4773 0 5165
5147 431 4716 0 5147
5298 434 4864 0 5298
5089 383 4706 0 5089
4762 381 4381 0 4762
5364 394 4970 0 5364
4887 397 4490 0 4887
5358 393 4965 0 5358
5231 413 4818 0 5231
5357 404 4953 0 5357
5041 396 4645 0 5041
5247 425 4822 0 5247
5483 432 5051 0 5483
4949 434 4515 0 4949
5128 408 4720 0 5128
5310 414 4896 0 5310
4860 369 4491 0 4860
5293 429 4864 0 5293
4988 381 4607 0 4988
5261 442 4819 0 5261
5319 404 4915 0 5319
5064 402 4662 0 5064
4901 409 4492 0 4901
4975 404 4571 0 4975
4852 375 4477 0 4852
5354 448 4906 0 5354
5503 457 5046 0 5503
5281 393 4888 0 5281
5095 397 4698 0 5095
5022 425 4597 0 5022
5000 409 4591 0 5000
4836 360 4476 0 4836
5018 399 4619 0 5018
4974 387 4587 0 4974
5428 437 4991 0 5428
5007 388 4619 0 5007
4820 408 4412 0 4820
5147 414 4733 0 5147
5302 407 4895 0 5302
5277 420 4857 0 5277
5545 445 5100 0 5545
4972 370 4602 0 4972
5350 409 4941 0 5350
4886 386 4500 0 4886
5343 435 4908 0 5343
4823 401 4422 0 4823
5266 416 4850 0 5266
5139 411 4728 0 5139
5183 389 4794 0 5183
4990 378 4612 0 4990
5199 410 4789 0 5199
5214 389 4825 0 5214
5165 401 4764 0 5165
5644 472 5172 0 5644
5101 437 4664 0 5101
5876 474 5402 0 5876
4958 389 4569 0 4958
5192 391 4801 0 5192
4439 343 4096 0 4439
5146 422 4724 0 5146
5172 420 4752 0 5172
5199 426 4773 0 5199
5243 424 4819 0 5243
5056 400 4656 0 5056
5292 417 4875 0 5292
4911 422 4489 0 4911
5554 429 5125 0 5554
5148 392 4756 0 5148
4955 416 4539 0 4955
5199 437 4762 0 5199
5268 435 4833 0 5268
5039 401 4638 0 5039
5342 400 4942 0 5342
4745 347 4398 0 4745
4663 379 4284 0 4663
5088 385 4703 0 5088
4774 399 4375 0 4774
5007 420 4587 0 5007
5146 439 4707 0 5146
5129 424 4705 0 5129
5303 404 4899 0 5303
5453 385 5068 0 5453
5086 406 4680 0 5086
5176 399 4777 0 5176
5347 427 4920 0 5347
5139 414 4725 0 5139
5065 419 4646 0 5065
4848 384 4464 0 4848
5270 390 4880 0 5270
5067 391 4676 0 5067
5041 399 4642 0 5041
4860 368 4492 0 4860
5484 453 5031 0 5484
5153 396 4757 0 5153
5391 420 4971 0 5391
5303 412 4891 0 5303
4621 364 4257 0 4621
5063 443 4620 0 5063
5206 388 4818 0 5206
5788 432 5356 0 5788
5180 427 4753 0 5180
4638 358 4280 0 4638
4928 417 4511 0 4928
4999 416 4583 0 4999
5005 419 4586 0 5005
5223 385 4838 0 5223
5117 417 4700 0 5117
5068 367 4701 0 5068
5182 420 4762 0 5182
4951 416 4535 0 4951
5440 437 5003 0 5440
4822 412 4410 0 4822
4832 388 4444 0 4832
5632 438 5194 0 5632
5208 355 4853 0 5208
4971 394 4577 0 4971
5088 434 4654 0 5088
5201 411 4790 0 5201
5443 443 5000 0 5443
5529 442 5087 0 5529
5429 448 4981 0 5429
5711 452 5259 0 5711
5373 427 4946 0 5373
5349 406 4943 0 5349
4928 404 4524 0 4928
5287 409 4878 0 5287
5181 430 4751 0 5181
5262 389 4873 0 5262
5306 421 4885 0 5306
5388 452 4936 0 5388
5294 419 4875 0 5294
5186 420 4766 0 5186
5122 420 4702 0 5122
5086 422 4664 0 5086
4801 385 4416 0 4801
5058 385 4673 0 5058
4832 393 4439 0 4832
5121 422 4699 0 5121
4962 414 4548 0 4962
5040 413 4627 0 5040
4740 393 4347 0 4740
5121 427 4694 0 5121
5280 384 4896 0 5280
5001 398 4603 0 5001
5257 425 4832 0 5257
5110 414 4696 0 5110
5556 416 5140 0 5556
4997 371 4626 0 4997
5351 406 4945 0 5351
5120 382 4738 0 5120
5134 414 4720 0 5134
4884 409 4475 0 4884
5094 411 4683 0 5094
5143 395 4748 0 5143
4852 414 4438 0 4852
5321 445 4876 0 5321
5286 414 4872 0 5286
5158 439 4719 0 5158
5071 402 4669 0 5071
5297 437 4860 0 5297
5265 418 4847 0 5265
5102 388 4714 0 5102
4985 387 4598 0 4985
4985 377 4608 0 4985
5558 458 5100 0 5558
5298 445 4853 0 5298
5012 381 4631 0 5012
5381 397 4984 0 5381
5184 431 4753 0 5184
4944 398 4546 0 4944
5111 411 4700 0 5111
4921 373 4548 0 4921
4984 383 4601 0 4984
5250 426 4824 0 5250
5305 420 4885 0 5305
5387 437 4950 0 5387
5010 418 4592 0 5010
5169 435 4734 0 5169
5228 398 4830 0 5228
5155 432 4723 0 5155
5370 410 4960 0 5370
4793 381 4412 0 4793
4840 370 4470 0 4840
5042 409 4633 0 5042
5481 429 5052 0 5481
5222 401 4821 0 5222
4941 373 4568 0 4941
5135 438 4697 0 5135
5243 430 4813 0 5243
5172 439 4733 0 5172
5590 464 5126 0 5590
5435 431 5004 0 5435
5198 408 4790 0 5198
5437 422 5015 0 5437
5353 453 4900 0 5353
5204 415 4789 0 5204
5085 410 4675 0 5085
5270 379 4891 0 5270
5088 423 4665 0 5088
5271 391 4880 0 5271
5435 426 5009 0 5435
5214 419 4795 0 5214
5193 432 4761 0 5193
5584 437 5147 0 5584
5412 415 4997 0 5412
5051 409 4642 0 5051
5024 364 4660 0 5024
4994 397 4597 0 4994
5312 393 4919 0 5312
4983 385 4598 0 4983
5172 389 4783 0 5172
5208 387 4821 0 5208
4915 374 4541 0 4915
4942 367 4575 0 4942
5361 441 4920 0 5361
5236 418 4818 0 5236
4824 376 4448 0 4824
5306 441 4865 0 5306
5099 374 4725 0 5099
4946 411 4535 0 4946
5481 458 5023 0 5481
5326 427 4899 0 5326
5494 455 5039 0 5494
4944 395 4549 0 4944
4895 357 4538 0 4895
4763 350 4413 0 4763
5369 477 4892 0 5369
4704 355 4349 0 4704
5181 402 4779 0 5181
5076 392 4684 0 5076
5255 419 4836 0 5255
4985 395 4590 0 4985
4969 416 4553 0 4969
5031 409 4622 0 5031
4676 362 4314 0 4676
4819 375 4444 0 4819
5200 412 4788 0 5200
4849 353 4496 0 4849
5144 384 4760 0 5144
5353 396 4957 0 5353
5040 395 4645 0 5040
5152 368 4784 0 5152
5282 451 4831 0 5282
4757 389 4368 0 4757
4802 385 4417 0 4802
4693 341 4352 0 4693
5182 429 4753 0 5182
5268 387 4881 0 5268
5047 369 4678 0 5047
5378 443 4935 0 5378
5240 401 4839 0 5240
4979 409 4570 0 4979
5428 438 4990 0 5428
4886 374 4512 0 4886
4913 391 4522 0 4913
5074 417 4657 0 5074
5079 381 4698 0 5079
4865 375 4490 0 4865
5045 395 4650 0 5045
5078 391 4687 0 5078
5190 413 4777 0 5190
5255 385 4870 0 5255
5359 412 4947 0 5359
4935 393 4542 0 4935
5267 415 4852 0 5267
5197 415 4782 0 5197
5202 413 4789 0 5202
5012 391 4621 0 5012
4995 386 4609 0 4995
5168 413 4755 0 5168
5522 462 5060 0 5522
4969 409 4560 0 4969
5151 414 4737 0 5151
5241 396 4845 0 5241
4825 417 4408 0 4825
4994 379 4615 0 4994
4990 388 4602 0 4990
5274 410 4864 0 5274
4931 384 4547 0 4931
4935 388 4547 0 4935
4772 381 4391 0 4772
4925 413 4512 0 4925
4670 389 4281 0 4670
5153 418 4735 0 5153
5221 385 4836 0 5221
5362 435 4927 0 5362
5194 382 4812 0 5194
5000 417 4583 0 5000
5263 406 4857 0 5263
4906 403 4503 0 4906
5572 405 5167 0 5572
5172 438 4734 0 5172
4835 388 4447 0 4835
5028 364 4664 0 5028
5590 446 5144 0 5590
5029 383 4646 0 5029
4694 370 4324 0 4694
4853 371 4482 0 4853
4909 415 4494 0 4909
4947 401 4546 0 4947
5260 433 4827 0 5260
4927 390 4537 0 4927
5000 398 4602 0 5000
4949 388 4561 0 4949
5147 397 4750 0 5147
5616 408 5208 0 5616
5057 392 4665 0 5057
5120 366 4754 0 5120
5276 396 4880 0 5276
4559 352 4207 0 4559
5137 427 4710 0 5137
4981 391 4590 0 4981
4832 374 4458 0 4832
5376 392 4984 0 5376
4961 402 4559 0 4961
5271 387 4884 0 5271
4934 415 4519 0 4934
5012 398 4614 0 5012
4948 364 4584 0 4948
5126 451 4675 0 5126
5111 435 4676 0 5111
5241 459 4782 0 5241
4766 358 4408 0 4766
5120 414 4706 0 5120
5039 383 4656 0 5039
5588 437 5151 0 5588
5244 378 4866 0 5244
5887 453 5434 0 5887
5425 451 4974 0 5425
5522 438 5084 0 5522
5284 412 4872 0 5284
5171 419 4752 0 5171
5099 381 4718 0 5099
5346 443 4903 0 5346
5019 426 4593 0 5019
5809 468 5341 0 5809
4782 413 4369 0 4782
5014 401 4613 0 5014
5069 407 4662 0 5069
5157 433 4724 0 5157
5440 435 5005 0 5440
4781 364 4417 0 4781
4655 386 4269 0 4655
5328 402 4926 0 5328
4874 396 4478 0 4874
5152 379 4773 0 5152
5346 455 4891 0 5346
5338 447 4891 0 5338
5241 406 4835 0 5241
4948 434 4514 0 4948
5264 399 4865 0 5264
5453 452 5001 0 5453
5057 386 4671 0 5057
5092 384 4708 0 5092
5269 407 4862 0 5269
5270 420 4850 0 5270
5411 415 4996 0 5411
5086 371 4715 0 5086
5149 411 4738 0 5149
4745 396 4349 0 4745
5985 465 5520 0 5985
5413 442 4971 0 5413
5417 435 4982 0 5417
4972 368 4604 0 4972
4975 393 4582 0 4975
4884 406 4478 0 4884
5416 369 5047 0 5416
5027 418 4609 0 5027
5202 398 4804 0 5202
4754 339 4415 0 4754
5130 375 4755 0 5130
5334 412 4922 0 5334
4697 378 4319 0 4697
5157 384 4773 0 5157
5230 434 4796 0 5230
5090 407 4683 0 5090
5091 375 4716 0 5091
5103 409 4694 0 5103
5173 407 4766 0 5173
5657 459 5198 0 5657
4976 402 4574 0 4976
5262 405 4857 0 5262
5445 464 4981 0 5445
5031 357 4674 0 5031
5382 424 4958 0 5382
5180 395 4785 0 5180
5374 414 4960 0 5374
5233 412 4821 0 5233
5430 439 4991 0 5430
5370 421 4949 0 5370
5185 439 4746 0 5185
5078 377 4701 0 5078
5895 474 5421 0 5895
4942 444 4498 0 4942
5171 422 4749 0 5171
5055 397 4658 0 5055
5097 415 4682 0 5097
5019 388 4631 0 5019
4893 409 4484 0 4893
4784 376 4408 0 4784
5716 444 5272 0 5716
4941 372 4569 0 4941
5485 425 5060 0 5485
5122 380 4742 0 5122
5133 425 4708 0 5133
5302 405 4897 0 5302
5457 444 5013 0 5457
4868 398 4470 0 4868
4901 407 4494 0 4901
5321 456 4865 0 5321
5169 421 4748 0 5169
5400 438 4962 0 5400
5002 403 4599 0 5002
5010 402 4608 0 5010
5356 426 4930 0 5356
4868 356 4512 0 4868
5170 402 4768 0 5170
4704 383 4321 0 4704
5140 393 4747 0 5140
5384 454 4930 0 5384
5145 404 4741 0 5145
5130 394 4736 0 5130
5186 426 4760 0 5186
4748 384 4364 0 4748
4757 376 4381 0 4757
5392 427 4965 0 5392
4942 394 4548 0 4942
5160 377 4783 0 5160
4809 381 4428 0 4809
4979 389 4590 0 4979
5078 370 4708 0 5078
5103 363 4740 0 5103
5224 408 4816 0 5224
5182 405 4777 0 5182
5247 425 4822 0 5247
5227 429 4798 0 5227
5107 426 4681 0 5107
5405 459 4946 0 5405
5695 422 5273 0 5695
4995 407 4588 0 4995
4998 407 4591 0 4998
4985 384 4601 0 4985
5194 386 4808 0 5194
4855 383 4472 0 4855
5506 441 5065 0 5506
5371 425 4946 0 5371
5525 416 5109 0 5525
5236 380 4856 0 5236
5263 441 4822 0 5263
5022 411 4611 0 5022
5265 411 4854 0 5265
5084 379 4705 0 5084
4918 387 4531 0 4918
5130 383 4747 0 5130
5457 435 5022 0 5457
5106 406 4700 0 5106
5622 443 5179 0 5622
5198 409 4789 0 5198
5293 458 4835 0 5293
5141 411 4730 0 5141
5091 364 4727 0 5091
5452 434 5018 0 5452
5201 403 4798 0 5201
5312 398 4914 0 5312
4928 402 4526 0 4928
5205 397 4808 0 5205
4619 374 4245 0 4619
5591 453 5138 0 5591
4831 391 4440 0 4831
4978 396 4582 0 4978
4905 377 4528 0 4905
5114 412 4702 0 5114
5002 423 4579 0 5002
5109 425 4684 0 5109
5169 435 4734 0 5169
5119 383 4736 0 5119
5135 401 4734 0 5135
5264 426 4838 0 5264
5225 373 4852 0 5225
5150 407 4743 0 5150
4946 391 4555 0 4946
5398 403 4995 0 5398
5212 428 4784 0 5212
5235 421 4814 0 5235
5363 398 4965 0 5363
5160 399 4761 0 5160
5280 413 4867 0 5280
5291 431 4860 0 5291
5080 353 4727 0 5080
4887 374 4513 0 4887
5294 426 4868 0 5294
5509 420 5089 0 5509
5564 442 5122 0 5564
4962 404 4558 0 4962
5241 395 4846 0 5241
5267 413 4854 0 5267
5098 417 4681 0 5098
5282 447 4835 0 5282
5464 413 5051 0 5464
5047 408 4639 0 5047
5420 427 4993 0 5420
4957 370 4587 0 4957
5152 430 4722 0 5152
5188 420 4768 0 5188
5237 415 4822 0 5237
5389 427 4962 0 5389
5908 462 5446 0 5908
5171 400 4771 0 5171
4881 384 4497 0 4881
5453 412 5041 0 5453
5112 392 4720 0 5112
5059 416 4643 0 5059
4751 379 4372 0 4751
5478 431 5047 0 5478
4925 391 4534 0 4925
5159 405 4754 0 5159
4662 399 4263 0 4662
5066 440 4626 0 5066
4995 345 4650 0 4995
5392 433 4959 0 5392
4965 380 4585 0 4965
5198 414 4784 0 5198
5320 449 4871 0 5320
5095 410 4685 0 5095
5316 394 4922 0 5316
5175 393 4782 0 5175
5286 428 4858 0 5286
5089 431 4658 0 5089
5065 432 4633 0 5065
5381 443 4938 0 5381
5081 380 4701 0 5081
5412 433 4979 0 5412
5320 402 4918 0 5320
5202 411 4791 0 5202
5178 402 4776 0 5178
5121 444 4677 0 5121
4930 382 4548 0 4930
5388 425 4963 0 5388
5680 446 5234 0 5680
5425 431 4994 0 5425
5088 400 4688 0 5088
4794 372 4422 0 4794
5484 472 5012 0 5484
5093 433 4660 0 5093
5221 423 4798 0 5221
5513 413 5100 0 5513
5049 384 4665 0 5049
4815 371 4444 0 4815
5821 466 5355 0 5821
5173 396 4777 0 5173
4917 379 4538 0 4917
5373 416 4957 0 5373
5526 452 5074 0 5526
5675 461 5214 0 5675
5248 444 4804 0 5248
5466 440 5026 0 5466
5168 415 4753 0 5168
5180 423 4757 0 5180
5023 411 4612 0 5023
5231 429 4802 0 5231
4976 394 4582 0 4976
5055 439 4616 0 5055
5168 393 4775 0 5168
5309 420 4889 0 5309
5220 433 4787 0 5220
4865 422 4443 0 4865
5231 419 4812 0 5231
5111 422 4689 0 5111
5408 419 4989 0 5408
5044 359 4685 0 5044
5157 423 4734 0 5157
5717 458 5259 0 5717
5102 423 4679 0 5102
5220 401 4819 0 5220
5353 419 4934 0 5353
5120 413 4707 0 5120
5017 372 4645 0 5017
5313 419 4894 0 5313
5173 436 4737 0 5173
5291 382 4909 0 5291
5111 420 4691 0 5111
5314 405 4909 0 5314
5299 398 4901 0 5299
5589 418 5171 0 5589
5049 417 4632 0 5049
5099 393 4706 0 5099
5487 411 5076 0 5487
5073 399 4674 0 5073
5092 386 4706 0 5092
4889 365 4524 0 4889
5358 428 4930 0 5358
5161 413 4748 0 5161
4982 408 4574 0 4982
4950 394 4556 0 4950
5541 424 5117 0 5541
5330 441 4889 0 5330
5197 411 4786 0 5197
4808 386 4422 0 4808
5100 423 4677 0 5100
