5578 1939 3639 211 5367
5442 1883 3559 221 5221
5595 1936 3659 219 5376
5448 1950 3498 237 5211
5562 1913 3649 243 5319
5466 1883 3583 229 5237
5536 1989 3547 221 5315
5408 1806 3602 214 5194
5419 1901 3518 203 5216
5330 1903 3427 208 5122
5340 1808 3532 237 5103
5430 1912 3518 210 5220
5718 2069 3649 233 5485
5811 2051 3760 242 5569
5383 1899 3484 209 5174
5519 1929 3590 229 5290
5451 1956 3495 243 5208
5300 1890 3410 217 5083
5633 2003 3630 224 5409
5333 1926 3407 227 5106
5221 1841 3380 209 5012
5519 1951 3568 234 5285
5610 1973 3637 231 5379
5044 1805 3239 232 4812
5579 1989 3590 231 5348
5613 1998 3615 220 5393
5790 2035 3755 250 5540
5136 1709 3427 198 4938
5131 1831 3300 209 4922
5626 1984 3642 238 5388
5698 1986 3712 212 5486
5684 1982 3702 235 5449
5319 1848 3471 202 5117
5425 1918 3507 194 5231
5316 1881 3435 229 5087
5799 2059 3740 247 5552
5393 1905 3488 219 5174
5256 1874 3382 222 5034
4981 1748 3233 199 4782
5139 1839 3300 208 4931
5323 1903 3420 242 5081
5399 1886 3513 196 5203
5277 1844 3433 192 5085
5590 1938 3652 220 5370
5355 1931 3424 209 5146
5853 2084 3769 239 5614
5252 1859 3393 211 5041
5545 1985 3560 230 5315
5453 1931 3522 211 5242
5520 1919 3601 208 5312
5255 1881 3374 222 5033
5195 1747 3448 191 5004
5207 1790 3417 233 4974
5686 1932 3754 241 5445
5468 1991 3477 226 5242
5366 1890 3476 240 5126
5033 1748 3285 224 4809
5456 1926 3530 229 5227
5177 1778 3399 217 4960
5285 1843 3442 209 5076
5099 1788 3311 236 4863
5120 1789 3331 216 4904
5301 1911 3390 215 5086
5269 1861 3408 198 5071
5135 1809 3326 192 4943
4837 1672 3165 205 4632
5119 1827 3292 212 4907
5166 1773 3393 217 4949
4846 1731 3115 212 4634
5491 1932 3559 217 5274
5221 1813 3408 213 5008
4685 1649 3036 208 4477
4924 1745 3179 196 4728
5166 1776 3390 211 4955
5114 1841 3273 217 4897
5493 1928 3565 246 5247
4966 1735 3231 201 4765
4872 1705 3167 191 4681
5029 1845 3184 212 4817
4847 1674 3173 190 4657
4809 1685 3124 202 4607
4931 1784 3147 197 4734
4973 1773 3200 193 4780
5008 1788 3220 219 4789
5155 1851 3304 214 4941
5478 1927 3551 217 5261
5222 1819 3403 204 5018
4961 1816 3145 200 4761
5420 1877 3543 218 5202
5381 1948 3433 216 5165
5076 1749 3327 196 4880
5177 1811 3366 225 4952
5075 1788 3287 208 4867
5253 1837 3416 226 5027
5151 1843 3308 222 4929
5015 1733 3282 219 4796
5041 1779 3262 204 4837
5185 1761 3424 200 4985
4951 1727 3224 213 4738
5324 1838 3486 218 5106
4974 1742 3232 210 4764
4925 1685 3240 208 4717
4876 1692 3184 195 4681
5090 1821 3269 208 4882
5633 1966 3667 214 5419
4856 1683 3173 181 4675
5134 1781 3353 216 4918
4780 1645 3135 163 4617
5161 1801 3360 198 4963
4994 1760 3234 189 4805
5369 1889 3480 218 5151
5113 1803 3310 219 4894
5288 1934 3354 200 5088
5018 1765 3253 214 4804
5518 2009 3509 241 5277
5431 1922 3509 218 5213
5081 1792 3289 196 4885
5376 1923 3453 236 5140
4724 1673 3051 166 4558
5071 1770 3301 183 4888
4931 1723 3208 210 4721
4915 1746 3169 208 4707
4899 1680 3219 196 4703
5107 1776 3331 217 4890
4982 1756 3226 202 4780
4767 1604 3163 177 4590
5056 1784 3272 209 4847
5229 1796 3433 197 5032
5449 1916 3533 243 5206
5343 1857 3486 215 5128
5158 1806 3352 218 4940
5612 1908 3704 214 5398
5231 1791 3440 212 5019
5079 1784 3295 212 4867
5324 1879 3445 197 5127
5066 1785 3281 199 4867
4980 1737 3243 218 4762
5241 1808 3433 171 5070
5271 1860 3411 220 5051
5209 1855 3354 223 4986
5046 1762 3284 218 4828
4935 1822 3113 198 4737
5208 1806 3402 215 4993
5020 1721 3299 176 4844
4963 1677 3286 185 4778
5449 1956 3493 224 5225
5082 1829 3253 215 4867
5101 1778 3323 192 4909
5368 1899 3469 221 5147
5398 1884 3514 231 5167
5538 2041 3497 235 5303
5630 2045 3585 230 5400
5580 1940 3640 211 5369
4948 1642 3306 190 4758
5483 1894 3589 235 5248
5393 1874 3519 214 5179
5562 1959 3603 203 5359
5819 2108 3711 249 5570
5704 2066 3638 232 5472
5538 1899 3639 213 5325
5517 1898 3619 209 5308
5667 1978 3689 252 5415
5529 1865 3664 212 5317
5479 1972 3507 249 5230
5807 2080 3727 268 5539
4794 1665 3129 188 4606
5452 1923 3529 233 5219
5353 1903 3450 210 5143
5531 1923 3608 217 5314
4828 1671 3157 203 4625
5733 1999 3734 232 5501
5652 1975 3677 232 5420
5836 2032 3804 215 5621
5237 1789 3448 203 5034
5111 1791 3320 208 4903
5785 2016 3769 228 5557
5384 1884 3500 214 5170
5484 1967 3517 221 5263
5414 1963 3451 201 5213
5722 2045 3677 226 5496
5795 2022 3773 264 5531
4666 1660 3006 208 4458
5504 1967 3537 221 5283
5533 1978 3555 237 5296
5123 1830 3293 202 4921
5336 1853 3483 214 5122
5145 1859 3286 214 4931
5517 1924 3593 227 5290
5064 1780 3284 232 4832
4959 1689 3270 200 4759
5855 2059 3796 202 5653
5335 1848 3487 236 5099
5415 1877 3538 213 5202
4940 1687 3253 204 4736
5043 1766 3277 206 4837
5103 1850 3253 212 4891
5167 1764 3403 198 4969
5366 1914 3452 203 5163
5005 1724 3281 192 4813
5349 1853 3496 214 5135
5891 2104 3787 250 5641
5123 1765 3358 215 4908
5630 1906 3724 199 5431
5565 1948 3617 232 5333
5616 1978 3638 220 5396
5154 1827 3327 206 4948
5389 1903 3486 243 5146
5562 2005 3557 236 5326
4829 1661 3168 171 4658
5005 1769 3236 205 4800
5022 1712 3310 216 4806
5496 1934 3562 242 5254
5633 1903 3730 232 5401
5403 1875 3528 217 5186
5295 1855 3440 210 5085
5367 1895 3472 226 5141
5037 1782 3255 205 4832
4992 1799 3193 189 4803
5242 1857 3385 223 5019
5511 1951 3560 227 5284
5287 1917 3370 222 5065
5017 1755 3262 220 4797
5063 1821 3242 212 4851
5499 1944 3555 222 5277
5345 1818 3527 217 5128
5186 1799 3387 220 4966
5273 1825 3448 204 5069
5382 1859 3523 214 5168
5441 1913 3528 208 5233
5180 1796 3384 238 4942
5121 1796 3325 226 4895
4714 1651 3063 176 4538
5082 1751 3331 210 4872
5167 1789 3378 218 4949
5566 1937 3629 202 5364
5169 1868 3301 218 4951
5435 1871 3564 236 5199
4910 1691 3219 211 4699
5708 2011 3697 221 5487
5857 2058 3799 216 5641
5592 1969 3623 224 5368
5012 1735 3277 227 4785
4998 1754 3244 199 4799
5397 1838 3559 212 5185
5376 1890 3486 231 5145
4932 1684 3248 188 4744
5392 1901 3491 209 5183
5370 1862 3508 239 5131
5166 1742 3424 225 4941
4873 1718 3155 213 4660
5214 1886 3328 223 4991
5211 1839 3372 185 5026
5180 1786 3394 202 4978
5061 1820 3241 228 4833
5242 1823 3419 215 5027
4780 1671 3109 182 4598
5322 1916 3406 211 5111
5184 1835 3349 197 4987
5232 1816 3416 222 5010
5290 1809 3481 226 5064
5001 1749 3252 195 4806
5311 1846 3465 198 5113
5126 1864 3262 203 4923
5340 1869 3471 234 5106
5124 1776 3348 207 4917
5070 1775 3295 194 4876
5324 1854 3470 183 5141
5280 1852 3428 227 5053
5598 1932 3666 220 5378
5150 1807 3343 209 4941
5032 1750 3282 201 4831
5175 1854 3321 199 4976
5219 1811 3408 222 4997
4939 1718 3221 203 4736
5381 1855 3526 218 5163
5351 1908 3443 222 5129
5395 1850 3545 217 5178
5159 1837 3322 187 4972
5110 1772 3338 201 4909
5503 1968 3535 232 5271
5551 1883 3668 232 5319
5373 1852 3521 230 5143
5512 1970 3542 199 5313
5475 1901 3574 228 5247
5154 1819 3335 200 4954
5276 1828 3448 225 5051
5755 2008 3747 199 5556
5379 1838 3541 197 5182
5245 1916 3329 212 5033
4786 1676 3110 181 4605
5397 1890 3507 226 5171
5654 1916 3738 217 5437
5132 1845 3287 206 4926
5155 1780 3375 218 4937
5333 1883 3450 198 5135
5336 1868 3468 205 5131
5416 1826 3590 209 5207
5006 1704 3302 161 4845
5101 1806 3295 218 4883
5316 1805 3511 198 5118
5331 1841 3490 228 5103
5131 1793 3338 219 4912
5193 1822 3371 193 5000
5305 1864 3441 215 5090
5642 1914 3728 231 5411
5025 1748 3277 218 4807
4945 1797 3148 198 4747
5200 1813 3387 208 4992
5339 1856 3483 218 5121
5320 1831 3489 198 5122
5159 1779 3380 208 4951
4827 1692 3135 207 4620
5726 2011 3715 235 5491
5345 1888 3457 219 5126
4906 1699 3207 195 4711
4535 1605 2930 159 4376
5057 1699 3358 193 4864
5250 1824 3426 220 5030
5446 1841 3605 224 5222
4837 1751 3086 239 4598
5086 1770 3316 205 4881
5425 1888 3537 213 5212
5162 1820 3342 201 4961
5206 1819 3387 205 5001
5063 1743 3320 202 4861
5103 1872 3231 239 4864
5105 1825 3280 232 4873
5248 1896 3352 216 5032
4922 1706 3216 196 4726
5321 1861 3460 232 5089
4983 1696 3287 222 4761
5302 1865 3437 238 5064
5042 1762 3280 207 4835
5306 1841 3465 184 5122
5043 1752 3291 203 4840
5561 2003 3558 200 5361
5242 1815 3427 186 5056
4957 1730 3227 206 4751
5158 1808 3350 201 4957
4815 1741 3074 176 4639
5112 1814 3298 214 4898
5259 1833 3426 221 5038
5386 1869 3517 215 5171
4930 1722 3208 195 4735
5235 1809 3426 211 5024
5474 1950 3524 213 5261
5298 1923 3375 227 5071
5563 1975 3588 221 5342
5098 1767 3331 213 4885
4838 1678 3160 187 4651
5156 1854 3302 234 4922
5350 1933 3417 240 5110
5015 1715 3300 190 4825
5428 1876 3552 211 5217
4982 1736 3246 189 4793
5297 1873 3424 206 5091
5419 1965 3454 230 5189
5076 1749 3327 208 4868
5045 1804 3241 211 4834
5403 1918 3485 203 5200
4956 1797 3159 182 4774
5140 1845 3295 226 4914
5014 1807 3207 195 4819
5433 1911 3522 205 5228
5129 1754 3375 202 4927
5319 1816 3503 218 5101
5404 1893 3511 233 5171
5280 1834 3446 225 5055
5600 1937 3663 220 5380
5272 1852 3420 215 5057
5465 1973 3492 241 5224
4659 1627 3032 173 4486
5002 1735 3267 205 4797
5337 1844 3493 219 5118
4756 1657 3099 193 4563
5279 1867 3412 240 5039
5045 1790 3255 210 4835
4917 1638 3279 180 4737
4867 1684 3183 189 4678
5144 1785 3359 234 4910
4885 1720 3165 202 4683
5329 1894 3435 218 5111
5088 1718 3370 188 4900
5029 1813 3216 210 4819
4994 1753 3241 216 4778
5226 1867 3359 204 5022
5267 1837 3430 202 5065
5246 1841 3405 200 5046
5162 1790 3372 205 4957
4995 1754 3241 194 4801
5076 1799 3277 185 4891
4926 1754 3172 199 4727
5277 1910 3367 252 5025
4950 1673 3277 194 4756
4951 1700 3251 181 4770
5203 1786 3417 198 5005
5567 1908 3659 219 5348
5266 1879 3387 228 5038
5557 1978 3579 240 5317
5518 1915 3603 218 5300
5307 1878 3429 200 5107
5165 1757 3408 199 4966
5147 1805 3342 201 4946
5298 1825 3473 236 5062
5089 1745 3344 213 4876
4762 1680 3082 206 4556
5364 1909 3455 230 5134
4887 1788 3099 215 4672
5358 1862 3496 191 5167
5231 1844 3387 210 5021
5357 1890 3467 210 5147
5041 1861 3180 207 4834
5247 1778 3469 232 5015
5483 1928 3555 215 5268
4949 1740 3209 188 4761
5128 1808 3320 179 4949
5310 1815 3495 193 5117
4860 1699 3161 213 4647
5293 1890 3403 224 5069
4988 1770 3218 235 4753
5261 1839 3422 216 5045
5319 1879 3440 229 5090
5064 1809 3255 193 4871
4901 1709 3192 180 4721
4975 1753 3222 216 4759
4852 1665 3187 203 4649
5354 1877 3477 210 5144
5503 1970 3533 213 5290
5281 1858 3423 221 5060
5095 1777 3318 215 4880
5022 1706 3316 211 4811
5000 1717 3283 184 4816
4836 1677 3159 179 4657
5018 1736 3282 214 4804
4974 1747 3227 194 4780
5428 1915 3513 209 5219
5007 1778 3229 220 4787
4820 1669 3151 181 4639
5147 1826 3321 210 4937
5302 1853 3449 227 5075
5277 1808 3469 201 5076
5545 1971 3574 214 5331
4972 1728 3244 185 4787
5350 1885 3465 202 5148
4886 1719 3167 218 4668
5343 1840 3503 220 5123
4823 1685 3138 180 4643
5266 1849 3417 242 5024
5139 1804 3335 216 4923
5183 1820 3363 200 4983
4990 1757 3233 213 4777
5199 1776 3423 196 5003
5214 1819 3395 215 4999
5165 1810 3355 216 4949
5644 1911 3733 232 5412
5101 1803 3298 230 4871
5876 2075 3801 224 5652
4958 1763 3195 185 4773
5192 1783 3409 225 4967
4439 1568 2871 200 4239
5146 1847 3299 197 4949
5172 1838 3334 197 4975
5199 1864 3335 203 4996
5243 1894 3349 197 5046
5056 1782 3274 188 4868
5292 1875 3417 203 5089
4911 1698 3213 209 4702
5554 1948 3606 230 5324
5148 1688 3460 198 4950
4955 1767 3188 181 4774
5199 1829 3370 212 4987
5268 1784 3484 217 5051
5039 1782 3257 215 4824
5342 1862 3480 235 5107
4745 1650 3095 188 4557
4663 1679 2984 195 4468
5088 1813 3275 216 4872
4774 1715 3059 198 4576
5007 1730 3277 203 4804
5146 1838 3308 230 4916
5129 1783 3346 210 4919
5303 1889 3414 197 5106
5453 1923 3530 205 5248
5086 1795 3291 224 4862
5176 1861 3315 200 4976
5347 1844 3503 223 5124
5139 1788 3351 220 4919
5065 1777 3288 216 4849
4848 1694 3154 203 4645
5270 1817 3453 213 5057
5067 1795 3272 203 4864
5041 1715 3326 226 4815
4860 1700 3160 215 4645
5484 1877 3607 198 5286
5153 1798 3355 203 4950
5391 1861 3530 223 5168
5303 1909 3394 226 5077
4621 1574 3047 171 4450
5063 1755 3308 210 4853
5206 1791 3415 210 4996
5788 2043 3745 216 5572
5180 1819 3361 214 4966
4638 1591 3047 180 4458
4928 1701 3227 202 4726
4999 1774 3225 190 4809
5005 1708 3297 194 4811
5223 1812 3411 218 5005
5117 1822 3295 229 4888
5068 1797 3271 217 4851
5182 1776 3406 211 4971
4951 1701 3250 187 4764
5440 1890 3550 228 5212
4822 1666 3156 192 4630
4832 1706 3126 187 4645
5632 1966 3666 237 5395
5208 1807 3401 211 4997
4971 1776 3195 196 4775
5088 1839 3249 228 4860
5201 1859 3342 205 4996
5443 1941 3502 211 5232
5529 1926 3603 248 5281
5429 1858 3571 206 5223
5711 1973 3738 219 5492
5373 1940 3433 223 5150
5349 1898 3451 210 5139
4928 1727 3201 191 4737
5287 1913 3374 234 5053
5181 1774 3407 193 4988
5262 1849 3413 240 5022
5306 1901 3405 199 5107
5388 1847 3541 213 5175
5294 1851 3443 180 5114
5186 1864 3322 220 4966
5122 1755 3367 207 4915
5086 1792 3294 217 4869
4801 1738 3063 202 4599
5058 1778 3280 201 4857
4832 1766 3066 185 4647
5121 1808 3313 214 4907
4962 1709 3253 184 4778
5040 1720 3320 211 4829
4740 1658 3082 182 4558
5121 1773 3348 217 4904
5280 1879 3401 235 5045
5001 1716 3285 219 4782
5257 1800 3457 191 5066
5110 1768 3342 192 4918
5556 1979 3577 214 5342
4997 1743 3254 182 4815
5351 1830 3521 217 5134
5120 1809 3311 208 4912
5134 1799 3335 192 4942
4884 1733 3151 186 4698
5094 1771 3323 201 4893
5143 1854 3289 187 4956
4852 1700 3152 174 4678
5321 1862 3459 197 5124
5286 1868 3418 223 5063
5158 1802 3356 211 4947
5071 1821 3250 197 4874
5297 1849 3448 205 5092
5265 1845 3420 205 5060
5102 1773 3329 203 4899
4985 1763 3222 202 4783
4985 1747 3238 204 4781
5558 1954 3604 214 5344
5298 1801 3497 194 5104
5012 1723 3289 219 4793
5381 1848 3533 185 5196
5184 1842 3342 221 4963
4944 1798 3146 219 4725
5111 1779 3332 200 4911
4921 1766 3155 217 4704
4984 1736 3248 199 4785
5250 1864 3386 201 5049
5305 1825 3480 212 5093
5387 1812 3575 207 5180
5010 1741 3269 202 4808
5169 1809 3360 209 4960
5228 1802 3426 202 5026
5155 1829 3326 221 4934
5370 1944 3426 226 5144
4793 1726 3067 190 4603
4840 1688 3152 184 4656
5042 1768 3274 195 4847
5481 1871 3610 211 5270
5222 1886 3336 211 5011
4941 1816 3125 239 4702
5135 1729 3406 218 4917
5243 1894 3349 227 5016
5172 1812 3360 191 4981
5590 1939 3651 237 5353
5435 1905 3530 213 5222
5198 1832 3366 201 4997
5437 1960 3477 211 5226
5353 1938 3415 230 5123
5204 1798 3406 209 4995
5085 1824 3261 213 4872
5270 1816 3454 194 5076
5088 1736 3352 197 4891
5271 1859 3412 213 5058
5435 1866 3569 219 5216
5214 1812 3402 206 5008
5193 1872 3321 215 4978
5584 1974 3610 214 5370
5412 1900 3512 199 5213
5051 1743 3308 196 4855
5024 1773 3251 208 4816
4994 1787 3207 209 4785
5312 1846 3466 201 5111
4983 1730 3253 189 4794
5172 1827 3345 219 4953
5208 1835 3373 190 5018
4915 1780 3135 208 4707
4942 1719 3223 198 4744
5361 1828 3533 223 5138
5236 1781 3455 215 5021
4824 1692 3132 216 4608
5306 1836 3470 211 5095
5099 1781 3318 186 4913
4946 1760 3186 192 4754
5481 1963 3518 221 5260
5326 1892 3434 208 5118
5494 1945 3549 216 5278
4944 1737 3207 183 4761
4895 1715 3180 204 4691
4763 1651 3112 199 4564
5369 1912 3457 242 5127
4704 1597 3107 192 4512
5181 1714 3467 195 4986
5076 1804 3272 198 4878
5255 1916 3339 242 5013
4985 1767 3218 210 4775
4969 1720 3249 202 4767
5031 1783 3248 210 4821
4676 1640 3036 188 4488
4819 1693 3126 203 4616
5200 1860 3340 221 4979
4849 1657 3192 205 4644
5144 1797 3347 205 4939
5353 1867 3486 205 5148
5040 1768 3272 226 4814
5152 1764 3388 210 4942
5282 1835 3447 205 5077
4757 1714 3043 191 4566
4802 1705 3097 203 4599
4693 1626 3067 193 4500
5182 1853 3329 195 4987
5268 1814 3454 181 5087
5047 1705 3342 190 4857
5378 1829 3549 188 5190
5240 1849 3391 187 5053
4979 1754 3225 208 4771
5428 1876 3552 189 5239
4886 1675 3211 192 4694
4913 1717 3196 187 4726
5074 1798 3276 225 4849
5079 1723 3356 241 4838
4865 1704 3161 206 4659
5045 1780 3265 217 4828
5078 1795 3283 198 4880
5190 1797 3393 207 4983
5255 1847 3408 220 5035
5359 1959 3400 230 5129
4935 1636 3299 199 4736
5267 1851 3416 211 5056
5197 1817 3380 215 4982
5202 1797 3405 201 5001
5012 1805 3207 176 4836
4995 1732 3263 205 4790
5168 1823 3345 215 4953
5522 1887 3635 226 5296
4969 1752 3217 199 4770
5151 1873 3278 227 4924
5241 1817 3424 185 5056
4825 1678 3147 195 4630
4994 1728 3266 209 4785
4990 1750 3240 198 4792
5274 1905 3369 220 5054
4931 1737 3194 187 4744
4935 1673 3262 173 4762
4772 1651 3121 214 4558
4925 1730 3195 198 4727
4670 1597 3073 159 4511
5153 1772 3381 200 4953
5221 1818 3403 202 5019
5362 1871 3491 204 5158
5194 1844 3350 205 4989
5000 1760 3240 217 4783
5263 1810 3453 209 5054
4906 1696 3210 173 4733
5572 1991 3581 217 5355
5172 1833 3339 203 4969
4835 1658 3177 200 4635
5028 1733 3295 205 4823
5590 1949 3641 246 5344
5029 1751 3278 192 4837
4694 1603 3091 179 4515
4853 1717 3136 178 4675
4909 1774 3135 190 4719
4947 1727 3220 212 4735
5260 1917 3343 233 5027
4927 1729 3198 206 4721
5000 1718 3282 227 4773
4949 1746 3203 180 4769
5147 1814 3333 211 4936
5616 1974 3642 195 5421
5057 1790 3267 230 4827
5120 1773 3347 207 4913
5276 1866 3410 208 5068
4559 1606 2953 174 4385
5137 1807 3330 208 4929
4981 1798 3183 187 4794
4832 1755 3077 181 4651
5376 1881 3495 234 5142
4961 1721 3240 183 4778
5271 1791 3480 226 5045
4934 1721 3213 206 4728
5012 1760 3252 205 4807
4948 1703 3245 187 4761
5126 1798 3328 184 4942
5111 1818 3293 225 4886
5241 1824 3417 188 5053
4766 1711 3055 214 4552
5120 1789 3331 218 4902
5039 1764 3275 191 4848
5588 2022 3566 226 5362
5244 1796 3448 199 5045
5887 2069 3818 226 5661
5425 1898 3527 195 5230
5522 1842 3680 192 5330
5284 1830 3454 197 5087
5171 1860 3311 206 4965
5099 1832 3267 214 4885
5346 1932 3414 224 5122
5019 1775 3244 213 4806
5809 2047 3762 250 5559
4782 1683 3099 192 4590
5014 1721 3293 192 4822
5069 1679 3390 219 4850
5157 1826 3331 226 4931
5440 1892 3548 229 5211
4781 1678 3103 197 4584
4655 1595 3060 168 4487
5328 1911 3417 216 5112
4874 1761 3113 207 4667
5152 1807 3345 225 4927
5346 1880 3466 233 5113
5338 1835 3503 224 5114
5241 1780 3461 206 5035
4948 1760 3188 181 4767
5264 1863 3401 230 5034
5453 1987 3466 219 5234
5057 1767 3290 226 4831
5092 1781 3311 196 4896
5269 1869 3400 232 5037
5270 1933 3337 212 5058
5411 1877 3534 204 5207
5086 1758 3328 214 4872
5149 1761 3388 205 4944
4745 1668 3077 202 4543
5985 2106 3879 256 5729
5413 1866 3547 230 5183
5417 1863 3554 188 5229
4972 1739 3233 185 4787
4975 1765 3210 201 4774
4884 1705 3179 216 4668
5416 1915 3501 226 5190
5027 1740 3287 198 4829
5202 1870 3332 224 4978
4754 1650 3104 212 4542
5130 1781 3349 216 4914
5334 1868 3466 211 5123
4697 1696 3001 213 4484
5157 1774 3383 209 4948
5230 1920 3310 231 4999
5090 1817 3273 212 4878
5091 1765 3326 227 4864
5103 1789 3314 182 4921
5173 1837 3336 210 4963
5657 1987 3670 229 5428
4976 1733 3243 196 4780
5262 1840 3422 198 5064
5445 1890 3555 223 5222
5031 1755 3276 203 4828
5382 1883 3499 215 5167
5180 1815 3365 216 4964
5374 1902 3472 221 5153
5233 1815 3418 214 5019
5430 1898 3532 246 5184
5370 1819 3551 220 5150
5185 1870 3315 226 4959
5078 1736 3342 215 4863
5895 2058 3837 231 5664
4942 1745 3197 213 4729
5171 1830 3341 228 4943
5055 1795 3260 189 4866
5097 1808 3289 208 4889
5019 1717 3302 203 4816
4893 1734 3159 189 4704
4784 1712 3072 179 4605
5716 1990 3726 216 5500
4941 1765 3176 215 4726
5485 1892 3593 205 5280
5122 1763 3359 213 4909
5133 1776 3357 203 4930
5302 1811 3491 212 5090
5457 1949 3508 215 5242
4868 1774 3094 220 4648
4901 1710 3191 190 4711
5321 1853 3468 243 5078
5169 1826 3343 231 4938
5400 1839 3561 196 5204
5002 1767 3235 206 4796
5010 1775 3235 206 4804
5356 1921 3435 214 5142
4868 1698 3170 174 4694
5170 1826 3344 211 4959
4704 1608 3096 195 4509
5140 1776 3364 205 4935
5384 1840 3544 221 5163
5145 1881 3264 227 4918
5130 1823 3307 207 4923
5186 1841 3345 205 4981
4748 1688 3060 211 4537
4757 1731 3026 215 4542
5392 1904 3488 222 5170
4942 1768 3174 189 4753
5160 1798 3362 220 4940
4809 1670 3139 205 4604
4979 1711 3268 190 4789
5078 1750 3328 205 4873
5103 1760 3343 209 4894
5224 1832 3392 192 5032
5182 1822 3360 228 4954
5247 1809 3438 193 5054
5227 1877 3350 223 5004
5107 1859 3248 199 4908
5405 1991 3414 223 5182
5695 1990 3705 240 5455
4995 1715 3280 188 4807
4998 1761 3237 202 4796
4985 1786 3199 200 4785
5194 1791 3403 182 5012
4855 1685 3170 187 4668
5506 1921 3585 214 5292
5371 1847 3524 196 5175
5525 1908 3617 208 5317
5236 1863 3373 200 5036
5263 1797 3466 207 5056
5022 1745 3277 185 4837
5265 1857 3408 191 5074
5084 1705 3379 192 4892
4918 1693 3225 169 4749
5130 1801 3329 184 4946
5457 1979 3478 231 5226
5106 1808 3298 204 4902
5622 1984 3638 234 5388
5198 1783 3415 220 4978
5293 1859 3434 194 5099
5141 1774 3367 205 4936
5091 1762 3329 193 4898
5452 1902 3550 235 5217
5201 1802 3399 207 4994
5312 1820 3492 194 5118
4928 1694 3234 178 4750
5205 1875 3330 207 4998
4619 1612 3007 179 4440
5591 1878 3713 208 5383
4831 1726 3105 216 4615
4978 1771 3207 193 4785
4905 1667 3238 188 4717
5114 1773 3341 219 4895
5002 1768 3234 225 4777
5109 1796 3313 219 4890
5169 1783 3386 221 4948
5119 1839 3280 200 4919
5135 1840 3295 219 4916
5264 1872 3392 244 5020
5225 1782 3443 194 5031
5150 1784 3366 199 4951
4946 1731 3215 203 4743
5398 1861 3537 234 5164
5212 1773 3439 220 4992
5235 1856 3379 228 5007
5363 1875 3488 225 5138
5160 1807 3353 210 4950
5280 1841 3439 213 5067
5291 1858 3433 186 5105
5080 1782 3298 178 4902
4887 1716 3171 192 4695
5294 1853 3441 185 5109
5509 1915 3594 218 5291
5564 1990 3574 238 5326
4962 1702 3260 185 4777
5241 1811 3430 199 5042
5267 1876 3391 235 5032
5098 1779 3319 204 4894
5282 1841 3441 206 5076
5464 1990 3474 241 5223
5047 1726 3321 228 4819
5420 1951 3469 213 5207
4957 1724 3233 192 4765
5152 1793 3359 185 4967
5188 1857 3331 220 4968
5237 1829 3408 202 5035
5389 1900 3489 206 5183
5908 2032 3876 229 5679
5171 1805 3366 198 4973
4881 1730 3151 223 4658
5453 1912 3541 210 5243
5112 1774 3338 198 4914
5059 1801 3258 203 4856
4751 1643 3108 195 4556
5478 1942 3536 235 5243
4925 1709 3216 221 4704
5159 1762 3397 221 4938
4662 1644 3018 195 4467
5066 1830 3236 217 4849
4995 1726 3269 208 4787
5392 1902 3490 202 5190
4965 1710 3255 175 4790
5198 1867 3331 199 4999
5320 1879 3441 212 5108
5095 1804 3291 218 4877
5316 1880 3436 229 5087
5175 1801 3374 189 4986
5286 1826 3460 207 5079
5089 1768 3321 210 4879
5065 1821 3244 227 4838
5381 1834 3547 214 5167
5081 1836 3245 217 4864
5412 1855 3557 217 5195
5320 1884 3436 230 5090
5202 1806 3396 187 5015
5178 1810 3368 203 4975
5121 1754 3367 195 4926
4930 1751 3179 191 4739
5388 1901 3487 229 5159
5680 1918 3762 198 5482
5425 1916 3509 233 5192
5088 1808 3280 212 4876
4794 1660 3134 215 4579
5484 1920 3564 242 5242
5093 1785 3308 197 4896
5221 1827 3394 209 5012
5513 1925 3588 226 5287
5049 1838 3211 193 4856
4815 1692 3123 189 4626
5821 2061 3760 238 5583
5173 1812 3361 204 4969
4917 1715 3202 190 4727
5373 1859 3514 190 5183
5526 1976 3550 231 5295
5675 1940 3735 200 5475
5248 1917 3331 204 5044
5466 1897 3569 222 5244
5168 1804 3364 214 4954
5180 1835 3345 204 4976
5023 1696 3327 196 4827
5231 1853 3378 202 5029
4976 1701 3275 170 4806
5055 1750 3305 211 4844
5168 1831 3337 241 4927
5309 1929 3380 228 5081
5220 1789 3431 199 5021
4865 1746 3119 189 4676
5231 1857 3374 221 5010
5111 1747 3364 212 4899
5408 1904 3504 230 5178
5044 1721 3323 199 4845
5157 1886 3271 222 4935
5717 2012 3705 211 5506
5102 1715 3387 222 4880
5220 1857 3363 220 5000
5353 1862 3491 226 5127
5120 1709 3411 209 4911
5017 1813 3204 234 4783
5313 1861 3452 212 5101
5173 1859 3314 237 4936
5291 1861 3430 232 5059
5111 1777 3334 205 4906
5314 1897 3417 229 5085
5299 1887 3412 233 5066
5589 2019 3570 228 5361
5049 1782 3267 216 4833
5099 1803 3296 206 4893
5487 1917 3570 213 5274
5073 1730 3343 203 4870
5092 1780 3312 214 4878
4889 1730 3159 190 4699
5358 1863 3495 199 5159
5161 1771 3390 202 4959
4982 1727 3255 177 4805
4950 1761 3189 206 4744
5541 1958 3583 233 5308
5330 1856 3474 222 5108
5197 1830 3367 213 4984
4808 1686 3122 184 4624
5100 1826 3274 229 4871
