5578 5204 374 5196 382
5442 5073 369 5063 379
5595 5182 413 5172 423
5448 5078 370 5061 387
5562 5194 368 5187 375
5466 5104 362 5097 369
5536 5153 383 5147 389
5408 5070 338 5053 355
5419 5065 354 5060 359
5330 4989 341 4985 345
5340 5009 331 4999 341
5430 5063 367 5054 376
5718 5325 393 5321 397
5811 5423 388 5413 398
5383 4990 393 4977 406
5519 5175 344 5163 356
5451 5081 370 5073 378
5300 4949 351 4941 359
5633 5234 399 5221 412
5333 4944 389 4938 395
5221 4862 359 4855 366
5519 5157 362 5142 377
5610 5228 382 5219 391
5044 4686 358 4682 362
5579 5201 378 5194 385
5613 5218 395 5211 402
5790 5402 388 5392 398
5136 4775 361 4766 370
5131 4793 338 4784 347
5626 5237 389 5227 399
5698 5284 414 5272 426
5684 5309 375 5298 386
5319 4990 329 4982 337
5425 5057 368 5046 379
5316 4966 350 4959 357
5799 5404 395 5396 403
5393 5015 378 5004 389
5256 4916 340 4908 348
4981 4656 325 4645 336
5139 4749 390 4735 404
5323 4960 363 4949 374
5399 5061 338 5053 346
5277 4929 348 4919 358
5590 5199 391 5188 402
5355 5012 343 5007 348
5853 5449 404 5439 414
5252 4908 344 4902 350
5545 5187 358 5180 365
5453 5070 383 5057 396
5520 5153 367 5136 384
5255 4887 368 4877 378
5195 4827 368 4818 377
5207 4852 355 4837 370
5686 5316 370 5309 377
5468 5093 375 5086 382
5366 5029 337 5023 343
5033 4674 359 4666 367
5456 5096 360 5086 370
5177 4796 381 4782 395
5285 4942 343 4930 355
5099 4758 341 4751 348
5120 4752 368 4747 373
5301 4926 375 4913 388
5269 4913 356 4905 364
5135 4792 343 4786 349
4837 4490 347 4486 351
5119 4730 389 4727 392
5166 4809 357 4796 370
4846 4485 361 4478 368
5491 5134 357 5128 363
5221 4861 360 4852 369
4685 4378 307 4368 317
4924 4595 329 4589 335
5166 4837 329 4830 336
5114 4770 344 4759 355
5493 5149 344 5134 359
4966 4658 308 4649 317
4872 4531 341 4518 354
5029 4654 375 4642 387
4847 4532 315 4528 319
4809 4483 326 4473 336
4931 4617 314 4606 325
4973 4637 336 4628 345
5008 4704 304 4697 311
5155 4786 369 4778 377
5478 5112 366 5106 372
5222 4877 345 4868 354
4961 4628 333 4610 351
5420 5065 355 5056 364
5381 5031 350 5022 359
5076 4740 336 4730 346
5177 4820 357 4810 367
5075 4762 313 4758 317
5253 4891 362 4881 372
5151 4787 364 4779 372
5015 4675 340 4668 347
5041 4690 351 4683 358
5185 4836 349 4826 359
4951 4594 357 4588 363
5324 4949 375 4939 385
4974 4636 338 4629 345
4925 4597 328 4591 334
4876 4565 311 4557 319
5090 4743 347 4736 354
5633 5213 420 5199 434
4856 4516 340 4507 349
5134 4759 375 4750 384
4780 4412 368 4404 376
5161 4813 348 4803 358
4994 4635 359 4630 364
5369 5010 359 4998 371
5113 4767 346 4760 353
5288 4917 371 4909 379
5018 4683 335 4680 338
5518 5140 378 5135 383
5431 5042 389 5030 401
5081 4738 343 4726 355
5376 5014 362 5006 370
4724 4405 319 4398 326
5071 4735 336 4728 343
4931 4585 346 4574 357
4915 4583 332 4572 343
4899 4561 338 4556 343
5107 4779 328 4770 337
4982 4651 331 4643 339
4767 4470 297 4460 307
5056 4710 346 4699 357
5229 4858 371 4847 382
5449 5054 395 5045 404
5343 4975 368 4963 380
5158 4798 360 4790 368
5612 5228 384 5214 398
5231 4839 392 4823 408
5079 4716 363 4711 368
5324 4955 369 4943 381
5066 4746 320 4739 327
4980 4639 341 4630 350
5241 4925 316 4919 322
5271 4854 417 4847 424
5209 4877 332 4869 340
5046 4695 351 4688 358
4935 4613 322 4596 339
5208 4853 355 4844 364
5020 4668 352 4662 358
4963 4593 370 4591 372
5449 5089 360 5083 366
5082 4713 369 4703 379
5101 4749 352 4743 358
5368 4971 397 4958 410
5398 5023 375 5014 384
5538 5162 376 5151 387
5630 5274 356 5264 366
5580 5231 349 5221 359
4948 4616 332 4604 344
5483 5145 338 5129 354
5393 5020 373 5016 377
5562 5181 381 5170 392
5819 5427 392 5417 402
5704 5327 377 5315 389
5538 5167 371 5160 378
5517 5089 428 5077 440
5667 5280 387 5269 398
5529 5154 375 5137 392
5479 5092 387 5080 399
5807 5410 397 5397 410
4794 4476 318 4470 324
5452 5070 382 5061 391
5353 4978 375 4971 382
5531 5160 371 5154 377
4828 4512 316 4505 323
5733 5368 365 5353 380
5652 5256 396 5250 402
5836 5428 408 5424 412
5237 4864 373 4856 381
5111 4752 359 4748 363
5785 5401 384 5393 392
5384 4998 386 4994 390
5484 5123 361 5111 373
5414 5071 343 5065 349
5722 5339 383 5331 391
5795 5391 404 5383 412
4666 4340 326 4333 333
5504 5135 369 5125 379
5533 5156 377 5146 387
5123 4790 333 4783 340
5336 4962 374 4956 380
5145 4791 354 4780 365
5517 5157 360 5147 370
5064 4719 345 4713 351
4959 4648 311 4640 319
5855 5452 403 5446 409
5335 4957 378 4952 383
5415 5057 358 5050 365
4940 4603 337 4588 352
5043 4713 330 4702 341
5103 4764 339 4757 346
5167 4829 338 4819 348
5366 4996 370 4985 381
5005 4643 362 4633 372
5349 4996 353 4988 361
5891 5496 395 5482 409
5123 4783 340 4778 345
5630 5294 336 5288 342
5565 5180 385 5172 393
5616 5224 392 5211 405
5154 4818 336 4808 346
5389 5018 371 5011 378
5562 5167 395 5159 403
4829 4517 312 4508 321
5005 4693 312 4682 323
5022 4666 356 4656 366
5496 5118 378 5105 391
5633 5222 411 5209 424
5403 5042 361 5033 370
5295 4947 348 4941 354
5367 5011 356 5005 362
5037 4696 341 4692 345
4992 4605 387 4598 394
5242 4901 341 4893 349
5511 5094 417 5080 431
5287 4908 379 4894 393
5017 4677 340 4670 347
5063 4696 367 4688 375
5499 5134 365 5126 373
5345 4973 372 4970 375
5186 4849 337 4841 345
5273 4922 351 4906 367
5382 5028 354 5009 373
5441 5076 365 5066 375
5180 4846 334 4843 337
5121 4761 360 4750 371
4714 4381 333 4377 337
5082 4736 346 4728 354
5167 4828 339 4820 347
5566 5172 394 5164 402
5169 4835 334 4826 343
5435 5080 355 5073 362
4910 4591 319 4584 326
5708 5349 359 5341 367
5857 5474 383 5459 398
5592 5226 366 5218 374
5012 4691 321 4682 330
4998 4646 352 4635 363
5397 5007 390 4998 399
5376 5007 369 5000 376
4932 4602 330 4590 342
5392 5019 373 5008 384
5370 5028 342 5020 350
5166 4823 343 4814 352
4873 4546 327 4539 334
5214 4835 379 4826 388
5211 4833 378 4822 389
5180 4840 340 4832 348
5061 4732 329 4722 339
5242 4887 355 4884 358
4780 4447 333 4438 342
5322 4950 372 4942 380
5184 4839 345 4829 355
5232 4860 372 4853 379
5290 4920 370 4907 383
5001 4674 327 4668 333
5311 4972 339 4964 347
5126 4777 349 4767 359
5340 4963 377 4954 386
5124 4792 332 4787 337
5070 4726 344 4713 357
5324 4971 353 4963 361
5280 4921 359 4914 366
5598 5205 393 5192 406
5150 4826 324 4817 333
5032 4676 356 4666 366
5175 4833 342 4824 351
5219 4871 348 4867 352
4939 4618 321 4611 328
5381 4997 384 4995 386
5351 5003 348 4996 355
5395 5020 375 5012 383
5159 4802 357 4798 361
5110 4753 357 4740 370
5503 5111 392 5096 407
5551 5205 346 5198 353
5373 5003 370 4996 377
5512 5112 400 5097 415
5475 5106 369 5093 382
5154 4821 333 4816 338
5276 4928 348 4923 353
5755 5341 414 5330 425
5379 5028 351 5014 365
5245 4892 353 4879 366
4786 4473 313 4463 323
5397 5046 351 5039 358
5654 5288 366 5280 374
5132 4779 353 4766 366
5155 4802 353 4795 360
5333 4934 399 4922 411
5336 4980 356 4975 361
5416 5043 373 5031 385
5006 4673 333 4657 349
5101 4749 352 4745 356
5316 4976 340 4963 353
5331 4961 370 4953 378
5131 4789 342 4778 353
5193 4865 328 4854 339
5305 4931 374 4920 385
5642 5252 390 5247 395
5025 4713 312 4704 321
4945 4615 330 4609 336
5200 4837 363 4829 371
5339 4991 348 4979 360
5320 4966 354 4957 363
5159 4837 322 4833 326
4827 4506 321 4491 336
5726 5329 397 5320 406
5345 5011 334 5002 343
4906 4538 368 4529 377
4535 4228 307 4218 317
5057 4724 333 4717 340
5250 4907 343 4893 357
5446 5075 371 5066 380
4837 4514 323 4499 338
5086 4721 365 4716 370
5425 5048 377 5038 387
5162 4845 317 4834 328
5206 4841 365 4828 378
5063 4723 340 4713 350
5103 4732 371 4718 385
5105 4759 346 4750 355
5248 4911 337 4905 343
4922 4566 356 4553 369
5321 4975 346 4968 353
4983 4646 337 4644 339
5302 4968 334 4960 342
5042 4701 341 4690 352
5306 4955 351 4942 364
5043 4707 336 4697 346
5561 5222 339 5211 350
5242 4842 400 4829 413
4957 4623 334 4613 344
5158 4798 360 4788 370
4815 4484 331 4479 336
5112 4771 341 4764 348
5259 4898 361 4894 365
5386 5049 337 5046 340
4930 4602 328 4596 334
5235 4878 357 4867 368
5474 5074 400 5066 408
5298 4938 360 4925 373
5563 5194 369 5188 375
5098 4755 343 4751 347
4838 4476 362 4469 369
5156 4785 371 4770 386
5350 4992 358 4988 362
5015 4661 354 4648 367
5428 5031 397 5021 407
4982 4635 347 4623 359
5297 4933 364 4929 368
5419 5048 371 5037 382
5076 4736 340 4729 347
5045 4705 340 4693 352
5403 5026 377 5015 388
4956 4641 315 4631 325
5140 4801 339 4793 347
5014 4693 321 4684 330
5433 5053 380 5044 389
5129 4801 328 4798 331
5319 4933 386 4925 394
5404 5035 369 5023 381
5280 4899 381 4895 385
5600 5229 371 5227 373
5272 4906 366 4899 373
5465 5095 370 5091 374
4659 4318 341 4311 348
5002 4693 309 4684 318
5337 4980 357 4970 367
4756 4434 322 4426 330
5279 4940 339 4926 353
5045 4670 375 4662 383
4917 4582 335 4575 342
4867 4542 325 4534 333
5144 4784 360 4776 368
4885 4571 314 4564 321
5329 4964 365 4953 376
5088 4735 353 4725 363
5029 4685 344 4677 352
4994 4635 359 4631 363
5226 4892 334 4879 347
5267 4919 348 4911 356
5246 4860 386 4843 403
5162 4848 314 4839 323
4995 4658 337 4648 347
5076 4751 325 4745 331
4926 4603 323 4595 331
5277 4925 352 4918 359
4950 4635 315 4626 324
4951 4608 343 4599 352
5203 4862 341 4854 349
5567 5187 380 5176 391
5266 4941 325 4928 338
5557 5199 358 5192 365
5518 5168 350 5164 354
5307 4946 361 4940 367
5165 4817 348 4810 355
5147 4755 392 4750 397
5298 4956 342 4951 347
5089 4755 334 4750 339
4762 4431 331 4421 341
5364 5014 350 5008 356
4887 4551 336 4543 344
5358 5020 338 5011 347
5231 4906 325 4895 336
5357 4980 377 4971 386
5041 4697 344 4682 359
5247 4911 336 4902 345
5483 5071 412 5066 417
4949 4613 336 4602 347
5128 4756 372 4750 378
5310 4935 375 4921 389
4860 4507 353 4501 359
5293 4908 385 4897 396
4988 4657 331 4647 341
5261 4912 349 4901 360
5319 4983 336 4975 344
5064 4744 320 4732 332
4901 4551 350 4545 356
4975 4600 375 4590 385
4852 4501 351 4486 366
5354 4949 405 4943 411
5503 5117 386 5102 401
5281 4883 398 4878 403
5095 4723 372 4717 378
5022 4671 351 4668 354
5000 4677 323 4673 327
4836 4491 345 4483 353
5018 4682 336 4673 345
4974 4643 331 4635 339
5428 5069 359 5061 367
5007 4616 391 4610 397
4820 4503 317 4495 325
5147 4820 327 4814 333
5302 4939 363 4930 372
5277 4920 357 4912 365
5545 5173 372 5164 381
4972 4658 314 4646 326
5350 4983 367 4968 382
4886 4559 327 4552 334
5343 4971 372 4963 380
4823 4494 329 4484 339
5266 4937 329 4927 339
5139 4800 339 4792 347
5183 4845 338 4839 344
4990 4666 324 4658 332
5199 4830 369 4823 376
5214 4880 334 4868 346
5165 4814 351 4806 359
5644 5247 397 5241 403
5101 4775 326 4772 329
5876 5479 397 5465 411
4958 4626 332 4615 343
5192 4847 345 4840 352
4439 4148 291 4141 298
5146 4790 356 4783 363
5172 4791 381 4780 392
5199 4827 372 4817 382
5243 4908 335 4897 346
5056 4765 291 4757 299
5292 4907 385 4901 391
4911 4606 305 4600 311
5554 5177 377 5168 386
5148 4765 383 4756 392
4955 4606 349 4595 360
5199 4871 328 4859 340
5268 4871 397 4864 404
5039 4683 356 4679 360
5342 4973 369 4966 376
4745 4446 299 4435 310
4663 4320 343 4311 352
5088 4704 384 4696 392
4774 4429 345 4426 348
5007 4678 329 4671 336
5146 4782 364 4777 369
5129 4789 340 4782 347
5303 4967 336 4960 343
5453 5092 361 5085 368
5086 4723 363 4709 377
5176 4818 358 4807 369
5347 4943 404 4935 412
5139 4814 325 4807 332
5065 4753 312 4744 321
4848 4534 314 4527 321
5270 4929 341 4920 350
5067 4704 363 4698 369
5041 4690 351 4677 364
4860 4517 343 4509 351
5484 5119 365 5111 373
5153 4812 341 4804 349
5391 5016 375 5008 383
5303 4961 342 4952 351
4621 4294 327 4284 337
5063 4705 358 4699 364
5206 4841 365 4833 373
5788 5385 403 5378 410
5180 4825 355 4815 365
4638 4338 300 4329 309
4928 4608 320 4601 327
4999 4682 317 4675 324
5005 4670 335 4658 347
5223 4847 376 4837 386
5117 4757 360 4747 370
5068 4732 336 4723 345
5182 4853 329 4846 336
4951 4634 317 4625 326
5440 5072 368 5057 383
4822 4483 339 4472 350
4832 4503 329 4497 335
5632 5222 410 5208 424
5208 4850 358 4841 367
4971 4624 347 4617 354
5088 4701 387 4692 396
5201 4863 338 4857 344
5443 5083 360 5068 375
5529 5146 383 5138 391
5429 5050 379 5045 384
5711 5320 391 5315 396
5373 4985 388 4974 399
5349 4990 359 4978 371
4928 4577 351 4565 363
5287 4905 382 4896 391
5181 4864 317 4856 325
5262 4896 366 4887 375
5306 4936 370 4924 382
5388 5040 348 5031 357
5294 4966 328 4954 340
5186 4817 369 4809 377
5122 4762 360 4758 364
5086 4718 368 4703 383
4801 4457 344 4447 354
5058 4698 360 4690 368
4832 4523 309 4519 313
5121 4767 354 4757 364
4962 4629 333 4619 343
5040 4704 336 4698 342
4740 4466 274 4458 282
5121 4749 372 4741 380
5280 4913 367 4904 376
5001 4641 360 4633 368
5257 4901 356 4895 362
5110 4775 335 4763 347
5556 5211 345 5199 357
4997 4635 362 4625 372
5351 4990 361 4978 373
5120 4755 365 4747 373
5134 4782 352 4774 360
4884 4537 347 4525 359
5094 4776 318 4763 331
5143 4823 320 4817 326
4852 4534 318 4527 325
5321 4946 375 4941 380
5286 4931 355 4925 361
5158 4785 373 4775 383
5071 4698 373 4689 382
5297 4933 364 4923 374
5265 4892 373 4886 379
5102 4741 361 4734 368
4985 4657 328 4646 339
4985 4660 325 4650 335
5558 5177 381 5172 386
5298 4934 364 4925 373
5012 4680 332 4667 345
5381 4982 399 4972 409
5184 4825 359 4818 366
4944 4648 296 4638 306
5111 4764 347 4753 358
4921 4631 290 4625 296
4984 4645 339 4638 346
5250 4915 335 4910 340
5305 4922 383 4914 391
5387 5016 371 5007 380
5010 4655 355 4650 360
5169 4838 331 4836 333
5228 4853 375 4847 381
5155 4826 329 4814 341
5370 5005 365 4995 375
4793 4487 306 4477 316
4840 4511 329 4506 334
5042 4685 357 4679 363
5481 5095 386 5087 394
5222 4896 326 4889 333
4941 4609 332 4607 334
5135 4789 346 4778 357
5243 4857 386 4853 390
5172 4819 353 4812 360
5590 5224 366 5209 381
5435 5084 351 5075 360
5198 4863 335 4855 343
5437 5065 372 5052 385
5353 4970 383 4962 391
5204 4857 347 4848 356
5085 4751 334 4741 344
5270 4892 378 4881 389
5088 4781 307 4775 313
5271 4922 349 4915 356
5435 5063 372 5056 379
5214 4852 362 4849 365
5193 4889 304 4883 310
5584 5191 393 5186 398
5412 5026 386 5016 396
5051 4732 319 4723 328
5024 4666 358 4655 369
4994 4658 336 4648 346
5312 4965 347 4960 352
4983 4653 330 4646 337
5172 4809 363 4801 371
5208 4853 355 4843 365
4915 4551 364 4541 374
4942 4620 322 4615 327
5361 5021 340 5013 348
5236 4887 349 4879 357
4824 4501 323 4494 330
5306 4957 349 4944 362
5099 4751 348 4745 354
4946 4646 300 4641 305
5481 5069 412 5060 421
5326 4941 385 4932 394
5494 5156 338 5149 345
4944 4629 315 4624 320
4895 4547 348 4540 355
4763 4442 321 4437 326
5369 4977 392 4968 401
4704 4381 323 4373 331
5181 4828 353 4817 364
5076 4691 385 4683 393
5255 4875 380 4869 386
4985 4640 345 4633 352
4969 4634 335 4632 337
5031 4712 319 4710 321
4676 4358 318 4353 323
4819 4461 358 4450 369
5200 4863 337 4856 344
4849 4525 324 4519 330
5144 4793 351 4790 354
5353 4978 375 4970 383
5040 4702 338 4693 347
5152 4803 349 4797 355
5282 4951 331 4942 340
4757 4388 369 4375 382
4802 4455 347 4444 358
4693 4403 290 4399 294
5182 4832 350 4826 356
5268 4913 355 4904 364
5047 4705 342 4697 350
5378 5018 360 5009 369
5240 4859 381 4851 389
4979 4625 354 4615 364
5428 5050 378 5043 385
4886 4565 321 4558 328
4913 4550 363 4539 374
5074 4726 348 4715 359
5079 4724 355 4715 364
4865 4523 342 4520 345
5045 4682 363 4671 374
5078 4742 336 4735 343
5190 4817 373 4810 380
5255 4902 353 4895 360
5359 5022 337 5016 343
4935 4589 346 4583 352
5267 4918 349 4910 357
5197 4844 353 4837 360
5202 4838 364 4828 374
5012 4654 358 4649 363
4995 4656 339 4650 345
5168 4807 361 4800 368
5522 5163 359 5155 367
4969 4621 348 4614 355
5151 4810 341 4801 350
5241 4900 341 4892 349
4825 4476 349 4466 359
4994 4636 358 4625 369
4990 4650 340 4641 349
5274 4876 398 4870 404
4931 4604 327 4591 340
4935 4593 342 4584 351
4772 4435 337 4426 346
4925 4616 309 4606 319
4670 4363 307 4356 314
5153 4844 309 4834 319
5221 4858 363 4845 376
5362 5028 334 5022 340
5194 4856 338 4849 345
5000 4682 318 4676 324
5263 4913 350 4901 362
4906 4573 333 4568 338
5572 5200 372 5182 390
5172 4781 391 4770 402
4835 4521 314 4511 324
5028 4685 343 4679 349
5590 5222 368 5207 383
5029 4684 345 4678 351
4694 4367 327 4358 336
4853 4523 330 4514 339
4909 4558 351 4554 355
4947 4594 353 4584 363
5260 4911 349 4900 360
4927 4610 317 4595 332
5000 4639 361 4625 375
4949 4623 326 4614 335
5147 4784 363 4773 374
5616 5248 368 5240 376
5057 4722 335 4714 343
5120 4794 326 4783 337
5276 4880 396 4875 401
4559 4242 317 4232 327
5137 4791 346 4780 357
4981 4619 362 4617 364
4832 4512 320 4505 327
5376 4989 387 4981 395
4961 4627 334 4616 345
5271 4924 347 4914 357
4934 4611 323 4596 338
5012 4656 356 4645 367
4948 4661 287 4652 296
5126 4772 354 4768 358
5111 4750 361 4744 367
5241 4872 369 4866 375
4766 4459 307 4452 314
5120 4777 343 4770 350
5039 4683 356 4679 360
5588 5194 394 5188 400
5244 4889 355 4880 364
5887 5479 408 5468 419
5425 5061 364 5051 374
5522 5169 353 5162 360
5284 4928 356 4922 362
5171 4811 360 4805 366
5099 4724 375 4717 382
5346 4994 352 4984 362
5019 4674 345 4669 350
5809 5432 377 5412 397
4782 4503 279 4495 287
5014 4683 331 4674 340
5069 4715 354 4708 361
5157 4771 386 4763 394
5440 5062 378 5056 384
4781 4441 340 4435 346
4655 4302 353 4295 360
5328 4975 353 4965 363
4874 4553 321 4542 332
5152 4793 359 4784 368
5346 4990 356 4975 371
5338 4975 363 4965 373
5241 4885 356 4877 364
4948 4612 336 4599 349
5264 4924 340 4912 352
5453 5087 366 5081 372
5057 4713 344 4710 347
5092 4769 323 4754 338
5269 4913 356 4910 359
5270 4923 347 4909 361
5411 5055 356 5049 362
5086 4731 355 4722 364
5149 4797 352 4785 364
4745 4391 354 4385 360
5985 5575 410 5566 419
5413 5026 387 5013 400
5417 5086 331 5079 338
4972 4628 344 4621 351
4975 4657 318 4646 329
4884 4519 365 4508 376
5416 5046 370 5040 376
5027 4687 340 4676 351
5202 4848 354 4841 361
4754 4434 320 4428 326
5130 4774 356 4767 363
5334 4988 346 4977 357
4697 4372 325 4362 335
5157 4815 342 4810 347
5230 4859 371 4849 381
5090 4750 340 4741 349
5091 4724 367 4716 375
5103 4743 360 4735 368
5173 4774 399 4765 408
5657 5276 381 5269 388
4976 4622 354 4609 367
5262 4928 334 4916 346
5445 5083 362 5079 366
5031 4689 342 4678 353
5382 5022 360 5007 375
5180 4821 359 4816 364
5374 5021 353 5007 367
5233 4888 345 4872 361
5430 5052 378 5044 386
5370 5022 348 5011 359
5185 4818 367 4809 376
5078 4721 357 4718 360
5895 5488 407 5480 415
4942 4614 328 4605 337
5171 4853 318 4842 329
5055 4714 341 4709 346
5097 4756 341 4748 349
5019 4683 336 4673 346
4893 4555 338 4547 346
4784 4453 331 4442 342
5716 5315 401 5299 417
4941 4628 313 4622 319
5485 5108 377 5095 390
5122 4801 321 4793 329
5133 4800 333 4789 344
5302 4948 354 4935 367
5457 5071 386 5055 402
4868 4522 346 4516 352
4901 4571 330 4563 338
5321 4944 377 4937 384
5169 4820 349 4816 353
5400 5025 375 5014 386
5002 4682 320 4677 325
5010 4688 322 4676 334
5356 4955 401 4943 413
4868 4567 301 4559 309
5170 4827 343 4815 355
4704 4376 328 4369 335
5140 4785 355 4780 360
5384 5013 371 5007 377
5145 4794 351 4788 357
5130 4780 350 4771 359
5186 4787 399 4780 406
4748 4431 317 4413 335
4757 4417 340 4411 346
5392 5024 368 5014 378
4942 4637 305 4627 315
5160 4785 375 4770 390
4809 4448 361 4442 367
4979 4657 322 4649 330
5078 4762 316 4756 322
5103 4745 358 4736 367
5224 4849 375 4843 381
5182 4839 343 4829 353
5247 4884 363 4876 371
5227 4878 349 4869 358
5107 4710 397 4702 405
5405 5027 378 5020 385
5695 5302 393 5291 404
4995 4632 363 4629 366
4998 4685 313 4675 323
4985 4634 351 4625 360
5194 4857 337 4845 349
4855 4525 330 4520 335
5506 5168 338 5163 343
5371 5000 371 4993 378
5525 5114 411 5102 423
5236 4876 360 4867 369
5263 4921 342 4912 351
5022 4678 344 4673 349
5265 4891 374 4882 383
5084 4741 343 4739 345
4918 4567 351 4558 360
5130 4772 358 4766 364
5457 5077 380 5066 391
5106 4780 326 4773 333
5622 5263 359 5255 367
5198 4822 376 4808 390
5293 4915 378 4907 386
5141 4793 348 4785 356
5091 4728 363 4722 369
5452 5088 364 5076 376
5201 4869 332 4855 346
5312 4939 373 4931 381
4928 4589 339 4580 348
5205 4828 377 4816 389
4619 4330 289 4322 297
5591 5204 387 5201 390
4831 4495 336 4484 347
4978 4658 320 4650 328
4905 4577 328 4568 337
5114 4746 368 4741 373
5002 4648 354 4632 370
5109 4779 330 4775 334
5169 4825 344 4814 355
5119 4790 329 4778 341
5135 4780 355 4771 364
5264 4944 320 4937 327
5225 4877 348 4863 362
5150 4806 344 4800 350
4946 4605 341 4591 355
5398 5034 364 5024 374
5212 4907 305 4901 311
5235 4856 379 4850 385
5363 4969 394 4959 404
5160 4778 382 4766 394
5280 4913 367 4907 373
5291 4928 363 4918 373
5080 4730 350 4720 360
4887 4548 339 4541 346
5294 4924 370 4913 381
5509 5151 358 5142 367
5564 5163 401 5148 416
4962 4627 335 4608 354
5241 4858 383 4851 390
5267 4949 318 4937 330
5098 4759 339 4755 343
5282 4947 335 4938 344
5464 5093 371 5084 380
5047 4735 312 4722 325
5420 5036 384 5028 392
4957 4596 361 4589 368
5152 4756 396 4749 403
5188 4810 378 4802 386
5237 4901 336 4890 347
5389 5027 362 5016 373
5908 5512 396 5500 408
5171 4801 370 4788 383
4881 4540 341 4533 348
5453 5079 374 5074 379
5112 4751 361 4742 370
5059 4718 341 4709 350
4751 4429 322 4419 332
5478 5098 380 5085 393
4925 4601 324 4597 328
5159 4800 359 4790 369
4662 4342 320 4330 332
5066 4724 342 4709 357
4995 4661 334 4651 344
5392 5034 358 5031 361
4965 4648 317 4644 321
5198 4845 353 4831 367
5320 4970 350 4963 357
5095 4750 345 4741 354
5316 4959 357 4951 365
5175 4853 322 4848 327
5286 4926 360 4914 372
5089 4751 338 4738 351
5065 4697 368 4692 373
5381 4999 382 4992 389
5081 4738 343 4733 348
5412 5065 347 5056 356
5320 4955 365 4942 378
5202 4849 353 4836 366
5178 4812 366 4803 375
5121 4766 355 4758 363
4930 4557 373 4551 379
5388 5013 375 5008 380
5680 5298 382 5287 393
5425 5056 369 5046 379
5088 4737 351 4727 361
4794 4483 311 4472 322
5484 5096 388 5085 399
5093 4733 360 4722 371
5221 4885 336 4878 343
5513 5146 367 5138 375
5049 4706 343 4700 349
4815 4514 301 4510 305
5821 5418 403 5411 410
5173 4792 381 4783 390
4917 4573 344 4569 348
5373 5026 347 5013 360
5526 5146 380 5127 399
5675 5315 360 5305 370
5248 4890 358 4878 370
5466 5100 366 5095 371
5168 4809 359 4804 364
5180 4836 344 4822 358
5023 4680 343 4668 355
5231 4868 363 4854 377
4976 4609 367 4604 372
5055 4736 319 4730 325
5168 4820 348 4811 357
5309 4978 331 4971 338
5220 4865 355 4852 368
4865 4521 344 4510 355
5231 4885 346 4875 356
5111 4758 353 4743 368
5408 5043 365 5034 374
5044 4691 353 4681 363
5157 4815 342 4812 345
5717 5305 412 5295 422
5102 4766 336 4758 344
5220 4872 348 4862 358
5353 4964 389 4952 401
5120 4785 335 4772 348
5017 4680 337 4671 346
5313 4949 364 4942 371
5173 4839 334 4833 340
5291 4907 384 4896 395
5111 4711 400 4704 407
5314 5009 305 4999 315
5299 4960 339 4951 348
5589 5231 358 5226 363
5049 4704 345 4699 350
5099 4782 317 4773 326
5487 5117 370 5107 380
5073 4740 333 4732 341
5092 4718 374 4714 378
4889 4568 321 4560 329
5358 4980 378 4971 387
5161 4792 369 4783 378
4982 4649 333 4639 343
4950 4623 327 4617 333
5541 5168 373 5161 380
5330 4968 362 4958 372
5197 4824 373 4817 380
4808 4498 310 4490 318
5100 4768 332 4759 341
