5578 5332 246 5330 248
5442 5230 212 5225 217
5595 5360 235 5355 240
5448 5210 238 5204 244
5562 5326 236 5325 237
5466 5266 200 5261 205
5536 5295 241 5290 246
5408 5164 244 5160 248
5419 5193 226 5190 229
5330 5104 226 5100 230
5340 5108 232 5103 237
5430 5185 245 5183 247
5718 5464 254 5463 255
5811 5545 266 5539 272
5383 5146 237 5143 240
5519 5273 246 5268 251
5451 5202 249 5199 252
5300 5077 223 5075 225
5633 5383 250 5378 255
5333 5115 218 5109 224
5221 4958 263 4956 265
5519 5292 227 5290 229
5610 5341 269 5338 272
5044 4836 208 4836 208
5579 5360 219 5355 224
5613 5372 241 5367 246
5790 5553 237 5550 240
5136 4902 234 4897 239
5131 4894 237 4892 239
5626 5374 252 5371 255
5698 5437 261 5432 266
5684 5437 247 5435 249
5319 5098 221 5095 224
5425 5198 227 5195 230
5316 5084 232 5078 238
5799 5536 263 5534 265
5393 5158 235 5150 243
5256 5009 247 5004 252
4981 4750 231 4750 231
5139 4911 228 4908 231
5323 5067 256 5063 260
5399 5178 221 5177 222
5277 5078 199 5073 204
5590 5353 237 5351 239
5355 5128 227 5127 228
5853 5584 269 5578 275
5252 5026 226 5023 229
5545 5297 248 5290 255
5453 5197 256 5191 262
5520 5274 246 5271 249
5255 5018 237 5012 243
5195 4962 233 4959 236
5207 4970 237 4963 244
5686 5457 229 5455 231
5468 5231 237 5226 242
5366 5091 275 5087 279
5033 4808 225 4800 233
5456 5190 266 5188 268
5177 4960 217 4954 223
5285 5042 243 5039 246
5099 4874 225 4870 229
5120 4908 212 4904 216
5301 5054 247 5046 255
5269 5051 218 5046 223
5135 4923 212 4920 215
4837 4620 217 4619 218
5119 4884 235 4881 238
5166 4948 218 4946 220
4846 4628 218 4623 223
5491 5244 247 5243 248
5221 4990 231 4984 237
4685 4475 210 4473 212
4924 4719 205 4717 207
5166 4919 247 4916 250
5114 4894 220 4890 224
5493 5248 245 5242 251
4966 4746 220 4742 224
4872 4670 202 4665 207
5029 4810 219 4806 223
4847 4634 213 4630 217
4809 4618 191 4617 192
4931 4721 210 4719 212
4973 4739 234 4733 240
5008 4781 227 4778 230
5155 4929 226 4926 229
5478 5262 216 5260 218
5222 4992 230 4989 233
4961 4772 189 4767 194
5420 5203 217 5197 223
5381 5152 229 5149 232
5076 4880 196 4876 200
5177 4948 229 4946 231
5075 4862 213 4858 217
5253 5018 235 5013 240
5151 4945 206 4942 209
5015 4790 225 4787 228
5041 4817 224 4815 226
5185 4991 194 4985 200
4951 4753 198 4750 201
5324 5070 254 5065 259
4974 4758 216 4756 218
4925 4716 209 4711 214
4876 4682 194 4677 199
5090 4859 231 4857 233
5633 5394 239 5390 243
4856 4649 207 4647 209
5134 4916 218 4912 222
4780 4563 217 4562 218
5161 4930 231 4924 237
4994 4756 238 4751 243
5369 5148 221 5146 223
5113 4871 242 4866 247
5288 5085 203 5083 205
5018 4804 214 4802 216
5518 5298 220 5295 223
5431 5206 225 5198 233
5081 4848 233 4844 237
5376 5150 226 5145 231
4724 4540 184 4534 190
5071 4843 228 4841 230
4931 4707 224 4704 227
4915 4698 217 4691 224
4899 4702 197 4698 201
5107 4905 202 4901 206
4982 4751 231 4746 236
4767 4555 212 4551 216
5056 4826 230 4824 232
5229 5016 213 5013 216
5449 5214 235 5213 236
5343 5114 229 5106 237
5158 4940 218 4937 221
5612 5382 230 5376 236
5231 5000 231 4999 232
5079 4873 206 4872 207
5324 5117 207 5111 213
5066 4828 238 4825 241
4980 4806 174 4800 180
5241 5009 232 5004 237
5271 5047 224 5047 224
5209 4969 240 4960 249
5046 4833 213 4828 218
4935 4727 208 4724 211
5208 4974 234 4970 238
5020 4810 210 4810 210
4963 4724 239 4723 240
5449 5199 250 5193 256
5082 4837 245 4830 252
5101 4883 218 4878 223
5368 5150 218 5145 223
5398 5151 247 5148 250
5538 5297 241 5294 244
5630 5393 237 5389 241
5580 5335 245 5333 247
4948 4756 192 4754 194
5483 5235 248 5231 252
5393 5184 209 5181 212
5562 5329 233 5327 235
5819 5584 235 5581 238
5704 5426 278 5420 284
5538 5301 237 5298 240
5517 5303 214 5296 221
5667 5426 241 5424 243
5529 5250 279 5244 285
5479 5224 255 5219 260
5807 5557 250 5554 253
4794 4584 210 4579 215
5452 5207 245 5203 249
5353 5126 227 5120 233
5531 5292 239 5288 243
4828 4644 184 4642 186
5733 5491 242 5487 246
5652 5393 259 5390 262
5836 5596 240 5593 243
5237 5009 228 5007 230
5111 4889 222 4887 224
5785 5525 260 5519 266
5384 5157 227 5153 231
5484 5261 223 5256 228
5414 5215 199 5212 202
5722 5480 242 5476 246
5795 5535 260 5529 266
4666 4452 214 4450 216
5504 5262 242 5259 245
5533 5298 235 5296 237
5123 4914 209 4908 215
5336 5085 251 5081 255
5145 4921 224 4920 225
5517 5263 254 5262 255
5064 4860 204 4856 208
4959 4745 214 4740 219
5855 5579 276 5576 279
5335 5095 240 5089 246
5415 5178 237 5172 243
4940 4736 204 4733 207
5043 4831 212 4827 216
5103 4885 218 4883 220
5167 4926 241 4921 246
5366 5174 192 5169 197
5005 4804 201 4801 204
5349 5129 220 5128 221
5891 5598 293 5594 297
5123 4906 217 4902 221
5630 5366 264 5363 267
5565 5322 243 5319 246
5616 5372 244 5370 246
5154 4938 216 4933 221
5389 5144 245 5141 248
5562 5318 244 5317 245
4829 4617 212 4614 215
5005 4793 212 4791 214
5022 4772 250 4768 254
5496 5231 265 5226 270
5633 5374 259 5373 260
5403 5177 226 5174 229
5295 5067 228 5065 230
5367 5130 237 5123 244
5037 4817 220 4817 220
4992 4781 211 4778 214
5242 4996 246 4992 250
5511 5290 221 5289 222
5287 5070 217 5068 219
5017 4809 208 4800 217
5063 4861 202 4856 207
5499 5220 279 5217 282
5345 5091 254 5091 254
5186 4955 231 4952 234
5273 5066 207 5060 213
5382 5134 248 5129 253
5441 5225 216 5223 218
5180 4975 205 4973 207
5121 4891 230 4889 232
4714 4491 223 4488 226
5082 4842 240 4840 242
5167 4928 239 4924 243
5566 5342 224 5338 228
5169 4899 270 4896 273
5435 5201 234 5196 239
4910 4691 219 4688 222
5708 5449 259 5443 265
5857 5610 247 5607 250
5592 5382 210 5380 212
5012 4811 201 4810 202
4998 4792 206 4791 207
5397 5150 247 5147 250
5376 5154 222 5151 225
4932 4702 230 4698 234
5392 5166 226 5164 228
5370 5130 240 5124 246
5166 4947 219 4945 221
4873 4648 225 4645 228
5214 4988 226 4982 232
5211 4988 223 4982 229
5180 4955 225 4952 228
5061 4817 244 4814 247
5242 5007 235 5004 238
4780 4552 228 4550 230
5322 5067 255 5066 256
5184 4949 235 4947 237
5232 4997 235 4992 240
5290 5035 255 5030 260
5001 4774 227 4771 230
5311 5073 238 5069 242
5126 4909 217 4908 218
5340 5110 230 5107 233
5124 4907 217 4901 223
5070 4855 215 4852 218
5324 5086 238 5086 238
5280 5018 262 5015 265
5598 5358 240 5355 243
5150 4917 233 4915 235
5032 4822 210 4814 218
5175 4947 228 4946 229
5219 4996 223 4991 228
4939 4714 225 4711 228
5381 5134 247 5130 251
5351 5116 235 5113 238
5395 5157 238 5151 244
5159 4918 241 4913 246
5110 4891 219 4889 221
5503 5276 227 5276 227
5551 5305 246 5301 250
5373 5135 238 5130 243
5512 5264 248 5260 252
5475 5222 253 5217 258
5154 4937 217 4936 218
5276 5049 227 5041 235
5755 5497 258 5494 261
5379 5155 224 5153 226
5245 5012 233 5007 238
4786 4596 190 4593 193
5397 5179 218 5175 222
5654 5408 246 5408 246
5132 4911 221 4908 224
5155 4937 218 4932 223
5333 5115 218 5110 223
5336 5112 224 5111 225
5416 5150 266 5146 270
5006 4799 207 4792 214
5101 4885 216 4883 218
5316 5079 237 5076 240
5331 5107 224 5101 230
5131 4918 213 4917 214
5193 4951 242 4950 243
5305 5076 229 5072 233
5642 5389 253 5382 260
5025 4812 213 4809 216
4945 4692 253 4688 257
5200 4969 231 4967 233
5339 5104 235 5100 239
5320 5110 210 5107 213
5159 4921 238 4917 242
4827 4628 199 4627 200
5726 5488 238 5483 243
5345 5117 228 5112 233
4906 4687 219 4682 224
4535 4318 217 4313 222
5057 4818 239 4818 239
5250 5035 215 5030 220
5446 5208 238 5204 242
4837 4597 240 4595 242
5086 4870 216 4869 217
5425 5201 224 5195 230
5162 4946 216 4941 221
5206 4992 214 4991 215
5063 4844 219 4840 223
5103 4884 219 4882 221
5105 4900 205 4897 208
5248 5015 233 5013 235
4922 4706 216 4704 218
5321 5091 230 5088 233
4983 4765 218 4758 225
5302 5059 243 5055 247
5042 4805 237 4799 243
5306 5091 215 5090 216
5043 4814 229 4810 233
5561 5316 245 5313 248
5242 5001 241 4999 243
4957 4721 236 4719 238
5158 4921 237 4917 241
4815 4629 186 4627 188
5112 4884 228 4882 230
5259 5028 231 5025 234
5386 5136 250 5135 251
4930 4717 213 4715 215
5235 5005 230 5002 233
5474 5220 254 5218 256
5298 5065 233 5065 233
5563 5337 226 5336 227
5098 4873 225 4869 229
4838 4623 215 4619 219
5156 4945 211 4943 213
5350 5124 226 5119 231
5015 4798 217 4794 221
5428 5184 244 5178 250
4982 4766 216 4762 220
5297 5080 217 5077 220
5419 5193 226 5192 227
5076 4839 237 4836 240
5045 4854 191 4851 194
5403 5170 233 5164 239
4956 4753 203 4748 208
5140 4904 236 4899 241
5014 4791 223 4788 226
5433 5196 237 5194 239
5129 4909 220 4906 223
5319 5094 225 5091 228
5404 5181 223 5179 225
5280 5042 238 5040 240
5600 5315 285 5307 293
5272 5032 240 5029 243
5465 5231 234 5230 235
4659 4463 196 4462 197
5002 4785 217 4782 220
5337 5107 230 5105 232
4756 4570 186 4566 190
5279 5075 204 5073 206
5045 4829 216 4828 217
4917 4707 210 4705 212
4867 4660 207 4658 209
5144 4909 235 4904 240
4885 4672 213 4666 219
5329 5080 249 5073 256
5088 4867 221 4862 226
5029 4808 221 4805 224
4994 4775 219 4773 221
5226 4980 246 4970 256
5267 5044 223 5042 225
5246 5033 213 5031 215
5162 4943 219 4943 219
4995 4779 216 4774 221
5076 4851 225 4851 225
4926 4725 201 4724 202
5277 5068 209 5066 211
4950 4744 206 4740 210
4951 4769 182 4763 188
5203 4964 239 4960 243
5567 5313 254 5310 257
5266 5049 217 5048 218
5557 5319 238 5316 241
5518 5275 243 5272 246
5307 5056 251 5052 255
5165 4966 199 4964 201
5147 4918 229 4914 233
5298 5070 228 5066 232
5089 4872 217 4868 221
4762 4542 220 4536 226
5364 5110 254 5108 256
4887 4669 218 4666 221
5358 5102 256 5100 258
5231 4991 240 4989 242
5357 5128 229 5123 234
5041 4799 242 4799 242
5247 4990 257 4986 261
5483 5251 232 5250 233
4949 4740 209 4737 212
5128 4920 208 4918 210
5310 5062 248 5055 255
4860 4641 219 4635 225
5293 5043 250 5039 254
4988 4773 215 4773 215
5261 5022 239 5015 246
5319 5074 245 5069 250
5064 4865 199 4863 201
4901 4715 186 4712 189
4975 4769 206 4765 210
4852 4634 218 4633 219
5354 5150 204 5149 205
5503 5277 226 5273 230
5281 5037 244 5032 249
5095 4875 220 4873 222
5022 4797 225 4796 226
5000 4786 214 4785 215
4836 4624 212 4622 214
5018 4765 253 4762 256
4974 4768 206 4768 206
5428 5163 265 5160 268
5007 4753 254 4750 257
4820 4595 225 4589 231
5147 4923 224 4917 230
5302 5072 230 5069 233
5277 5036 241 5030 247
5545 5293 252 5289 256
4972 4756 216 4748 224
5350 5122 228 5120 230
4886 4660 226 4657 229
5343 5124 219 5120 223
4823 4602 221 4596 227
5266 5046 220 5041 225
5139 4906 233 4899 240
5183 4943 240 4939 244
4990 4793 197 4791 199
5199 4977 222 4973 226
5214 4994 220 4990 224
5165 4965 200 4961 204
5644 5387 257 5384 260
5101 4869 232 4864 237
5876 5621 255 5616 260
4958 4738 220 4733 225
5192 5001 191 4997 195
4439 4240 199 4235 204
5146 4925 221 4924 222
5172 4949 223 4948 224
5199 4975 224 4968 231
5243 5034 209 5029 214
5056 4844 212 4842 214
5292 5072 220 5067 225
4911 4711 200 4706 205
5554 5308 246 5306 248
5148 4928 220 4924 224
4955 4742 213 4735 220
5199 4995 204 4993 206
5268 5027 241 5026 242
5039 4810 229 4805 234
5342 5124 218 5121 221
4745 4551 194 4547 198
4663 4456 207 4451 212
5088 4878 210 4873 215
4774 4543 231 4538 236
5007 4783 224 4777 230
5146 4927 219 4925 221
5129 4908 221 4901 228
5303 5070 233 5070 233
5453 5249 204 5247 206
5086 4865 221 4863 223
5176 4942 234 4938 238
5347 5113 234 5110 237
5139 4910 229 4908 231
5065 4863 202 4858 207
4848 4641 207 4639 209
5270 5015 255 5013 257
5067 4852 215 4849 218
5041 4863 178 4860 181
4860 4640 220 4638 222
5484 5274 210 5272 212
5153 4940 213 4937 216
5391 5167 224 5164 227
5303 5094 209 5091 212
4621 4437 184 4435 186
5063 4839 224 4836 227
5206 4964 242 4959 247
5788 5561 227 5555 233
5180 4934 246 4933 247
4638 4446 192 4441 197
4928 4716 212 4714 214
4999 4778 221 4774 225
5005 4802 203 4801 204
5223 5014 209 5009 214
5117 4904 213 4902 215
5068 4845 223 4844 224
5182 4936 246 4934 248
4951 4708 243 4703 248
5440 5198 242 5195 245
4822 4627 195 4623 199
4832 4632 200 4629 203
5632 5388 244 5383 249
5208 4986 222 4977 231
4971 4735 236 4732 239
5088 4876 212 4872 216
5201 4952 249 4947 254
5443 5237 206 5233 210
5529 5272 257 5266 263
5429 5167 262 5161 268
5711 5447 264 5445 266
5373 5121 252 5120 253
5349 5132 217 5131 218
4928 4727 201 4723 205
5287 5085 202 5084 203
5181 4967 214 4965 216
5262 5027 235 5021 241
5306 5063 243 5058 248
5388 5153 235 5152 236
5294 5079 215 5074 220
5186 4996 190 4993 193
5122 4889 233 4882 240
5086 4869 217 4865 221
4801 4570 231 4566 235
5058 4871 187 4870 188
4832 4660 172 4656 176
5121 4928 193 4921 200
4962 4765 197 4762 200
5040 4840 200 4837 203
4740 4522 218 4520 220
5121 4909 212 4904 217
5280 5039 241 5034 246
5001 4780 221 4775 226
5257 5028 229 5018 239
5110 4899 211 4895 215
5556 5346 210 5344 212
4997 4779 218 4778 219
5351 5099 252 5098 253
5120 4895 225 4891 229
5134 4895 239 4890 244
4884 4676 208 4673 211
5094 4884 210 4878 216
5143 4900 243 4898 245
4852 4628 224 4624 228
5321 5101 220 5100 221
5286 5069 217 5069 217
5158 4916 242 4914 244
5071 4829 242 4826 245
5297 5075 222 5070 227
5265 5029 236 5027 238
5102 4857 245 4856 246
4985 4778 207 4777 208
4985 4781 204 4778 207
5558 5311 247 5304 254
5298 5093 205 5092 206
5012 4800 212 4798 214
5381 5154 227 5154 227
5184 4987 197 4984 200
4944 4731 213 4728 216
5111 4894 217 4891 220
4921 4724 197 4718 203
4984 4775 209 4768 216
5250 5001 249 4995 255
5305 5073 232 5068 237
5387 5125 262 5123 264
5010 4801 209 4795 215
5169 4933 236 4926 243
5228 4997 231 4995 233
5155 4906 249 4904 251
5370 5156 214 5151 219
4793 4566 227 4561 232
4840 4639 201 4637 203
5042 4809 233 4807 235
5481 5262 219 5258 223
5222 4976 246 4972 250
4941 4725 216 4722 219
5135 4916 219 4913 222
5243 5010 233 5006 237
5172 4930 242 4927 245
5590 5354 236 5350 240
5435 5205 230 5203 232
5198 4968 230 4964 234
5437 5177 260 5174 263
5353 5133 220 5127 226
5204 4976 228 4971 233
5085 4854 231 4851 234
5270 5055 215 5052 218
5088 4852 236 4847 241
5271 5035 236 5033 238
5435 5195 240 5195 240
5214 5001 213 4999 215
5193 4948 245 4945 248
5584 5353 231 5350 234
5412 5188 224 5182 230
5051 4828 223 4826 225
5024 4816 208 4813 211
4994 4775 219 4774 220
5312 5076 236 5072 240
4983 4756 227 4750 233
5172 4961 211 4959 213
5208 4975 233 4969 239
4915 4714 201 4705 210
4942 4719 223 4718 224
5361 5104 257 5101 260
5236 5003 233 4998 238
4824 4605 219 4600 224
5306 5079 227 5074 232
5099 4888 211 4882 217
4946 4747 199 4741 205
5481 5234 247 5230 251
5326 5104 222 5099 227
5494 5251 243 5247 247
4944 4729 215 4726 218
4895 4642 253 4640 255
4763 4551 212 4548 215
5369 5150 219 5149 220
4704 4504 200 4499 205
5181 4960 221 4959 222
5076 4836 240 4831 245
5255 5029 226 5025 230
4985 4791 194 4789 196
4969 4744 225 4742 227
5031 4793 238 4793 238
4676 4482 194 4478 198
4819 4611 208 4608 211
5200 4988 212 4985 215
4849 4636 213 4631 218
5144 4897 247 4894 250
5353 5135 218 5129 224
5040 4808 232 4804 236
5152 4948 204 4941 211
5282 5072 210 5071 211
4757 4559 198 4553 204
4802 4614 188 4609 193
4693 4477 216 4473 220
5182 4988 194 4983 199
5268 5032 236 5026 242
5047 4847 200 4841 206
5378 5131 247 5127 251
5240 4995 245 4987 253
4979 4771 208 4766 213
5428 5201 227 5195 233
4886 4671 215 4670 216
4913 4695 218 4692 221
5074 4836 238 4833 241
5079 4872 207 4871 208
4865 4655 210 4646 219
5045 4823 222 4818 227
5078 4856 222 4852 226
5190 4970 220 4969 221
5255 5006 249 5001 254
5359 5126 233 5122 237
4935 4721 214 4715 220
5267 5042 225 5039 228
5197 4956 241 4952 245
5202 4970 232 4966 236
5012 4794 218 4783 229
4995 4769 226 4765 230
5168 4948 220 4944 224
5522 5284 238 5283 239
4969 4746 223 4743 226
5151 4927 224 4925 226
5241 5046 195 5043 198
4825 4632 193 4628 197
4994 4776 218 4774 220
4990 4743 247 4739 251
5274 5032 242 5030 244
4931 4689 242 4688 243
4935 4716 219 4716 219
4772 4566 206 4563 209
4925 4720 205 4713 212
4670 4455 215 4455 215
5153 4912 241 4908 245
5221 4988 233 4983 238
5362 5112 250 5107 255
5194 4937 257 4931 263
5000 4803 197 4798 202
5263 5014 249 5012 251
4906 4702 204 4700 206
5572 5328 244 5321 251
5172 4929 243 4926 246
4835 4598 237 4593 242
5028 4808 220 4807 221
5590 5367 223 5365 225
5029 4805 224 4803 226
4694 4494 200 4491 203
4853 4643 210 4640 213
4909 4705 204 4702 207
4947 4741 206 4738 209
5260 5041 219 5039 221
4927 4684 243 4681 246
5000 4784 216 4782 218
4949 4728 221 4723 226
5147 4921 226 4919 228
5616 5390 226 5385 231
5057 4838 219 4835 222
5120 4870 250 4865 255
5276 5041 235 5031 245
4559 4358 201 4355 204
5137 4908 229 4905 232
4981 4741 240 4739 242
4832 4622 210 4616 216
5376 5112 264 5109 267
4961 4707 254 4704 257
5271 5045 226 5045 226
4934 4721 213 4716 218
5012 4789 223 4783 229
4948 4709 239 4706 242
5126 4889 237 4887 239
5111 4914 197 4912 199
5241 4996 245 4990 251
4766 4581 185 4578 188
5120 4901 219 4898 222
5039 4836 203 4833 206
5588 5349 239 5346 242
5244 5014 230 5009 235
5887 5618 269 5613 274
5425 5179 246 5175 250
5522 5286 236 5284 238
5284 5057 227 5054 230
5171 4948 223 4945 226
5099 4888 211 4884 215
5346 5133 213 5129 217
5019 4797 222 4795 224
5809 5572 237 5572 237
4782 4600 182 4597 185
5014 4781 233 4778 236
5069 4845 224 4840 229
5157 4956 201 4953 204
5440 5197 243 5190 250
4781 4574 207 4571 210
4655 4464 191 4461 194
5328 5078 250 5073 255
4874 4677 197 4674 200
5152 4933 219 4930 222
5346 5096 250 5093 253
5338 5106 232 5102 236
5241 5019 222 5017 224
4948 4744 204 4743 205
5264 4996 268 4994 270
5453 5225 228 5221 232
5057 4818 239 4816 241
5092 4866 226 4863 229
5269 5045 224 5043 226
5270 5052 218 5049 221
5411 5169 242 5165 246
5086 4882 204 4878 208
5149 4924 225 4921 228
4745 4527 218 4525 220
5985 5712 273 5711 274
5413 5198 215 5192 221
5417 5207 210 5203 214
4972 4746 226 4741 231
4975 4770 205 4765 210
4884 4693 191 4688 196
5416 5164 252 5158 258
5027 4826 201 4821 206
5202 4953 249 4950 252
4754 4546 208 4544 210
5130 4897 233 4895 235
5334 5088 246 5085 249
4697 4514 183 4509 188
5157 4938 219 4931 226
5230 5016 214 5014 216
5090 4862 228 4857 233
5091 4869 222 4867 224
5103 4891 212 4890 213
5173 4938 235 4933 240
5657 5426 231 5423 234
4976 4770 206 4767 209
5262 5023 239 5016 246
5445 5218 227 5215 230
5031 4809 222 4805 226
5382 5136 246 5134 248
5180 4970 210 4969 211
5374 5144 230 5142 232
5233 5002 231 4997 236
5430 5183 247 5178 252
5370 5126 244 5120 250
5185 4941 244 4937 248
5078 4837 241 4829 249
5895 5636 259 5633 262
4942 4735 207 4733 209
5171 4948 223 4943 228
5055 4815 240 4814 241
5097 4872 225 4871 226
5019 4793 226 4790 229
4893 4675 218 4667 226
4784 4595 189 4592 192
5716 5447 269 5445 271
4941 4733 208 4730 211
5485 5252 233 5248 237
5122 4899 223 4899 223
5133 4919 214 4917 216
5302 5062 240 5060 242
5457 5223 234 5220 237
4868 4664 204 4661 207
4901 4665 236 4663 238
5321 5088 233 5080 241
5169 4921 248 4918 251
5400 5138 262 5137 263
5002 4777 225 4773 229
5010 4795 215 4787 223
5356 5128 228 5121 235
4868 4681 187 4680 188
5170 4920 250 4917 253
4704 4509 195 4501 203
5140 4937 203 4934 206
5384 5156 228 5152 232
5145 4927 218 4926 219
5130 4897 233 4893 237
5186 4976 210 4974 212
4748 4545 203 4541 207
4757 4548 209 4547 210
5392 5166 226 5164 228
4942 4712 230 4709 233
5160 4954 206 4952 208
4809 4586 223 4578 231
4979 4765 214 4763 216
5078 4874 204 4871 207
5103 4895 208 4890 213
5224 4985 239 4984 240
5182 4934 248 4932 250
5247 5022 225 5017 230
5227 5007 220 5005 222
5107 4896 211 4893 214
5405 5170 235 5165 240
5695 5432 263 5428 267
4995 4763 232 4756 239
4998 4794 204 4792 206
4985 4783 202 4776 209
5194 4954 240 4950 244
4855 4651 204 4647 208
5506 5265 241 5265 241
5371 5144 227 5138 233
5525 5268 257 5266 259
5236 5015 221 5012 224
5263 5053 210 5050 213
5022 4788 234 4784 238
5265 5032 233 5025 240
5084 4883 201 4877 207
4918 4691 227 4690 228
5130 4933 197 4930 200
5457 5213 244 5209 248
5106 4900 206 4896 210
5622 5384 238 5382 240
5198 4996 202 4989 209
5293 5054 239 5051 242
5141 4905 236 4902 239
5091 4879 212 4877 214
5452 5210 242 5206 246
5201 4977 224 4970 231
5312 5094 218 5091 221
4928 4713 215 4705 223
5205 4980 225 4977 228
4619 4427 192 4425 194
5591 5353 238 5349 242
4831 4627 204 4620 211
4978 4727 251 4725 253
4905 4692 213 4689 216
5114 4890 224 4886 228
5002 4786 216 4785 217
5109 4900 209 4898 211
5169 4956 213 4951 218
5119 4898 221 4897 222
5135 4904 231 4902 233
5264 5027 237 5023 241
5225 5032 193 5027 198
5150 4912 238 4907 243
4946 4722 224 4720 226
5398 5143 255 5139 259
5212 4987 225 4980 232
5235 5000 235 4997 238
5363 5153 210 5149 214
5160 4934 226 4928 232
5280 5071 209 5065 215
5291 5086 205 5085 206
5080 4846 234 4842 238
4887 4662 225 4657 230
5294 5057 237 5056 238
5509 5264 245 5260 249
5564 5307 257 5303 261
4962 4726 236 4722 240
5241 5008 233 5004 237
5267 5045 222 5044 223
5098 4891 207 4891 207
5282 5072 210 5067 215
5464 5224 240 5219 245
5047 4837 210 4833 214
5420 5173 247 5171 249
4957 4734 223 4729 228
5152 4929 223 4927 225
5188 4975 213 4973 215
5237 4989 248 4984 253
5389 5163 226 5159 230
5908 5652 256 5648 260
5171 4934 237 4929 242
4881 4679 202 4676 205
5453 5225 228 5218 235
5112 4926 186 4926 186
5059 4860 199 4857 202
4751 4548 203 4545 206
5478 5229 249 5223 255
4925 4727 198 4722 203
5159 4920 239 4919 240
4662 4454 208 4451 211
5066 4861 205 4858 208
4995 4789 206 4786 209
5392 5183 209 5181 211
4965 4744 221 4742 223
5198 4927 271 4923 275
5320 5078 242 5073 247
5095 4869 226 4867 228
5316 5067 249 5060 256
5175 4945 230 4942 233
5286 5067 219 5063 223
5089 4880 209 4877 212
5065 4822 243 4821 244
5381 5157 224 5154 227
5081 4856 225 4855 226
5412 5136 276 5135 277
5320 5094 226 5089 231
5202 4970 232 4966 236
5178 4918 260 4913 265
5121 4896 225 4894 227
4930 4709 221 4702 228
5388 5169 219 5168 220
5680 5409 271 5406 274
5425 5194 231 5189 236
5088 4860 228 4856 232
4794 4591 203 4588 206
5484 5269 215 5266 218
5093 4883 210 4879 214
5221 4992 229 4989 232
5513 5247 266 5244 269
5049 4829 220 4825 224
4815 4623 192 4621 194
5821 5560 261 5555 266
5173 4955 218 4950 223
4917 4711 206 4710 207
5373 5140 233 5137 236
5526 5247 279 5241 285
5675 5424 251 5418 257
5248 5030 218 5025 223
5466 5226 240 5225 241
5168 4957 211 4957 211
5180 4960 220 4956 224
5023 4814 209 4813 210
5231 5011 220 5005 226
4976 4761 215 4759 217
5055 4834 221 4832 223
5168 4939 229 4936 232
5309 5094 215 5092 217
5220 4980 240 4975 245
4865 4634 231 4633 232
5231 5026 205 5021 210
5111 4891 220 4888 223
5408 5167 241 5165 243
5044 4817 227 4814 230
5157 4909 248 4907 250
5717 5481 236 5476 241
5102 4891 211 4889 213
5220 4990 230 4987 233
5353 5128 225 5124 229
5120 4898 222 4895 225
5017 4804 213 4802 215
5313 5084 229 5082 231
5173 4944 229 4942 231
5291 5074 217 5071 220
5111 4894 217 4892 219
5314 5094 220 5093 221
5299 5088 211 5087 212
5589 5361 228 5358 231
5049 4815 234 4813 236
5099 4864 235 4861 238
5487 5228 259 5224 263
5073 4840 233 4837 236
5092 4834 258 4829 263
4889 4683 206 4680 209
5358 5093 265 5089 269
5161 4934 227 4930 231
4982 4748 234 4745 237
4950 4725 225 4721 229
5541 5312 229 5308 233
5330 5113 217 5113 217
5197 4963 234 4961 236
4808 4611 197 4604 204
5100 4907 193 4903 197
