5578 5273 305 5267 311
5442 5123 319 5116 326
5595 5281 314 5274 321
5448 5156 292 5147 301
5562 5241 321 5238 324
5466 5164 302 5159 307
5536 5213 323 5205 331
5408 5094 314 5089 319
5419 5105 314 5095 324
5330 5074 256 5071 259
5340 5059 281 5052 288
5430 5132 298 5128 302
5718 5387 331 5383 335
5811 5477 334 5470 341
5383 5077 306 5066 317
5519 5207 312 5205 314
5451 5179 272 5170 281
5300 5032 268 5021 279
5633 5362 271 5354 279
5333 5061 272 5058 275
5221 4918 303 4912 309
5519 5191 328 5186 333
5610 5236 374 5230 380
5044 4769 275 4765 279
5579 5272 307 5270 309
5613 5318 295 5315 298
5790 5461 329 5452 338
5136 4864 272 4858 278
5131 4838 293 4835 296
5626 5311 315 5306 320
5698 5415 283 5409 289
5684 5382 302 5379 305
5319 5023 296 5012 307
5425 5102 323 5096 329
5316 5000 316 4991 325
5799 5450 349 5439 360
5393 5084 309 5078 315
5256 4952 304 4946 310
4981 4687 294 4684 297
5139 4829 310 4824 315
5323 5033 290 5029 294
5399 5097 302 5090 309
5277 4985 292 4984 293
5590 5294 296 5288 302
5355 5052 303 5046 309
5853 5546 307 5540 313
5252 4948 304 4937 315
5545 5241 304 5235 310
5453 5152 301 5146 307
5520 5220 300 5216 304
5255 4965 290 4963 292
5195 4888 307 4882 313
5207 4926 281 4921 286
5686 5348 338 5344 342
5468 5172 296 5166 302
5366 5080 286 5073 293
5033 4746 287 4744 289
5456 5142 314 5138 318
5177 4902 275 4896 281
5285 4960 325 4955 330
5099 4822 277 4817 282
5120 4815 305 4805 315
5301 4987 314 4978 323
5269 4983 286 4975 294
5135 4840 295 4834 301
4837 4574 263 4566 271
5119 4801 318 4789 330
5166 4868 298 4861 305
4846 4535 311 4530 316
5491 5172 319 5166 325
5221 4912 309 4906 315
4685 4430 255 4425 260
4924 4673 251 4664 260
5166 4875 291 4869 297
5114 4848 266 4842 272
5493 5179 314 5170 323
4966 4698 268 4691 275
4872 4613 259 4608 264
5029 4685 344 4676 353
4847 4570 277 4563 284
4809 4563 246 4556 253
4931 4640 291 4636 295
4973 4674 299 4670 303
5008 4754 254 4751 257
5155 4874 281 4868 287
5478 5183 295 5174 304
5222 4946 276 4941 281
4961 4697 264 4687 274
5420 5135 285 5127 293
5381 5058 323 5054 327
5076 4814 262 4810 266
5177 4846 331 4840 337
5075 4793 282 4790 285
5253 4943 310 4939 314
5151 4872 279 4867 284
5015 4732 283 4728 287
5041 4769 272 4763 278
5185 4907 278 4905 280
4951 4674 277 4668 283
5324 5057 267 5053 271
4974 4725 249 4724 250
4925 4642 283 4634 291
4876 4573 303 4570 306
5090 4805 285 4798 292
5633 5310 323 5305 328
4856 4565 291 4553 303
5134 4870 264 4862 272
4780 4476 304 4468 312
5161 4856 305 4849 312
4994 4681 313 4680 314
5369 5062 307 5056 313
5113 4818 295 4813 300
5288 5015 273 5009 279
5018 4724 294 4714 304
5518 5202 316 5199 319
5431 5128 303 5126 305
5081 4788 293 4777 304
5376 5061 315 5051 325
4724 4464 260 4459 265
5071 4807 264 4805 266
4931 4626 305 4622 309
4915 4658 257 4652 263
4899 4622 277 4620 279
5107 4837 270 4829 278
4982 4702 280 4696 286
4767 4487 280 4480 287
5056 4787 269 4781 275
5229 4930 299 4921 308
5449 5155 294 5149 300
5343 5046 297 5042 301
5158 4886 272 4882 276
5612 5312 300 5304 308
5231 4963 268 4958 273
5079 4805 274 4804 275
5324 5037 287 5032 292
5066 4771 295 4765 301
4980 4712 268 4707 273
5241 4943 298 4936 305
5271 4963 308 4958 313
5209 4929 280 4924 285
5046 4775 271 4770 276
4935 4668 267 4660 275
5208 4929 279 4922 286
5020 4723 297 4715 305
4963 4672 291 4670 293
5449 5143 306 5135 314
5082 4828 254 4822 260
5101 4815 286 4809 292
5368 5080 288 5074 294
5398 5105 293 5098 300
5538 5233 305 5225 313
5630 5311 319 5304 326
5580 5291 289 5287 293
4948 4657 291 4650 298
5483 5156 327 5155 328
5393 5089 304 5085 308
5562 5248 314 5239 323
5819 5506 313 5502 317
5704 5370 334 5365 339
5538 5229 309 5221 317
5517 5170 347 5162 355
5667 5349 318 5344 323
5529 5257 272 5249 280
5479 5134 345 5127 352
5807 5442 365 5436 371
4794 4529 265 4526 268
5452 5175 277 5170 282
5353 5076 277 5066 287
5531 5247 284 5242 289
4828 4567 261 4558 270
5733 5420 313 5412 321
5652 5279 373 5272 380
5836 5550 286 5544 292
5237 4957 280 4951 286
5111 4824 287 4819 292
5785 5454 331 5448 337
5384 5105 279 5096 288
5484 5177 307 5174 310
5414 5101 313 5096 318
5722 5408 314 5403 319
5795 5501 294 5494 301
4666 4425 241 4421 245
5504 5210 294 5203 301
5533 5230 303 5222 311
5123 4848 275 4840 283
5336 5009 327 4998 338
5145 4862 283 4856 289
5517 5207 310 5199 318
5064 4764 300 4760 304
4959 4697 262 4689 270
5855 5490 365 5486 369
5335 5033 302 5027 308
5415 5086 329 5081 334
4940 4676 264 4671 269
5043 4772 271 4764 279
5103 4833 270 4830 273
5167 4877 290 4873 294
5366 5066 300 5062 304
5005 4737 268 4731 274
5349 5066 283 5061 288
5891 5552 339 5545 346
5123 4831 292 4827 296
5630 5320 310 5306 324
5565 5276 289 5269 296
5616 5287 329 5280 336
5154 4886 268 4878 276
5389 5087 302 5081 308
5562 5215 347 5207 355
4829 4570 259 4564 265
5005 4732 273 4725 280
5022 4737 285 4728 294
5496 5148 348 5142 354
5633 5326 307 5319 314
5403 5086 317 5074 329
5295 5014 281 5010 285
5367 5047 320 5038 329
5037 4749 288 4742 295
4992 4700 292 4694 298
5242 4956 286 4953 289
5511 5202 309 5197 314
5287 5018 269 5010 277
5017 4775 242 4771 246
5063 4779 284 4767 296
5499 5200 299 5190 309
5345 5047 298 5044 301
5186 4872 314 4869 317
5273 4963 310 4955 318
5382 5081 301 5077 305
5441 5132 309 5131 310
5180 4875 305 4869 311
5121 4872 249 4868 253
4714 4445 269 4443 271
5082 4810 272 4806 276
5167 4874 293 4865 302
5566 5241 325 5233 333
5169 4905 264 4901 268
5435 5122 313 5116 319
4910 4645 265 4642 268
5708 5377 331 5370 338
5857 5530 327 5524 333
5592 5289 303 5285 307
5012 4724 288 4718 294
4998 4717 281 4711 287
5397 5099 298 5090 307
5376 5065 311 5056 320
4932 4686 246 4679 253
5392 5094 298 5088 304
5370 5072 298 5068 302
5166 4853 313 4846 320
4873 4598 275 4593 280
5214 4915 299 4908 306
5211 4906 305 4901 310
5180 4874 306 4869 311
5061 4786 275 4779 282
5242 4974 268 4966 276
4780 4516 264 4507 273
5322 5023 299 5019 303
5184 4897 287 4894 290
5232 4951 281 4944 288
5290 4988 302 4978 312
5001 4745 256 4738 263
5311 5034 277 5024 287
5126 4861 265 4856 270
5340 5045 295 5043 297
5124 4846 278 4841 283
5070 4799 271 4793 277
5324 5029 295 5021 303
5280 4995 285 4991 289
5598 5332 266 5328 270
5150 4866 284 4865 285
5032 4748 284 4737 295
5175 4869 306 4862 313
5219 4936 283 4932 287
4939 4672 267 4665 274
5381 5092 289 5086 295
5351 5053 298 5045 306
5395 5075 320 5064 331
5159 4891 268 4885 274
5110 4800 310 4796 314
5503 5193 310 5188 315
5551 5242 309 5237 314
5373 5084 289 5079 294
5512 5175 337 5169 343
5475 5155 320 5149 326
5154 4892 262 4884 270
5276 4977 299 4968 308
5755 5413 342 5404 351
5379 5070 309 5063 316
5245 4957 288 4954 291
4786 4513 273 4506 280
5397 5128 269 5118 279
5654 5352 302 5340 314
5132 4831 301 4826 306
5155 4871 284 4862 293
5333 5057 276 5050 283
5336 5032 304 5026 310
5416 5108 308 5100 316
5006 4730 276 4724 282
5101 4819 282 4813 288
5316 5000 316 4994 322
5331 5009 322 5000 331
5131 4880 251 4873 258
5193 4903 290 4894 299
5305 5025 280 5023 282
5642 5301 341 5297 345
5025 4755 270 4748 277
4945 4670 275 4660 285
5200 4935 265 4925 275
5339 5059 280 5054 285
5320 5004 316 5002 318
5159 4890 269 4885 274
4827 4574 253 4573 254
5726 5410 316 5403 323
5345 5030 315 5025 320
4906 4631 275 4624 282
4535 4275 260 4273 262
5057 4779 278 4774 283
5250 4941 309 4933 317
5446 5141 305 5137 309
4837 4578 259 4575 262
5086 4815 271 4807 279
5425 5096 329 5093 332
5162 4887 275 4879 283
5206 4910 296 4902 304
5063 4797 266 4796 267
5103 4822 281 4814 289
5105 4813 292 4810 295
5248 4938 310 4933 315
4922 4649 273 4645 277
5321 5038 283 5033 288
4983 4717 266 4713 270
5302 5000 302 4994 308
5042 4753 289 4749 293
5306 5032 274 5025 281
5043 4757 286 4746 297
5561 5243 318 5238 323
5242 4951 291 4945 297
4957 4695 262 4694 263
5158 4911 247 4905 253
4815 4568 247 4565 250
5112 4815 297 4807 305
5259 4951 308 4948 311
5386 5099 287 5092 294
4930 4673 257 4668 262
5235 4942 293 4938 297
5474 5148 326 5142 332
5298 5004 294 4997 301
5563 5269 294 5258 305
5098 4811 287 4808 290
4838 4586 252 4580 258
5156 4853 303 4845 311
5350 5079 271 5072 278
5015 4738 277 4733 282
5428 5136 292 5133 295
4982 4693 289 4686 296
5297 5024 273 5018 279
5419 5111 308 5106 313
5076 4807 269 4801 275
5045 4738 307 4733 312
5403 5094 309 5090 313
4956 4665 291 4658 298
5140 4858 282 4852 288
5014 4761 253 4759 255
5433 5128 305 5126 307
5129 4836 293 4833 296
5319 5000 319 4996 323
5404 5100 304 5095 309
5280 4953 327 4949 331
5600 5255 345 5248 352
5272 4983 289 4977 295
5465 5181 284 5176 289
4659 4409 250 4405 254
5002 4727 275 4723 279
5337 5055 282 5047 290
4756 4497 259 4492 264
5279 4989 290 4982 297
5045 4763 282 4757 288
4917 4654 263 4646 271
4867 4595 272 4591 276
5144 4852 292 4844 300
4885 4605 280 4602 283
5329 5042 287 5032 297
5088 4769 319 4762 326
5029 4754 275 4751 278
4994 4739 255 4733 261
5226 4959 267 4951 275
5267 4995 272 4988 279
5246 4935 311 4925 321
5162 4854 308 4847 315
4995 4723 272 4714 281
5076 4792 284 4783 293
4926 4651 275 4645 281
5277 4995 282 4990 287
4950 4687 263 4679 271
4951 4643 308 4637 314
5203 4885 318 4883 320
5567 5251 316 5248 319
5266 4977 289 4971 295
5557 5247 310 5239 318
5518 5189 329 5186 332
5307 5023 284 5015 292
5165 4866 299 4859 306
5147 4859 288 4856 291
5298 5041 257 5037 261
5089 4813 276 4808 281
4762 4527 235 4520 242
5364 5069 295 5063 301
4887 4640 247 4636 251
5358 5084 274 5079 279
5231 4924 307 4918 313
5357 5051 306 5045 312
5041 4754 287 4750 291
5247 4979 268 4973 274
5483 5210 273 5207 276
4949 4642 307 4637 312
5128 4818 310 4811 317
5310 5010 300 5008 302
4860 4591 269 4581 279
5293 4981 312 4972 321
4988 4714 274 4710 278
5261 4971 290 4966 295
5319 5003 316 4994 325
5064 4787 277 4784 280
4901 4607 294 4604 297
4975 4700 275 4696 279
4852 4565 287 4563 289
5354 5061 293 5053 301
5503 5184 319 5180 323
5281 4969 312 4960 321
5095 4813 282 4803 292
5022 4715 307 4711 311
5000 4694 306 4690 310
4836 4577 259 4573 263
5018 4742 276 4737 281
4974 4685 289 4680 294
5428 5147 281 5138 290
5007 4734 273 4730 277
4820 4526 294 4521 299
5147 4868 279 4862 285
5302 4994 308 4986 316
5277 4980 297 4977 300
5545 5247 298 5238 307
4972 4676 296 4672 300
5350 5054 296 5046 304
4886 4633 253 4627 259
5343 5067 276 5062 281
4823 4570 253 4567 256
5266 4966 300 4961 305
5139 4869 270 4864 275
5183 4925 258 4921 262
4990 4666 324 4660 330
5199 4921 278 4914 285
5214 4907 307 4896 318
5165 4890 275 4882 283
5644 5324 320 5318 326
5101 4813 288 4806 295
5876 5548 328 5544 332
4958 4673 285 4666 292
5192 4913 279 4908 284
4439 4193 246 4187 252
5146 4862 284 4857 289
5172 4915 257 4909 263
5199 4912 287 4906 293
5243 4964 279 4953 290
5056 4784 272 4777 279
5292 5011 281 5005 287
4911 4628 283 4625 286
5554 5241 313 5235 319
5148 4845 303 4841 307
4955 4663 292 4658 297
5199 4923 276 4917 282
5268 4965 303 4954 314
5039 4764 275 4757 282
5342 5032 310 5029 313
4745 4462 283 4456 289
4663 4414 249 4407 256
5088 4799 289 4793 295
4774 4509 265 4501 273
5007 4776 231 4774 233
5146 4857 289 4849 297
5129 4846 283 4842 287
5303 5012 291 5011 292
5453 5149 304 5140 313
5086 4823 263 4819 267
5176 4859 317 4853 323
5347 5037 310 5031 316
5139 4887 252 4884 255
5065 4755 310 4751 314
4848 4594 254 4588 260
5270 4959 311 4954 316
5067 4811 256 4803 264
5041 4758 283 4748 293
4860 4596 264 4593 267
5484 5179 305 5173 311
5153 4850 303 4847 306
5391 5108 283 5098 293
5303 5020 283 5015 288
4621 4363 258 4357 264
5063 4779 284 4773 290
5206 4915 291 4911 295
5788 5498 290 5495 293
5180 4908 272 4900 280
4638 4378 260 4375 263
4928 4637 291 4636 292
4999 4730 269 4727 272
5005 4754 251 4746 259
5223 4922 301 4908 315
5117 4822 295 4815 302
5068 4789 279 4782 286
5182 4859 323 4854 328
4951 4660 291 4658 293
5440 5110 330 5104 336
4822 4551 271 4547 275
4832 4559 273 4554 278
5632 5328 304 5323 309
5208 4924 284 4918 290
4971 4706 265 4700 271
5088 4762 326 4756 332
5201 4950 251 4941 260
5443 5129 314 5123 320
5529 5213 316 5207 322
5429 5107 322 5102 327
5711 5380 331 5372 339
5373 5061 312 5054 319
5349 5031 318 5021 328
4928 4646 282 4641 287
5287 4985 302 4976 311
5181 4900 281 4896 285
5262 4949 313 4946 316
5306 4997 309 4993 313
5388 5066 322 5060 328
5294 5011 283 5001 293
5186 4902 284 4891 295
5122 4865 257 4862 260
5086 4833 253 4825 261
4801 4553 248 4549 252
5058 4801 257 4796 262
4832 4558 274 4555 277
5121 4815 306 4807 314
4962 4659 303 4655 307
5040 4780 260 4777 263
4740 4470 270 4465 275
5121 4848 273 4842 279
5280 4974 306 4969 311
5001 4736 265 4731 270
5257 4965 292 4960 297
5110 4839 271 4837 273
5556 5212 344 5207 349
4997 4734 263 4726 271
5351 5062 289 5055 296
5120 4809 311 4801 319
5134 4814 320 4806 328
4884 4605 279 4603 281
5094 4804 290 4798 296
5143 4876 267 4872 271
4852 4572 280 4567 285
5321 5039 282 5030 291
5286 4991 295 4982 304
5158 4886 272 4884 274
5071 4767 304 4751 320
5297 4992 305 4982 315
5265 4964 301 4960 305
5102 4819 283 4817 285
4985 4700 285 4698 287
4985 4714 271 4706 279
5558 5255 303 5250 308
5298 5018 280 5013 285
5012 4736 276 4730 282
5381 5072 309 5067 314
5184 4911 273 4905 279
4944 4660 284 4654 290
5111 4847 264 4840 271
4921 4667 254 4661 260
4984 4692 292 4687 297
5250 4958 292 4949 301
5305 5008 297 5002 303
5387 5062 325 5055 332
5010 4716 294 4711 299
5169 4872 297 4866 303
5228 4926 302 4920 308
5155 4866 289 4862 293
5370 5063 307 5058 312
4793 4502 291 4498 295
4840 4580 260 4577 263
5042 4771 271 4769 273
5481 5176 305 5173 308
5222 4910 312 4903 319
4941 4668 273 4663 278
5135 4862 273 4856 279
5243 4938 305 4934 309
5172 4881 291 4880 292
5590 5277 313 5271 319
5435 5136 299 5129 306
5198 4900 298 4894 304
5437 5106 331 5099 338
5353 5056 297 5056 297
5204 4914 290 4909 295
5085 4806 279 4799 286
5270 4974 296 4964 306
5088 4761 327 4757 331
5271 4956 315 4951 320
5435 5148 287 5143 292
5214 4910 304 4903 311
5193 4910 283 4907 286
5584 5275 309 5274 310
5412 5128 284 5122 290
5051 4778 273 4771 280
5024 4752 272 4745 279
4994 4738 256 4729 265
5312 5028 284 5018 294
4983 4708 275 4705 278
5172 4868 304 4862 310
5208 4907 301 4900 308
4915 4642 273 4636 279
4942 4686 256 4678 264
5361 5065 296 5060 301
5236 4943 293 4941 295
4824 4552 272 4550 274
5306 5028 278 5020 286
5099 4826 273 4820 279
4946 4691 255 4682 264
5481 5150 331 5141 340
5326 5045 281 5034 292
5494 5146 348 5138 356
4944 4664 280 4654 290
4895 4618 277 4614 281
4763 4517 246 4517 246
5369 5069 300 5061 308
4704 4443 261 4440 264
5181 4880 301 4877 304
5076 4797 279 4794 282
5255 4962 293 4957 298
4985 4690 295 4687 298
4969 4691 278 4681 288
5031 4751 280 4747 284
4676 4432 244 4426 250
4819 4548 271 4538 281
5200 4925 275 4920 280
4849 4609 240 4605 244
5144 4851 293 4845 299
5353 5058 295 5053 300
5040 4749 291 4744 296
5152 4888 264 4879 273
5282 4979 303 4972 310
4757 4484 273 4481 276
4802 4542 260 4538 264
4693 4397 296 4393 300
5182 4909 273 4901 281
5268 4976 292 4969 299
5047 4745 302 4740 307
5378 5061 317 5054 324
5240 4952 288 4948 292
4979 4696 283 4686 293
5428 5129 299 5123 305
4886 4632 254 4630 256
4913 4635 278 4627 286
5074 4782 292 4776 298
5079 4785 294 4780 299
4865 4606 259 4602 263
5045 4766 279 4761 284
5078 4820 258 4813 265
5190 4905 285 4900 290
5255 4971 284 4968 287
5359 5068 291 5061 298
4935 4660 275 4654 281
5267 4981 286 4974 293
5197 4871 326 4865 332
5202 4937 265 4931 271
5012 4759 253 4753 259
4995 4695 300 4690 305
5168 4894 274 4888 280
5522 5244 278 5240 282
4969 4663 306 4661 308
5151 4870 281 4864 287
5241 4953 288 4944 297
4825 4533 292 4525 300
4994 4673 321 4660 334
4990 4696 294 4689 301
5274 4964 310 4956 318
4931 4671 260 4665 266
4935 4659 276 4654 281
4772 4497 275 4488 284
4925 4630 295 4627 298
4670 4395 275 4390 280
5153 4852 301 4845 308
5221 4950 271 4933 288
5362 5022 340 5016 346
5194 4934 260 4926 268
5000 4700 300 4695 305
5263 4944 319 4940 323
4906 4646 260 4641 265
5572 5254 318 5250 322
5172 4875 297 4873 299
4835 4570 265 4566 269
5028 4742 286 4738 290
5590 5268 322 5258 332
5029 4726 303 4722 307
4694 4457 237 4449 245
4853 4588 265 4584 269
4909 4617 292 4613 296
4947 4639 308 4635 312
5260 4969 291 4963 297
4927 4640 287 4634 293
5000 4731 269 4723 277
4949 4668 281 4663 286
5147 4863 284 4858 289
5616 5331 285 5326 290
5057 4769 288 4766 291
5120 4842 278 4838 282
5276 4977 299 4969 307
4559 4299 260 4288 271
5137 4878 259 4876 261
4981 4669 312 4664 317
4832 4558 274 4554 278
5376 5091 285 5079 297
4961 4659 302 4654 307
5271 4970 301 4962 309
4934 4651 283 4642 292
5012 4726 286 4718 294
4948 4650 298 4642 306
5126 4843 283 4838 288
5111 4817 294 4811 300
5241 4961 280 4955 286
4766 4518 248 4514 252
5120 4848 272 4842 278
5039 4771 268 4767 272
5588 5295 293 5290 298
5244 4951 293 4950 294
5887 5561 326 5552 335
5425 5111 314 5107 318
5522 5217 305 5212 310
5284 4989 295 4985 299
5171 4870 301 4866 305
5099 4776 323 4771 328
5346 5066 280 5063 283
5019 4727 292 4719 300
5809 5469 340 5461 348
4782 4549 233 4538 244
5014 4739 275 4733 281
5069 4795 274 4790 279
5157 4901 256 4893 264
5440 5159 281 5149 291
4781 4507 274 4498 283
4655 4381 274 4376 279
5328 5032 296 5023 305
4874 4577 297 4572 302
5152 4849 303 4844 308
5346 5062 284 5059 287
5338 5043 295 5037 301
5241 4967 274 4961 280
4948 4678 270 4676 272
5264 4981 283 4976 288
5453 5176 277 5170 283
5057 4765 292 4755 302
5092 4806 286 4803 289
5269 4985 284 4977 292
5270 4981 289 4974 296
5411 5122 289 5114 297
5086 4822 264 4819 267
5149 4839 310 4833 316
4745 4479 266 4468 277
5985 5633 352 5625 360
5413 5118 295 5111 302
5417 5095 322 5090 327
4972 4713 259 4705 267
4975 4704 271 4697 278
4884 4601 283 4592 292
5416 5137 279 5127 289
5027 4735 292 4730 297
5202 4926 276 4919 283
4754 4461 293 4456 298
5130 4859 271 4850 280
5334 5048 286 5039 295
4697 4433 264 4424 273
5157 4865 292 4855 302
5230 4952 278 4950 280
5090 4809 281 4804 286
5091 4808 283 4801 290
5103 4845 258 4837 266
5173 4900 273 4887 286
5657 5349 308 5339 318
4976 4695 281 4690 286
5262 4995 267 4986 276
5445 5173 272 5169 276
5031 4760 271 4756 275
5382 5070 312 5064 318
5180 4928 252 4917 263
5374 5068 306 5067 307
5233 4944 289 4936 297
5430 5123 307 5113 317
5370 5057 313 5055 315
5185 4904 281 4900 285
5078 4815 263 4808 270
5895 5575 320 5567 328
4942 4653 289 4646 296
5171 4904 267 4899 272
5055 4784 271 4777 278
5097 4834 263 4828 269
5019 4758 261 4754 265
4893 4607 286 4601 292
4784 4506 278 4500 284
5716 5391 325 5386 330
4941 4628 313 4620 321
5485 5196 289 5190 295
5122 4842 280 4836 286
5133 4880 253 4873 260
5302 5000 302 4994 308
5457 5158 299 5152 305
4868 4594 274 4593 275
4901 4626 275 4625 276
5321 5031 290 5028 293
5169 4885 284 4884 285
5400 5098 302 5094 306
5002 4741 261 4733 269
5010 4734 276 4727 283
5356 5058 298 5053 303
4868 4584 284 4577 291
5170 4874 296 4868 302
4704 4447 257 4444 260
5140 4850 290 4844 296
5384 5082 302 5074 310
5145 4819 326 4815 330
5130 4855 275 4848 282
5186 4906 280 4900 286
4748 4463 285 4457 291
4757 4481 276 4472 285
5392 5087 305 5080 312
4942 4671 271 4664 278
5160 4866 294 4857 303
4809 4542 267 4536 273
4979 4710 269 4705 274
5078 4748 330 4744 334
5103 4813 290 4807 296
5224 4947 277 4943 281
5182 4907 275 4898 284
5247 4971 276 4965 282
5227 4919 308 4911 316
5107 4813 294 4801 306
5405 5098 307 5092 313
5695 5380 315 5376 319
4995 4727 268 4721 274
4998 4718 280 4715 283
4985 4709 276 4701 284
5194 4906 288 4896 298
4855 4578 277 4570 285
5506 5159 347 5152 354
5371 5084 287 5079 292
5525 5223 302 5218 307
5236 4903 333 4897 339
5263 4992 271 4987 276
5022 4768 254 4764 258
5265 4956 309 4948 317
5084 4790 294 4784 300
4918 4634 284 4628 290
5130 4820 310 4811 319
5457 5171 286 5161 296
5106 4828 278 4825 281
5622 5320 302 5313 309
5198 4901 297 4896 302
5293 4977 316 4973 320
5141 4847 294 4841 300
5091 4793 298 4787 304
5452 5135 317 5127 325
5201 4905 296 4901 300
5312 5042 270 5035 277
4928 4688 240 4682 246
5205 4936 269 4927 278
4619 4358 261 4354 265
5591 5278 313 5274 317
4831 4538 293 4534 297
4978 4702 276 4695 283
4905 4636 269 4630 275
5114 4827 287 4823 291
5002 4759 243 4757 245
5109 4843 266 4837 272
5169 4867 302 4861 308
5119 4849 270 4844 275
5135 4841 294 4836 299
5264 4983 281 4979 285
5225 4937 288 4930 295
5150 4843 307 4838 312
4946 4680 266 4669 277
5398 5107 291 5105 293
5212 4917 295 4910 302
5235 4961 274 4955 280
5363 5031 332 5022 341
5160 4874 286 4867 293
5280 4984 296 4979 301
5291 4951 340 4943 348
5080 4778 302 4772 308
4887 4621 266 4619 268
5294 5005 289 5000 294
5509 5203 306 5199 310
5564 5269 295 5259 305
4962 4667 295 4662 300
5241 4952 289 4947 294
5267 4980 287 4971 296
5098 4812 286 4809 289
5282 4952 330 4946 336
5464 5176 288 5171 293
5047 4758 289 4754 293
5420 5168 252 5162 258
4957 4677 280 4668 289
5152 4851 301 4847 305
5188 4912 276 4908 280
5237 4959 278 4955 282
5389 5104 285 5096 293
5908 5575 333 5567 341
5171 4869 302 4859 312
4881 4601 280 4598 283
5453 5161 292 5157 296
5112 4803 309 4800 312
5059 4783 276 4779 280
4751 4474 277 4474 277
5478 5169 309 5163 315
4925 4620 305 4619 306
5159 4878 281 4873 286
4662 4395 267 4393 269
5066 4810 256 4804 262
4995 4717 278 4709 286
5392 5068 324 5064 328
4965 4690 275 4688 277
5198 4900 298 4892 306
5320 5009 311 4997 323
5095 4831 264 4826 269
5316 5024 292 5020 296
5175 4887 288 4882 293
5286 4993 293 4991 295
5089 4803 286 4799 290
5065 4768 297 4763 302
5381 5052 329 5042 339
5081 4771 310 4762 319
5412 5117 295 5109 303
5320 5010 310 5004 316
5202 4876 326 4870 332
5178 4861 317 4857 321
5121 4838 283 4831 290
4930 4671 259 4668 262
5388 5093 295 5086 302
5680 5389 291 5384 296
5425 5151 274 5146 279
5088 4771 317 4766 322
4794 4514 280 4509 285
5484 5154 330 5146 338
5093 4771 322 4763 330
5221 4939 282 4936 285
5513 5199 314 5197 316
5049 4790 259 4787 262
4815 4540 275 4532 283
5821 5487 334 5478 343
5173 4857 316 4852 321
4917 4672 245 4666 251
5373 5068 305 5061 312
5526 5197 329 5192 334
5675 5396 279 5391 284
5248 4960 288 4952 296
5466 5166 300 5159 307
5168 4905 263 4900 268
5180 4913 267 4907 273
5023 4743 280 4733 290
5231 4944 287 4940 291
4976 4685 291 4681 295
5055 4744 311 4738 317
5168 4876 292 4867 301
5309 4987 322 4981 328
5220 4931 289 4925 295
4865 4575 290 4573 292
5231 4926 305 4925 306
5111 4830 281 4825 286
5408 5055 353 5046 362
5044 4765 279 4760 284
5157 4854 303 4848 309
5717 5382 335 5377 340
5102 4790 312 4785 317
5220 4899 321 4890 330
5353 5081 272 5074 279
5120 4855 265 4852 268
5017 4737 280 4729 288
5313 4997 316 4993 320
5173 4899 274 4895 278
5291 4971 320 4965 326
5111 4788 323 4784 327
5314 5004 310 4998 316
5299 5015 284 5008 291
5589 5259 330 5251 338
5049 4752 297 4748 301
5099 4812 287 4807 292
5487 5164 323 5161 326
5073 4785 288 4776 297
5092 4786 306 4782 310
4889 4610 279 4607 282
5358 5072 286 5064 294
5161 4888 273 4884 277
4982 4693 289 4690 292
4950 4656 294 4648 302
5541 5220 321 5213 328
5330 5055 275 5051 279
5197 4891 306 4883 314
4808 4522 286 4517 291
5100 4831 269 4824 276
