5578 1794 3784 119 5459
5442 1753 3689 109 5333
5595 1812 3783 125 5470
5448 1786 3662 119 5329
5562 1718 3844 91 5471
5466 1774 3692 114 5352
5536 1792 3744 118 5418
5408 1762 3646 116 5292
5419 1798 3621 125 5294
5330 1737 3593 120 5210
5340 1722 3618 127 5213
5430 1767 3663 102 5328
5718 1874 3844 108 5610
5811 1947 3864 120 5691
5383 1770 3613 117 5266
5519 1803 3716 94 5425
5451 1752 3699 117 5334
5300 1717 3583 122 5178
5633 1807 3826 120 5513
5333 1755 3578 102 5231
5221 1748 3473 99 5122
5519 1805 3714 119 5400
5610 1792 3818 106 5504
5044 1681 3363 115 4929
5579 1779 3800 116 5463
5613 1789 3824 124 5489
5790 1867 3923 121 5669
5136 1671 3465 105 5031
5131 1669 3462 112 5019
5626 1826 3800 123 5503
5698 1849 3849 126 5572
5684 1823 3861 115 5569
5319 1691 3628 95 5224
5425 1769 3656 115 5310
5316 1736 3580 115 5201
5799 1838 3961 126 5673
5393 1728 3665 100 5293
5256 1705 3551 117 5139
4981 1580 3401 114 4867
5139 1649 3490 111 5028
5323 1759 3564 128 5195
5399 1735 3664 120 5279
5277 1632 3645 109 5168
5590 1803 3787 110 5480
5355 1755 3600 109 5246
5853 1912 3941 119 5734
5252 1721 3531 106 5146
5545 1849 3696 105 5440
5453 1834 3619 117 5336
5520 1806 3714 114 5406
5255 1675 3580 104 5151
5195 1675 3520 102 5093
5207 1679 3528 104 5103
5686 1771 3915 118 5568
5468 1736 3732 109 5359
5366 1758 3608 107 5259
5033 1663 3370 108 4925
5456 1783 3673 113 5343
5177 1707 3470 89 5088
5285 1662 3623 91 5194
5099 1676 3423 96 5003
5120 1689 3431 100 5020
5301 1710 3591 121 5180
5269 1728 3541 115 5154
5135 1686 3449 126 5009
4837 1591 3246 116 4721
5119 1593 3526 88 5031
5166 1699 3467 115 5051
4846 1551 3295 114 4732
5491 1807 3684 133 5358
5221 1722 3499 95 5126
4685 1547 3138 100 4585
4924 1549 3375 78 4846
5166 1607 3559 83 5083
5114 1690 3424 109 5005
5493 1833 3660 108 5385
4966 1646 3320 100 4866
4872 1633 3239 108 4764
5029 1613 3416 96 4933
4847 1500 3347 96 4751
4809 1544 3265 92 4717
4931 1627 3304 117 4814
4973 1650 3323 110 4863
5008 1585 3423 94 4914
5155 1621 3534 128 5027
5478 1739 3739 83 5395
5222 1730 3492 119 5103
4961 1566 3395 115 4846
5420 1800 3620 111 5309
5381 1734 3647 115 5266
5076 1698 3378 114 4962
5177 1682 3495 98 5079
5075 1654 3421 107 4968
5253 1698 3555 117 5136
5151 1666 3485 104 5047
5015 1595 3420 106 4909
5041 1641 3400 106 4935
5185 1735 3450 117 5068
4951 1610 3341 99 4852
5324 1784 3540 110 5214
4974 1605 3369 91 4883
4925 1626 3299 96 4829
4876 1637 3239 117 4759
5090 1697 3393 132 4958
5633 1789 3844 115 5518
4856 1501 3355 82 4774
5134 1640 3494 107 5027
4780 1586 3194 106 4674
5161 1650 3511 107 5054
4994 1603 3391 94 4900
5369 1723 3646 95 5274
5113 1666 3447 124 4989
5288 1767 3521 107 5181
5018 1633 3385 97 4921
5518 1820 3698 123 5395
5431 1772 3659 118 5313
5081 1658 3423 109 4972
5376 1717 3659 113 5263
4724 1546 3178 113 4611
5071 1617 3454 93 4978
4931 1571 3360 93 4838
4915 1591 3324 110 4805
4899 1548 3351 77 4822
5107 1651 3456 97 5010
4982 1652 3330 108 4874
4767 1578 3189 97 4670
5056 1712 3344 121 4935
5229 1692 3537 104 5125
5449 1762 3687 96 5353
5343 1665 3678 91 5252
5158 1665 3493 118 5040
5612 1957 3655 131 5481
5231 1708 3523 122 5109
5079 1649 3430 116 4963
5324 1733 3591 96 5228
5066 1622 3444 110 4956
4980 1631 3349 94 4886
5241 1708 3533 108 5133
5271 1699 3572 118 5153
5209 1679 3530 119 5090
5046 1634 3412 90 4956
4935 1571 3364 81 4854
5208 1660 3548 115 5093
5020 1628 3392 112 4908
4963 1685 3278 97 4866
5449 1806 3643 143 5306
5082 1673 3409 104 4978
5101 1656 3445 96 5005
5368 1676 3692 111 5257
5398 1682 3716 98 5300
5538 1838 3700 118 5420
5630 1765 3865 112 5518
5580 1838 3742 108 5472
4948 1617 3331 109 4839
5483 1749 3734 113 5370
5393 1749 3644 121 5272
5562 1792 3770 120 5442
5819 1878 3941 144 5675
5704 1841 3863 135 5569
5538 1809 3729 103 5435
5517 1792 3725 123 5394
5667 1870 3797 109 5558
5529 1706 3823 97 5432
5479 1754 3725 97 5382
5807 1991 3816 121 5686
4794 1538 3256 90 4704
5452 1779 3673 104 5348
5353 1728 3625 109 5244
5531 1814 3717 101 5430
4828 1593 3235 100 4728
5733 1883 3850 115 5618
5652 1866 3786 120 5532
5836 1879 3957 105 5731
5237 1683 3554 97 5140
5111 1658 3453 98 5013
5785 1885 3900 121 5664
5384 1804 3580 101 5283
5484 1770 3714 117 5367
5414 1708 3706 109 5305
5722 1849 3873 115 5607
5795 1885 3910 113 5682
4666 1530 3136 102 4564
5504 1821 3683 103 5401
5533 1801 3732 105 5428
5123 1630 3493 86 5037
5336 1713 3623 118 5218
5145 1656 3489 115 5030
5517 1769 3748 114 5403
5064 1597 3467 97 4967
4959 1604 3355 116 4843
5855 1911 3944 106 5749
5335 1711 3624 116 5219
5415 1751 3664 85 5330
4940 1586 3354 116 4824
5043 1670 3373 113 4930
5103 1715 3388 119 4984
5167 1698 3469 105 5062
5366 1743 3623 121 5245
5005 1604 3401 112 4893
5349 1737 3612 108 5241
5891 1864 4027 111 5780
5123 1717 3406 108 5015
5630 1860 3770 124 5506
5565 1818 3747 117 5448
5616 1778 3838 103 5513
5154 1618 3536 95 5059
5389 1718 3671 107 5282
5562 1793 3769 108 5454
4829 1592 3237 103 4726
5005 1566 3439 92 4913
5022 1597 3425 94 4928
5496 1797 3699 123 5373
5633 1844 3789 96 5537
5403 1716 3687 125 5278
5295 1710 3585 102 5193
5367 1687 3680 125 5242
5037 1586 3451 99 4938
4992 1684 3308 104 4888
5242 1674 3568 112 5130
5511 1782 3729 101 5410
5287 1676 3611 104 5183
5017 1600 3417 96 4921
5063 1632 3431 103 4960
5499 1720 3779 107 5392
5345 1748 3597 123 5222
5186 1705 3481 105 5081
5273 1756 3517 113 5160
5382 1785 3597 104 5278
5441 1712 3729 120 5321
5180 1674 3506 102 5078
5121 1663 3458 109 5012
4714 1570 3144 103 4611
5082 1634 3448 96 4986
5167 1659 3508 91 5076
5566 1845 3721 94 5472
5169 1650 3519 103 5066
5435 1723 3712 101 5334
4910 1615 3295 102 4808
5708 1848 3860 117 5591
5857 1872 3985 124 5733
5592 1788 3804 116 5476
5012 1639 3373 97 4915
4998 1633 3365 98 4900
5397 1708 3689 99 5298
5376 1780 3596 108 5268
4932 1528 3404 100 4832
5392 1758 3634 111 5281
5370 1730 3640 112 5258
5166 1742 3424 106 5060
4873 1519 3354 95 4778
5214 1698 3516 101 5113
5211 1686 3525 99 5112
5180 1722 3458 106 5074
5061 1603 3458 105 4956
5242 1732 3510 119 5123
4780 1537 3243 97 4683
5322 1710 3612 99 5223
5184 1713 3471 118 5066
5232 1687 3545 115 5117
5290 1748 3542 95 5195
5001 1694 3307 103 4898
5311 1754 3557 104 5207
5126 1612 3514 97 5029
5340 1691 3649 92 5248
5124 1600 3524 99 5025
5070 1656 3414 87 4983
5324 1744 3580 101 5223
5280 1704 3576 110 5170
5598 1765 3833 117 5481
5150 1710 3440 102 5048
5032 1677 3355 114 4918
5175 1611 3564 104 5071
5219 1681 3538 112 5107
4939 1566 3373 103 4836
5381 1758 3623 153 5228
5351 1685 3666 99 5252
5395 1751 3644 126 5269
5159 1674 3485 104 5055
5110 1679 3431 112 4998
5503 1779 3724 109 5394
5551 1865 3686 102 5449
5373 1704 3669 81 5292
5512 1745 3767 119 5393
5475 1778 3697 114 5361
5154 1699 3455 102 5052
5276 1728 3548 113 5163
5755 1802 3953 144 5611
5379 1761 3618 113 5266
5245 1685 3560 116 5129
4786 1581 3205 97 4689
5397 1740 3657 105 5292
5654 1864 3790 119 5535
5132 1679 3453 104 5028
5155 1732 3423 101 5054
5333 1742 3591 97 5236
5336 1742 3594 117 5219
5416 1785 3631 120 5296
5006 1640 3366 109 4897
5101 1620 3481 107 4994
5316 1725 3591 119 5197
5331 1774 3557 112 5219
5131 1657 3474 114 5017
5193 1667 3526 111 5082
5305 1727 3578 117 5188
5642 1801 3841 119 5523
5025 1635 3390 116 4909
4945 1592 3353 101 4844
5200 1692 3508 108 5092
5339 1710 3629 115 5224
5320 1704 3616 104 5216
5159 1725 3434 105 5054
4827 1537 3290 91 4736
5726 1873 3853 130 5596
5345 1759 3586 102 5243
4906 1612 3294 90 4816
4535 1467 3068 91 4444
5057 1678 3379 98 4959
5250 1681 3569 118 5132
5446 1752 3694 126 5320
4837 1648 3189 97 4740
5086 1610 3476 107 4979
5425 1730 3695 107 5318
5162 1713 3449 114 5048
5206 1699 3507 104 5102
5063 1670 3393 123 4940
5103 1632 3471 105 4998
5105 1627 3478 83 5022
5248 1755 3493 111 5137
4922 1593 3329 97 4825
5321 1766 3555 112 5209
4983 1586 3397 92 4891
5302 1724 3578 102 5200
5042 1590 3452 114 4928
5306 1770 3536 128 5178
5043 1585 3458 99 4944
5561 1825 3736 128 5433
5242 1655 3587 119 5123
4957 1648 3309 108 4849
5158 1702 3456 107 5051
4815 1526 3289 107 4708
5112 1654 3458 124 4988
5259 1686 3573 126 5133
5386 1756 3630 110 5276
4930 1551 3379 114 4816
5235 1670 3565 108 5127
5474 1755 3719 116 5358
5298 1730 3568 101 5197
5563 1822 3741 122 5441
5098 1675 3423 97 5001
4838 1568 3270 93 4745
5156 1679 3477 98 5058
5350 1682 3668 106 5244
5015 1636 3379 100 4915
5428 1742 3686 108 5320
4982 1603 3379 95 4887
5297 1705 3592 111 5186
5419 1749 3670 110 5309
5076 1656 3420 109 4967
5045 1613 3432 89 4956
5403 1786 3617 106 5297
4956 1577 3379 98 4858
5140 1692 3448 107 5033
5014 1649 3365 122 4892
5433 1740 3693 101 5332
5129 1608 3521 100 5029
5319 1717 3602 106 5213
5404 1782 3622 120 5284
5280 1720 3560 119 5161
5600 1808 3792 100 5500
5272 1755 3517 111 5161
5465 1707 3758 113 5352
4659 1508 3151 104 4555
5002 1616 3386 115 4887
5337 1735 3602 124 5213
4756 1493 3263 85 4671
5279 1697 3582 122 5157
5045 1657 3388 117 4928
4917 1630 3287 102 4815
4867 1557 3310 90 4777
5144 1689 3455 107 5037
4885 1573 3312 95 4790
5329 1760 3569 117 5212
5088 1628 3460 97 4991
5029 1672 3357 110 4919
4994 1634 3360 114 4880
5226 1668 3558 125 5101
5267 1717 3550 116 5151
5246 1677 3569 124 5122
5162 1658 3504 92 5070
4995 1673 3322 104 4891
5076 1624 3452 90 4986
4926 1553 3373 105 4821
5277 1738 3539 95 5182
4950 1576 3374 91 4859
4951 1603 3348 97 4854
5203 1640 3563 94 5109
5567 1809 3758 113 5454
5266 1705 3561 103 5163
5557 1859 3698 127 5430
5518 1790 3728 122 5396
5307 1734 3573 117 5190
5165 1674 3491 109 5056
5147 1708 3439 101 5046
5298 1732 3566 102 5196
5089 1653 3436 94 4995
4762 1526 3236 101 4661
5364 1765 3599 116 5248
4887 1584 3303 93 4794
5358 1779 3579 115 5243
5231 1703 3528 111 5120
5357 1744 3613 124 5233
5041 1610 3431 93 4948
5247 1697 3550 111 5136
5483 1852 3631 102 5381
4949 1594 3355 106 4843
5128 1722 3406 123 5005
5310 1716 3594 104 5206
4860 1604 3256 103 4757
5293 1715 3578 130 5163
4988 1602 3386 103 4885
5261 1724 3537 118 5143
5319 1696 3623 119 5200
5064 1642 3422 130 4934
4901 1640 3261 103 4798
4975 1572 3403 101 4874
4852 1603 3249 101 4751
5354 1775 3579 109 5245
5503 1765 3738 99 5404
5281 1746 3535 98 5183
5095 1678 3417 105 4990
5022 1638 3384 115 4907
5000 1636 3364 141 4859
4836 1599 3237 107 4729
5018 1586 3432 112 4906
4974 1616 3358 92 4882
5428 1774 3654 108 5320
5007 1639 3368 110 4897
4820 1563 3257 99 4721
5147 1658 3489 91 5056
5302 1716 3586 112 5190
5277 1727 3550 103 5174
5545 1811 3734 108 5437
4972 1597 3375 94 4878
5350 1729 3621 91 5259
4886 1613 3273 111 4775
5343 1720 3623 89 5254
4823 1524 3299 83 4740
5266 1776 3490 104 5162
5139 1653 3486 111 5028
5183 1695 3488 105 5078
4990 1635 3355 101 4889
5199 1699 3500 96 5103
5214 1687 3527 116 5098
5165 1671 3494 104 5061
5644 1904 3740 122 5522
5101 1722 3379 100 5001
5876 1885 3991 127 5749
4958 1574 3384 102 4856
5192 1657 3535 96 5096
4439 1456 2983 98 4341
5146 1588 3558 90 5056
5172 1699 3473 103 5069
5199 1688 3511 109 5090
5243 1737 3506 121 5122
5056 1639 3417 117 4939
5292 1743 3549 105 5187
4911 1636 3275 92 4819
5554 1798 3756 107 5447
5148 1680 3468 98 5050
4955 1637 3318 115 4840
5199 1727 3472 110 5089
5268 1701 3567 118 5150
5039 1612 3427 117 4922
5342 1724 3618 117 5225
4745 1513 3232 90 4655
4663 1515 3148 90 4573
5088 1591 3497 101 4987
4774 1514 3260 110 4664
5007 1602 3405 101 4906
5146 1735 3411 109 5037
5129 1687 3442 104 5025
5303 1784 3519 112 5191
5453 1790 3663 126 5327
5086 1683 3403 100 4986
5176 1752 3424 115 5061
5347 1746 3601 106 5241
5139 1643 3496 102 5037
5065 1648 3417 100 4965
4848 1560 3288 106 4742
5270 1788 3482 99 5171
5067 1697 3370 122 4945
5041 1629 3412 100 4941
4860 1531 3329 90 4770
5484 1776 3708 123 5361
5153 1576 3577 98 5055
5391 1810 3581 109 5282
5303 1692 3611 92 5211
4621 1547 3074 89 4532
5063 1667 3396 95 4968
5206 1665 3541 100 5106
5788 1846 3942 111 5677
5180 1647 3533 102 5078
4638 1546 3092 96 4542
4928 1664 3264 110 4818
4999 1642 3357 106 4893
5005 1623 3382 99 4906
5223 1699 3524 106 5117
5117 1683 3434 106 5011
5068 1632 3436 97 4971
5182 1717 3465 104 5078
4951 1587 3364 114 4837
5440 1828 3612 126 5314
4822 1598 3224 105 4717
4832 1536 3296 88 4744
5632 1820 3812 121 5511
5208 1730 3478 115 5093
4971 1610 3361 103 4868
5088 1669 3419 95 4993
5201 1705 3496 94 5107
5443 1752 3691 117 5326
5529 1847 3682 120 5409
5429 1780 3649 132 5297
5711 1864 3847 124 5587
5373 1774 3599 107 5266
5349 1719 3630 88 5261
4928 1584 3344 103 4825
5287 1744 3543 108 5179
5181 1702 3479 103 5078
5262 1779 3483 101 5161
5306 1731 3575 103 5203
5388 1731 3657 99 5289
5294 1708 3586 118 5176
5186 1731 3455 116 5070
5122 1690 3432 119 5003
5086 1680 3406 111 4975
4801 1515 3286 97 4704
5058 1699 3359 114 4944
4832 1547 3285 97 4735
5121 1671 3450 97 5024
4962 1620 3342 97 4865
5040 1637 3403 100 4940
4740 1552 3188 97 4643
5121 1730 3391 122 4999
5280 1697 3583 111 5169
5001 1625 3376 123 4878
5257 1753 3504 116 5141
5110 1708 3402 107 5003
5556 1786 3770 109 5447
4997 1627 3370 89 4908
5351 1741 3610 115 5236
5120 1628 3492 96 5024
5134 1701 3433 95 5039
4884 1642 3242 101 4783
5094 1674 3420 119 4975
5143 1699 3444 98 5045
4852 1604 3248 99 4753
5321 1789 3532 115 5206
5286 1739 3547 124 5162
5158 1686 3472 97 5061
5071 1634 3437 89 4982
5297 1749 3548 118 5179
5265 1685 3580 122 5143
5102 1722 3380 120 4982
4985 1614 3371 91 4894
4985 1585 3400 104 4881
5558 1883 3675 133 5425
5298 1752 3546 102 5196
5012 1640 3372 102 4910
5381 1803 3578 122 5259
5184 1741 3443 112 5072
4944 1620 3324 103 4841
5111 1730 3381 114 4997
4921 1625 3296 111 4810
4984 1621 3363 128 4856
5250 1684 3566 128 5122
5305 1716 3589 128 5177
5387 1724 3663 116 5271
5010 1534 3476 97 4913
5169 1644 3525 100 5069
5228 1690 3538 88 5140
5155 1611 3544 108 5047
5370 1752 3618 106 5264
4793 1502 3291 94 4699
4840 1583 3257 72 4768
5042 1680 3362 99 4943
5481 1770 3711 100 5381
5222 1683 3539 95 5127
4941 1648 3293 106 4835
5135 1669 3466 104 5031
5243 1713 3530 105 5138
5172 1660 3512 111 5061
5590 1815 3775 114 5476
5435 1756 3679 128 5307
5198 1672 3526 114 5084
5437 1711 3726 113 5324
5353 1738 3615 114 5239
5204 1713 3491 110 5094
5085 1667 3418 121 4964
5270 1664 3606 104 5166
5088 1683 3405 110 4978
5271 1713 3558 104 5167
5435 1744 3691 119 5316
5214 1730 3484 105 5109
5193 1665 3528 79 5114
5584 1765 3819 125 5459
5412 1803 3609 116 5296
5051 1634 3417 115 4936
5024 1702 3322 112 4912
4994 1611 3383 96 4898
5312 1749 3563 104 5208
4983 1655 3328 102 4881
5172 1666 3506 105 5067
5208 1695 3513 106 5102
4915 1574 3341 99 4816
4942 1606 3336 96 4846
5361 1710 3651 99 5262
5236 1691 3545 100 5136
4824 1485 3339 88 4736
5306 1722 3584 102 5204
5099 1663 3436 117 4982
4946 1590 3356 103 4843
5481 1776 3705 110 5371
5326 1737 3589 95 5231
5494 1807 3687 120 5374
4944 1621 3323 99 4845
4895 1596 3299 90 4805
4763 1551 3212 100 4663
5369 1788 3581 132 5237
4704 1479 3225 79 4625
5181 1750 3431 95 5086
5076 1716 3360 113 4963
5255 1673 3582 108 5147
4985 1654 3331 98 4887
4969 1640 3329 103 4866
5031 1600 3431 98 4933
4676 1560 3116 112 4564
4819 1596 3223 106 4713
5200 1719 3481 109 5091
4849 1526 3323 98 4751
5144 1667 3477 110 5034
5353 1788 3565 99 5254
5040 1635 3405 102 4938
5152 1719 3433 95 5057
5282 1690 3592 124 5158
4757 1496 3261 99 4658
4802 1493 3309 98 4704
4693 1526 3167 89 4604
5182 1618 3564 93 5089
5268 1724 3544 114 5154
5047 1627 3420 97 4950
5378 1752 3626 105 5273
5240 1708 3532 105 5135
4979 1568 3411 109 4870
5428 1704 3724 93 5335
4886 1618 3268 104 4782
4913 1657 3256 117 4796
5074 1579 3495 113 4961
5079 1653 3426 107 4972
4865 1604 3261 102 4763
5045 1655 3390 103 4942
5078 1616 3462 116 4962
5190 1687 3503 104 5086
5255 1697 3558 126 5129
5359 1752 3607 102 5257
4935 1694 3241 120 4815
5267 1756 3511 96 5171
5197 1732 3465 103 5094
5202 1727 3475 118 5084
5012 1656 3356 91 4921
4995 1606 3389 95 4900
5168 1681 3487 116 5052
5522 1795 3727 113 5409
4969 1647 3322 114 4855
5151 1685 3466 118 5033
5241 1706 3535 118 5123
4825 1556 3269 100 4725
4994 1582 3412 103 4891
4990 1579 3411 86 4904
5274 1710 3564 105 5169
4931 1587 3344 107 4824
4935 1638 3297 107 4828
4772 1561 3211 84 4688
4925 1593 3332 101 4824
4670 1493 3177 100 4570
5153 1690 3463 111 5042
5221 1702 3519 100 5121
5362 1747 3615 107 5255
5194 1749 3445 107 5087
5000 1588 3412 107 4893
5263 1755 3508 127 5136
4906 1553 3353 113 4793
5572 1798 3774 96 5476
5172 1646 3526 114 5058
4835 1534 3301 114 4721
5028 1614 3414 108 4920
5590 1848 3742 110 5480
5029 1618 3411 92 4937
4694 1563 3131 95 4599
4853 1570 3283 110 4743
4909 1625 3284 108 4801
4947 1600 3347 108 4839
5260 1674 3586 91 5169
4927 1578 3349 118 4809
5000 1602 3398 108 4892
4949 1566 3383 83 4866
5147 1671 3476 127 5020
5616 1832 3784 95 5521
5057 1608 3449 109 4948
5120 1683 3437 112 5008
5276 1640 3636 99 5177
4559 1473 3086 100 4459
5137 1742 3395 119 5018
4981 1612 3369 102 4879
4832 1544 3288 88 4744
5376 1739 3637 113 5263
4961 1617 3344 111 4850
5271 1749 3522 97 5174
4934 1626 3308 91 4843
5012 1692 3320 123 4889
4948 1599 3349 105 4843
5126 1703 3423 117 5009
5111 1690 3421 108 5003
5241 1700 3541 96 5145
4766 1524 3242 111 4655
5120 1670 3450 121 4999
5039 1678 3361 94 4945
5588 1774 3814 123 5465
5244 1685 3559 107 5137
5887 1917 3970 126 5761
5425 1694 3731 116 5309
5522 1796 3726 110 5412
5284 1656 3628 115 5169
5171 1694 3477 117 5054
5099 1629 3470 114 4985
5346 1762 3584 116 5230
5019 1644 3375 110 4909
5809 1935 3874 116 5693
4782 1562 3220 100 4682
5014 1609 3405 103 4911
5069 1631 3438 90 4979
5157 1679 3478 115 5042
5440 1784 3656 128 5312
4781 1551 3230 104 4677
4655 1554 3101 99 4556
5328 1744 3584 112 5216
4874 1620 3254 104 4770
5152 1703 3449 110 5042
5346 1713 3633 107 5239
5338 1761 3577 121 5217
5241 1701 3540 113 5128
4948 1656 3292 92 4856
5264 1704 3560 100 5164
5453 1725 3728 118 5335
5057 1681 3376 127 4930
5092 1627 3465 87 5005
5269 1746 3523 103 5166
5270 1712 3558 94 5176
5411 1744 3667 97 5314
5086 1690 3396 120 4966
5149 1690 3459 105 5044
4745 1527 3218 117 4628
5985 1916 4069 127 5858
5413 1827 3586 120 5293
5417 1795 3622 94 5323
4972 1683 3289 99 4873
4975 1615 3360 115 4860
4884 1547 3337 97 4787
5416 1753 3663 121 5295
5027 1603 3424 109 4918
5202 1691 3511 91 5111
4754 1537 3217 88 4666
5130 1685 3445 91 5039
5334 1738 3596 124 5210
4697 1522 3175 98 4599
5157 1608 3549 117 5040
5230 1737 3493 107 5123
5090 1700 3390 102 4988
5091 1693 3398 112 4979
5103 1597 3506 112 4991
5173 1678 3495 115 5058
5657 1867 3790 126 5531
4976 1601 3375 113 4863
5262 1761 3501 119 5143
5445 1769 3676 116 5329
5031 1637 3394 103 4928
5382 1717 3665 95 5287
5180 1740 3440 114 5066
5374 1727 3647 95 5279
5233 1721 3512 119 5114
5430 1833 3597 111 5319
5370 1730 3640 100 5270
5185 1719 3466 91 5094
5078 1666 3412 112 4966
5895 1924 3971 127 5768
4942 1650 3292 126 4816
5171 1697 3474 110 5061
5055 1602 3453 100 4955
5097 1611 3486 107 4990
5019 1592 3427 115 4904
4893 1634 3259 107 4786
4784 1555 3229 106 4678
5716 1848 3868 120 5596
4941 1580 3361 97 4844
5485 1783 3702 106 5379
5122 1703 3419 113 5009
5133 1695 3438 110 5023
5302 1749 3553 103 5199
5457 1792 3665 108 5349
4868 1527 3341 112 4756
4901 1601 3300 111 4790
5321 1741 3580 119 5202
5169 1693 3476 108 5061
5400 1730 3670 112 5288
5002 1633 3369 102 4900
5010 1615 3395 106 4904
5356 1750 3606 115 5241
4868 1556 3312 113 4755
5170 1670 3500 105 5065
4704 1498 3206 95 4609
5140 1641 3499 112 5028
5384 1730 3654 132 5252
5145 1643 3502 107 5038
5130 1675 3455 102 5028
5186 1658 3528 103 5083
4748 1586 3162 88 4660
4757 1511 3246 85 4672
5392 1720 3672 102 5290
4942 1617 3325 107 4835
5160 1610 3550 98 5062
4809 1600 3209 111 4698
4979 1686 3293 104 4875
5078 1621 3457 109 4969
5103 1665 3438 97 5006
5224 1699 3525 98 5126
5182 1650 3532 106 5076
5247 1706 3541 109 5138
5227 1739 3488 98 5129
5107 1656 3451 105 5002
5405 1725 3680 122 5283
5695 1835 3860 125 5570
4995 1599 3396 115 4880
4998 1628 3370 116 4882
4985 1658 3327 117 4868
5194 1703 3491 105 5089
4855 1572 3283 108 4747
5506 1742 3764 110 5396
5371 1717 3654 116 5255
5525 1832 3693 145 5380
5236 1688 3548 113 5123
5263 1730 3533 126 5137
5022 1610 3412 106 4916
5265 1731 3534 101 5164
5084 1674 3410 100 4984
4918 1590 3328 86 4832
5130 1650 3480 99 5031
5457 1771 3686 118 5339
5106 1660 3446 118 4988
5622 1827 3795 112 5510
5198 1684 3514 118 5080
5293 1740 3553 104 5189
5141 1648 3493 116 5025
5091 1668 3423 135 4956
5452 1802 3650 112 5340
5201 1740 3461 97 5104
5312 1751 3561 124 5188
4928 1670 3258 118 4810
5205 1729 3476 126 5079
4619 1509 3110 88 4531
5591 1762 3829 100 5491
4831 1687 3144 111 4720
4978 1643 3335 104 4874
4905 1607 3298 105 4800
5114 1682 3432 88 5026
5002 1660 3342 97 4905
5109 1651 3458 100 5009
5169 1737 3432 91 5078
5119 1683 3436 126 4993
5135 1675 3460 95 5040
5264 1719 3545 98 5166
5225 1633 3592 112 5113
5150 1649 3501 103 5047
4946 1579 3367 101 4845
5398 1706 3692 100 5298
5212 1684 3528 106 5106
5235 1693 3542 122 5113
5363 1727 3636 116 5247
5160 1625 3535 110 5050
5280 1788 3492 124 5156
5291 1745 3546 104 5187
5080 1684 3396 113 4967
4887 1579 3308 113 4774
5294 1730 3564 120 5174
5509 1783 3726 99 5410
5564 1837 3727 130 5434
4962 1625 3337 101 4861
5241 1729 3512 105 5136
5267 1738 3529 122 5145
5098 1674 3424 114 4984
5282 1651 3631 103 5179
5464 1802 3662 120 5344
5047 1594 3453 111 4936
5420 1749 3671 113 5307
4957 1674 3283 108 4849
5152 1749 3403 115 5037
5188 1689 3499 116 5072
5237 1675 3562 100 5137
5389 1762 3627 91 5298
5908 1979 3929 123 5785
5171 1713 3458 103 5068
4881 1510 3371 96 4785
5453 1716 3737 113 5340
5112 1679 3433 103 5009
5059 1638 3421 104 4955
4751 1553 3198 104 4647
5478 1761 3717 90 5388
4925 1562 3363 103 4822
5159 1644 3515 100 5059
4662 1549 3113 89 4573
5066 1676 3390 112 4954
4995 1664 3331 106 4889
5392 1780 3612 140 5252
4965 1636 3329 104 4861
5198 1651 3547 97 5101
5320 1649 3671 127 5193
5095 1618 3477 102 4993
5316 1689 3627 96 5220
5175 1644 3531 109 5066
5286 1681 3605 101 5185
5089 1675 3414 74 5015
5065 1619 3446 80 4985
5381 1666 3715 119 5262
5081 1637 3444 110 4971
5412 1796 3616 129 5283
5320 1742 3578 118 5202
5202 1688 3514 84 5118
5178 1622 3556 100 5078
5121 1712 3409 96 5025
4930 1567 3363 81 4849
5388 1788 3600 115 5273
5680 1850 3830 101 5579
5425 1805 3620 99 5326
5088 1723 3365 108 4980
4794 1555 3239 113 4681
5484 1800 3684 121 5363
5093 1621 3472 104 4989
5221 1763 3458 106 5115
5513 1770 3743 120 5393
5049 1640 3409 106 4943
4815 1583 3232 88 4727
5821 1894 3927 129 5692
5173 1675 3498 108 5065
4917 1605 3312 105 4812
5373 1819 3554 114 5259
5526 1862 3664 130 5396
5675 1889 3786 146 5529
5248 1684 3564 100 5148
5466 1802 3664 120 5346
5168 1659 3509 102 5066
5180 1716 3464 121 5059
5023 1655 3368 104 4919
5231 1631 3600 107 5124
4976 1598 3378 101 4875
5055 1617 3438 102 4953
5168 1656 3512 121 5047
5309 1718 3591 94 5215
5220 1739 3481 113 5107
4865 1600 3265 107 4758
5231 1710 3521 114 5117
5111 1705 3406 104 5007
5408 1832 3576 129 5279
5044 1604 3440 108 4936
5157 1686 3471 98 5059
5717 1860 3857 114 5603
5102 1691 3411 97 5005
5220 1752 3468 143 5077
5353 1793 3560 119 5234
5120 1611 3509 96 5024
5017 1588 3429 121 4896
5313 1711 3602 116 5197
5173 1716 3457 106 5067
5291 1761 3530 97 5194
5111 1627 3484 100 5011
5314 1731 3583 107 5207
5299 1693 3606 105 5194
5589 1867 3722 126 5463
5049 1641 3408 106 4943
5099 1631 3468 119 4980
5487 1799 3688 118 5369
5073 1685 3388 113 4960
5092 1616 3476 100 4992
4889 1542 3347 98 4791
5358 1654 3704 117 5241
5161 1648 3513 97 5064
4982 1613 3369 100 4882
4950 1597 3353 106 4844
5541 1774 3767 105 5436
5330 1734 3596 122 5208
5197 1730 3467 120 5077
4808 1558 3250 77 4731
5100 1631 3469 101 4999
