5578 5171 407 5153 425
5442 4987 455 4974 468
5595 5128 467 5115 480
5448 5049 399 5037 411
5562 5133 429 5122 440
5466 5036 430 5021 445
5536 5114 422 5100 436
5408 4962 446 4950 458
5419 4981 438 4969 450
5330 4898 432 4882 448
5340 4932 408 4917 423
5430 5000 430 4989 441
5718 5242 476 5234 484
5811 5304 507 5287 524
5383 4938 445 4926 457
5519 5081 438 5062 457
5451 5034 417 5022 429
5300 4841 459 4831 469
5633 5187 446 5177 456
5333 4929 404 4922 411
5221 4782 439 4773 448
5519 5066 453 5057 462
5610 5155 455 5136 474
5044 4596 448 4583 461
5579 5133 446 5118 461
5613 5143 470 5130 483
5790 5343 447 5333 457
5136 4751 385 4746 390
5131 4678 453 4665 466
5626 5152 474 5132 494
5698 5235 463 5221 477
5684 5207 477 5193 491
5319 4871 448 4867 452
5425 4999 426 4986 439
5316 4917 399 4902 414
5799 5357 442 5346 453
5393 4917 476 4898 495
5256 4819 437 4810 446
4981 4604 377 4588 393
5139 4718 421 4704 435
5323 4929 394 4915 408
5399 4981 418 4972 427
5277 4838 439 4824 453
5590 5127 463 5109 481
5355 4979 376 4968 387
5853 5386 467 5372 481
5252 4807 445 4800 452
5545 5128 417 5113 432
5453 5018 435 5000 453
5520 5094 426 5082 438
5255 4856 399 4844 411
5195 4769 426 4757 438
5207 4770 437 4758 449
5686 5224 462 5208 478
5468 5015 453 5003 465
5366 4925 441 4908 458
5033 4629 404 4616 417
5456 4979 477 4960 496
5177 4780 397 4767 410
5285 4880 405 4867 418
5099 4682 417 4671 428
5120 4688 432 4676 444
5301 4903 398 4891 410
5269 4854 415 4844 425
5135 4736 399 4725 410
4837 4455 382 4443 394
5119 4704 415 4696 423
5166 4757 409 4749 417
4846 4457 389 4445 401
5491 5087 404 5078 413
5221 4811 410 4796 425
4685 4297 388 4283 402
4924 4541 383 4530 394
5166 4797 369 4783 383
5114 4717 397 4708 406
5493 5052 441 5045 448
4966 4578 388 4566 400
4872 4453 419 4444 428
5029 4613 416 4596 433
4847 4466 381 4459 388
4809 4423 386 4412 397
4931 4528 403 4516 415
4973 4586 387 4574 399
5008 4612 396 4595 413
5155 4762 393 4749 406
5478 4989 489 4973 505
5222 4818 404 4807 415
4961 4548 413 4538 423
5420 4962 458 4950 470
5381 4955 426 4943 438
5076 4671 405 4659 417
5177 4769 408 4760 417
5075 4655 420 4642 433
5253 4807 446 4791 462
5151 4723 428 4712 439
5015 4602 413 4584 431
5041 4642 399 4629 412
5185 4764 421 4748 437
4951 4556 395 4546 405
5324 4920 404 4912 412
4974 4589 385 4580 394
4925 4535 390 4522 403
4876 4492 384 4480 396
5090 4690 400 4681 409
5633 5188 445 5177 456
4856 4491 365 4486 370
5134 4747 387 4734 400
4780 4416 364 4404 376
5161 4754 407 4736 425
4994 4594 400 4579 415
5369 4963 406 4948 421
5113 4686 427 4670 443
5288 4844 444 4831 457
5018 4630 388 4620 398
5518 5067 451 5057 461
5431 5002 429 4990 441
5081 4672 409 4656 425
5376 4994 382 4981 395
4724 4353 371 4342 382
5071 4662 409 4648 423
4931 4542 389 4531 400
4915 4543 372 4534 381
4899 4514 385 4496 403
5107 4705 402 4692 415
4982 4602 380 4587 395
4767 4364 403 4356 411
5056 4641 415 4631 425
5229 4792 437 4776 453
5449 5015 434 4997 452
5343 4870 473 4861 482
5158 4790 368 4766 392
5612 5195 417 5183 429
5231 4812 419 4803 428
5079 4666 413 4657 422
5324 4890 434 4879 445
5066 4646 420 4637 429
4980 4595 385 4583 397
5241 4807 434 4800 441
5271 4832 439 4814 457
5209 4790 419 4777 432
5046 4662 384 4650 396
4935 4539 396 4525 410
5208 4813 395 4790 418
5020 4620 400 4610 410
4963 4554 409 4544 419
5449 4996 453 4986 463
5082 4672 410 4661 421
5101 4668 433 4657 444
5368 4957 411 4937 431
5398 4925 473 4916 482
5538 5084 454 5076 462
5630 5155 475 5144 486
5580 5145 435 5131 449
4948 4563 385 4554 394
5483 5006 477 4993 490
5393 4988 405 4978 415
5562 5159 403 5145 417
5819 5356 463 5341 478
5704 5234 470 5218 486
5538 5107 431 5091 447
5517 5080 437 5072 445
5667 5201 466 5191 476
5529 5076 453 5064 465
5479 5052 427 5045 434
5807 5335 472 5325 482
4794 4413 381 4402 392
5452 5028 424 5012 440
5353 4957 396 4952 401
5531 5111 420 5092 439
4828 4432 396 4415 413
5733 5290 443 5273 460
5652 5200 452 5189 463
5836 5390 446 5377 459
5237 4803 434 4794 443
5111 4696 415 4682 429
5785 5300 485 5285 500
5384 4947 437 4940 444
5484 5038 446 5029 455
5414 4989 425 4982 432
5722 5292 430 5285 437
5795 5328 467 5320 475
4666 4287 379 4277 389
5504 5085 419 5079 425
5533 5101 432 5089 444
5123 4713 410 4704 419
5336 4896 440 4887 449
5145 4747 398 4739 406
5517 5061 456 5048 469
5064 4643 421 4630 434
4959 4559 400 4551 408
5855 5414 441 5406 449
5335 4920 415 4914 421
5415 4991 424 4977 438
4940 4559 381 4548 392
5043 4647 396 4636 407
5103 4674 429 4665 438
5167 4765 402 4755 412
5366 4941 425 4927 439
5005 4588 417 4576 429
5349 4936 413 4927 422
5891 5439 452 5422 469
5123 4750 373 4743 380
5630 5165 465 5153 477
5565 5134 431 5119 446
5616 5174 442 5163 453
5154 4752 402 4745 409
5389 4978 411 4962 427
5562 5130 432 5113 449
4829 4426 403 4416 413
5005 4615 390 4605 400
5022 4637 385 4624 398
5496 5063 433 5050 446
5633 5168 465 5152 481
5403 4969 434 4959 444
5295 4856 439 4846 449
5367 4931 436 4926 441
5037 4646 391 4636 401
4992 4578 414 4562 430
5242 4822 420 4807 435
5511 5050 461 5037 474
5287 4867 420 4859 428
5017 4645 372 4634 383
5063 4663 400 4649 414
5499 5052 447 5034 465
5345 4917 428 4912 433
5186 4772 414 4764 422
5273 4862 411 4853 420
5382 4945 437 4936 446
5441 4986 455 4972 469
5180 4735 445 4724 456
5121 4695 426 4687 434
4714 4344 370 4334 380
5082 4690 392 4676 406
5167 4775 392 4769 398
5566 5122 444 5100 466
5169 4757 412 4743 426
5435 5030 405 5012 423
4910 4522 388 4509 401
5708 5271 437 5255 453
5857 5361 496 5345 512
5592 5154 438 5138 454
5012 4622 390 4615 397
4998 4631 367 4617 381
5397 4956 441 4939 458
5376 4931 445 4924 452
4932 4556 376 4548 384
5392 4978 414 4973 419
5370 4947 423 4935 435
5166 4773 393 4765 401
4873 4476 397 4467 406
5214 4793 421 4783 431
5211 4800 411 4787 424
5180 4762 418 4753 427
5061 4666 395 4653 408
5242 4799 443 4785 457
4780 4380 400 4367 413
5322 4913 409 4905 417
5184 4767 417 4749 435
5232 4824 408 4809 423
5290 4872 418 4863 427
5001 4593 408 4582 419
5311 4904 407 4892 419
5126 4731 395 4721 405
5340 4884 456 4867 473
5124 4710 414 4704 420
5070 4665 405 4655 415
5324 4927 397 4919 405
5280 4865 415 4851 429
5598 5153 445 5139 459
5150 4742 408 4731 419
5032 4606 426 4590 442
5175 4751 424 4738 437
5219 4815 404 4805 414
4939 4532 407 4517 422
5381 4949 432 4934 447
5351 4936 415 4923 428
5395 4961 434 4946 449
5159 4760 399 4752 407
5110 4693 417 4684 426
5503 5070 433 5052 451
5551 5115 436 5103 448
5373 4913 460 4904 469
5512 5054 458 5041 471
5475 5088 387 5074 401
5154 4740 414 4728 426
5276 4829 447 4817 459
5755 5260 495 5242 513
5379 4938 441 4922 457
5245 4839 406 4830 415
4786 4381 405 4371 415
5397 4985 412 4978 419
5654 5179 475 5163 491
5132 4736 396 4727 405
5155 4769 386 4755 400
5333 4903 430 4893 440
5336 4915 421 4904 432
5416 5031 385 5020 396
5006 4622 384 4606 400
5101 4724 377 4715 386
5316 4902 414 4889 427
5331 4877 454 4873 458
5131 4718 413 4711 420
5193 4779 414 4767 426
5305 4900 405 4887 418
5642 5129 513 5117 525
5025 4623 402 4614 411
4945 4578 367 4569 376
5200 4770 430 4764 436
5339 4938 401 4931 408
5320 4877 443 4868 452
5159 4781 378 4771 388
4827 4458 369 4447 380
5726 5290 436 5279 447
5345 4908 437 4896 449
4906 4556 350 4542 364
4535 4172 363 4164 371
5057 4654 403 4644 413
5250 4866 384 4856 394
5446 5031 415 5016 430
4837 4462 375 4451 386
5086 4701 385 4684 402
5425 4935 490 4919 506
5162 4769 393 4758 404
5206 4759 447 4745 461
5063 4624 439 4615 448
5103 4690 413 4677 426
5105 4723 382 4711 394
5248 4822 426 4803 445
4922 4528 394 4514 408
5321 4914 407 4896 425
4983 4628 355 4618 365
5302 4897 405 4873 429
5042 4634 408 4627 415
5306 4875 431 4863 443
5043 4667 376 4658 385
5561 5116 445 5100 461
5242 4837 405 4828 414
4957 4546 411 4535 422
5158 4736 422 4724 434
4815 4436 379 4426 389
5112 4726 386 4717 395
5259 4813 446 4799 460
5386 4934 452 4924 462
4930 4541 389 4528 402
5235 4827 408 4816 419
5474 5056 418 5045 429
5298 4873 425 4860 438
5563 5133 430 5119 444
5098 4694 404 4675 423
4838 4435 403 4424 414
5156 4725 431 4712 444
5350 4899 451 4890 460
5015 4606 409 4598 417
5428 4968 460 4952 476
4982 4567 415 4555 427
5297 4883 414 4870 427
5419 4939 480 4926 493
5076 4680 396 4661 415
5045 4644 401 4633 412
5403 4971 432 4961 442
4956 4574 382 4561 395
5140 4700 440 4689 451
5014 4604 410 4594 420
5433 4996 437 4986 447
5129 4726 403 4709 420
5319 4897 422 4889 430
5404 4976 428 4968 436
5280 4848 432 4838 442
5600 5186 414 5170 430
5272 4888 384 4875 397
5465 5005 460 4984 481
4659 4302 357 4285 374
5002 4625 377 4615 387
5337 4889 448 4878 459
4756 4393 363 4376 380
5279 4860 419 4847 432
5045 4623 422 4615 430
4917 4496 421 4480 437
4867 4474 393 4465 402
5144 4755 389 4741 403
4885 4467 418 4457 428
5329 4883 446 4871 458
5088 4667 421 4654 434
5029 4654 375 4641 388
4994 4602 392 4590 404
5226 4817 409 4808 418
5267 4829 438 4822 445
5246 4794 452 4781 465
5162 4752 410 4748 414
4995 4622 373 4611 384
5076 4681 395 4673 403
4926 4498 428 4482 444
5277 4846 431 4834 443
4950 4537 413 4524 426
4951 4559 392 4555 396
5203 4802 401 4793 410
5567 5092 475 5079 488
5266 4860 406 4851 415
5557 5128 429 5114 443
5518 5068 450 5056 462
5307 4880 427 4858 449
5165 4730 435 4719 446
5147 4717 430 4697 450
5298 4853 445 4842 456
5089 4698 391 4686 403
4762 4400 362 4390 372
5364 4915 449 4901 463
4887 4503 384 4492 395
5358 4934 424 4923 435
5231 4863 368 4850 381
5357 4916 441 4901 456
5041 4638 403 4625 416
5247 4861 386 4848 399
5483 5039 444 5026 457
4949 4572 377 4559 390
5128 4700 428 4689 439
5310 4918 392 4906 404
4860 4490 370 4476 384
5293 4864 429 4854 439
4988 4598 390 4581 407
5261 4822 439 4807 454
5319 4933 386 4917 402
5064 4652 412 4640 424
4901 4491 410 4478 423
4975 4551 424 4537 438
4852 4500 352 4487 365
5354 4926 428 4911 443
5503 5059 444 5042 461
5281 4857 424 4841 440
5095 4669 426 4656 439
5022 4611 411 4597 425
5000 4616 384 4602 398
4836 4412 424 4397 439
5018 4645 373 4631 387
4974 4617 357 4601 373
5428 4999 429 4981 447
5007 4605 402 4588 419
4820 4465 355 4454 366
5147 4720 427 4706 441
5302 4876 426 4865 437
5277 4860 417 4850 427
5545 5084 461 5071 474
4972 4564 408 4553 419
5350 4895 455 4882 468
4886 4509 377 4497 389
5343 4915 428 4898 445
4823 4421 402 4409 414
5266 4846 420 4832 434
5139 4716 423 4705 434
5183 4773 410 4758 425
4990 4630 360 4622 368
5199 4777 422 4767 432
5214 4825 389 4815 399
5165 4732 433 4721 444
5644 5195 449 5187 457
5101 4699 402 4688 413
5876 5427 449 5412 464
4958 4568 390 4560 398
5192 4765 427 4752 440
4439 4073 366 4059 380
5146 4719 427 4708 438
5172 4732 440 4721 451
5199 4787 412 4776 423
5243 4823 420 4815 428
5056 4633 423 4617 439
5292 4873 419 4865 427
4911 4580 331 4574 337
5554 5111 443 5098 456
5148 4737 411 4727 421
4955 4581 374 4563 392
5199 4760 439 4746 453
5268 4840 428 4824 444
5039 4614 425 4594 445
5342 4886 456 4867 475
4745 4364 381 4355 390
4663 4313 350 4303 360
5088 4666 422 4658 430
4774 4389 385 4378 396
5007 4631 376 4620 387
5146 4720 426 4709 437
5129 4721 408 4714 415
5303 4901 402 4887 416
5453 4989 464 4975 478
5086 4665 421 4658 428
5176 4785 391 4772 404
5347 4903 444 4889 458
5139 4745 394 4736 403
5065 4642 423 4631 434
4848 4455 393 4446 402
5270 4854 416 4845 425
5067 4675 392 4665 402
5041 4630 411 4618 423
4860 4476 384 4464 396
5484 5068 416 5048 436
5153 4748 405 4731 422
5391 4959 432 4949 442
5303 4839 464 4825 478
4621 4225 396 4217 404
5063 4653 410 4642 421
5206 4818 388 4808 398
5788 5312 476 5306 482
5180 4755 425 4743 437
4638 4261 377 4253 385
4928 4535 393 4525 403
4999 4621 378 4605 394
5005 4627 378 4616 389
5223 4815 408 4795 428
5117 4711 406 4696 421
5068 4647 421 4635 433
5182 4800 382 4790 392
4951 4547 404 4533 418
5440 5029 411 5018 422
4822 4446 376 4434 388
4832 4458 374 4447 385
5632 5180 452 5166 466
5208 4817 391 4808 400
4971 4559 412 4547 424
5088 4662 426 4644 444
5201 4794 407 4781 420
5443 5069 374 5050 393
5529 5082 447 5069 460
5429 4992 437 4979 450
5711 5270 441 5259 452
5373 4958 415 4945 428
5349 4912 437 4896 453
4928 4515 413 4505 423
5287 4875 412 4862 425
5181 4742 439 4731 450
5262 4827 435 4814 448
5306 4855 451 4845 461
5388 4970 418 4957 431
5294 4931 363 4912 382
5186 4805 381 4794 392
5122 4706 416 4693 429
5086 4694 392 4687 399
4801 4424 377 4415 386
5058 4629 429 4617 441
4832 4459 373 4444 388
5121 4708 413 4695 426
4962 4537 425 4528 434
5040 4625 415 4612 428
4740 4362 378 4352 388
5121 4723 398 4713 408
5280 4853 427 4834 446
5001 4570 431 4556 445
5257 4852 405 4838 419
5110 4742 368 4733 377
5556 5136 420 5125 431
4997 4576 421 4560 437
5351 4937 414 4928 423
5120 4697 423 4688 432
5134 4704 430 4695 439
4884 4477 407 4467 417
5094 4704 390 4690 404
5143 4716 427 4710 433
4852 4461 391 4446 406
5321 4909 412 4896 425
5286 4874 412 4863 423
5158 4761 397 4746 412
5071 4674 397 4662 409
5297 4863 434 4845 452
5265 4809 456 4798 467
5102 4693 409 4683 419
4985 4598 387 4584 401
4985 4623 362 4609 376
5558 5112 446 5103 455
5298 4892 406 4884 414
5012 4611 401 4598 414
5381 4988 393 4979 402
5184 4768 416 4762 422
4944 4555 389 4540 404
5111 4660 451 4651 460
4921 4501 420 4494 427
4984 4596 388 4588 396
5250 4844 406 4837 413
5305 4881 424 4866 439
5387 4920 467 4905 482
5010 4602 408 4586 424
5169 4750 419 4740 429
5228 4800 428 4784 444
5155 4770 385 4759 396
5370 4923 447 4911 459
4793 4431 362 4413 380
4840 4456 384 4440 400
5042 4623 419 4615 427
5481 5043 438 5030 451
5222 4820 402 4808 414
4941 4562 379 4551 390
5135 4702 433 4693 442
5243 4832 411 4822 421
5172 4782 390 4769 403
5590 5134 456 5117 473
5435 4986 449 4975 460
5198 4772 426 4759 439
5437 5008 429 4999 438
5353 4917 436 4901 452
5204 4801 403 4788 416
5085 4643 442 4632 453
5270 4853 417 4841 429
5088 4698 390 4683 405
5271 4828 443 4816 455
5435 5022 413 5015 420
5214 4800 414 4788 426
5193 4787 406 4775 418
5584 5179 405 5164 420
5412 4985 427 4975 437
5051 4613 438 4600 451
5024 4635 389 4623 401
4994 4585 409 4572 422
5312 4859 453 4839 473
4983 4626 357 4608 375
5172 4757 415 4738 434
5208 4782 426 4775 433
4915 4541 374 4520 395
4942 4544 398 4539 403
5361 4955 406 4932 429
5236 4806 430 4793 443
4824 4421 403 4412 412
5306 4896 410 4884 422
5099 4725 374 4712 387
4946 4556 390 4547 399
5481 5072 409 5061 420
5326 4910 416 4903 423
5494 5022 472 5009 485
4944 4494 450 4486 458
4895 4499 396 4487 408
4763 4392 371 4382 381
5369 4965 404 4948 421
4704 4337 367 4328 376
5181 4769 412 4749 432
5076 4670 406 4658 418
5255 4888 367 4880 375
4985 4576 409 4562 423
4969 4585 384 4572 397
5031 4638 393 4626 405
4676 4315 361 4308 368
4819 4445 374 4435 384
5200 4781 419 4763 437
4849 4494 355 4482 367
5144 4741 403 4727 417
5353 4914 439 4899 454
5040 4653 387 4640 400
5152 4741 411 4730 422
5282 4853 429 4834 448
4757 4325 432 4312 445
4802 4423 379 4412 390
4693 4328 365 4316 377
5182 4765 417 4752 430
5268 4854 414 4841 427
5047 4637 410 4628 419
5378 4947 431 4936 442
5240 4797 443 4790 450
4979 4580 399 4570 409
5428 4998 430 4988 440
4886 4502 384 4492 394
4913 4480 433 4466 447
5074 4677 397 4661 413
5079 4668 411 4653 426
4865 4476 389 4460 405
5045 4626 419 4617 428
5078 4641 437 4630 448
5190 4794 396 4783 407
5255 4854 401 4843 412
5359 4913 446 4897 462
4935 4518 417 4508 427
5267 4863 404 4840 427
5197 4798 399 4786 411
5202 4783 419 4768 434
5012 4572 440 4560 452
4995 4615 380 4600 395
5168 4763 405 4752 416
5522 5094 428 5080 442
4969 4570 399 4561 408
5151 4751 400 4739 412
5241 4826 415 4811 430
4825 4446 379 4431 394
4994 4569 425 4561 433
4990 4588 402 4580 410
5274 4842 432 4833 441
4931 4522 409 4513 418
4935 4532 403 4524 411
4772 4398 374 4381 391
4925 4576 349 4571 354
4670 4273 397 4262 408
5153 4730 423 4718 435
5221 4825 396 4813 408
5362 4929 433 4918 444
5194 4750 444 4737 457
5000 4615 385 4603 397
5263 4855 408 4843 420
4906 4540 366 4530 376
5572 5083 489 5067 505
5172 4759 413 4744 428
4835 4454 381 4436 399
5028 4618 410 4608 420
5590 5115 475 5102 488
5029 4593 436 4589 440
4694 4302 392 4283 411
4853 4461 392 4446 407
4909 4519 390 4508 401
4947 4544 403 4537 410
5260 4817 443 4810 450
4927 4544 383 4530 397
5000 4595 405 4580 420
4949 4537 412 4525 424
5147 4695 452 4683 464
5616 5171 445 5162 454
5057 4641 416 4627 430
5120 4740 380 4726 394
5276 4872 404 4855 421
4559 4171 388 4164 395
5137 4747 390 4736 401
4981 4585 396 4572 409
4832 4443 389 4431 401
5376 4986 390 4971 405
4961 4588 373 4575 386
5271 4820 451 4812 459
4934 4543 391 4534 400
5012 4599 413 4585 427
4948 4532 416 4525 423
5126 4708 418 4696 430
5111 4709 402 4698 413
5241 4832 409 4811 430
4766 4383 383 4367 399
5120 4711 409 4694 426
5039 4609 430 4596 443
5588 5139 449 5124 464
5244 4819 425 4805 439
5887 5412 475 5404 483
5425 4968 457 4948 477
5522 5101 421 5093 429
5284 4870 414 4855 429
5171 4767 404 4750 421
5099 4689 410 4678 421
5346 4925 421 4915 431
5019 4614 405 4601 418
5809 5351 458 5331 478
4782 4398 384 4384 398
5014 4590 424 4576 438
5069 4689 380 4681 388
5157 4728 429 4719 438
5440 4982 458 4965 475
4781 4385 396 4370 411
4655 4258 397 4250 405
5328 4902 426 4892 436
4874 4490 384 4476 398
5152 4711 441 4695 457
5346 4913 433 4905 441
5338 4949 389 4938 400
5241 4809 432 4793 448
4948 4537 411 4528 420
5264 4829 435 4817 447
5453 4985 468 4973 480
5057 4671 386 4666 391
5092 4698 394 4690 402
5269 4862 407 4855 414
5270 4848 422 4835 435
5411 4973 438 4962 449
5086 4656 430 4647 439
5149 4759 390 4749 400
4745 4368 377 4359 386
5985 5489 496 5471 514
5413 4991 422 4971 442
5417 5005 412 4992 425
4972 4561 411 4546 426
4975 4557 418 4551 424
4884 4508 376 4500 384
5416 4980 436 4965 451
5027 4627 400 4618 409
5202 4765 437 4747 455
4754 4361 393 4351 403
5130 4739 391 4727 403
5334 4892 442 4886 448
4697 4311 386 4304 393
5157 4743 414 4731 426
5230 4838 392 4823 407
5090 4715 375 4702 388
5091 4666 425 4649 442
5103 4696 407 4689 414
5173 4752 421 4741 432
5657 5212 445 5196 461
4976 4583 393 4571 405
5262 4863 399 4855 407
5445 5004 441 4990 455
5031 4585 446 4577 454
5382 4959 423 4952 430
5180 4787 393 4771 409
5374 4933 441 4918 456
5233 4817 416 4799 434
5430 4971 459 4955 475
5370 4926 444 4921 449
5185 4758 427 4747 438
5078 4679 399 4661 417
5895 5418 477 5399 496
4942 4479 463 4472 470
5171 4727 444 4710 461
5055 4633 422 4625 430
5097 4706 391 4690 407
5019 4557 462 4551 468
4893 4505 388 4492 401
4784 4368 416 4354 430
5716 5287 429 5267 449
4941 4543 398 4531 410
5485 5013 472 5000 485
5122 4725 397 4710 412
5133 4723 410 4712 421
5302 4850 452 4838 464
5457 5048 409 5041 416
4868 4484 384 4471 397
4901 4541 360 4529 372
5321 4855 466 4845 476
5169 4753 416 4735 434
5400 4977 423 4967 433
5002 4602 400 4587 415
5010 4592 418 4582 428
5356 4925 431 4915 441
4868 4485 383 4473 395
5170 4783 387 4773 397
4704 4289 415 4276 428
5140 4697 443 4689 451
5384 4945 439 4927 457
5145 4742 403 4735 410
5130 4697 433 4681 449
5186 4790 396 4780 406
4748 4351 397 4336 412
4757 4313 444 4304 453
5392 4968 424 4961 431
4942 4548 394 4536 406
5160 4746 414 4740 420
4809 4400 409 4389 420
4979 4603 376 4596 383
5078 4684 394 4667 411
5103 4704 399 4695 408
5224 4813 411 4800 424
5182 4770 412 4759 423
5247 4860 387 4850 397
5227 4820 407 4814 413
5107 4687 420 4679 428
5405 4979 426 4967 438
5695 5236 459 5221 474
4995 4588 407 4574 421
4998 4608 390 4601 397
4985 4572 413 4561 424
5194 4783 411 4773 421
4855 4447 408 4436 419
5506 5069 437 5058 448
5371 4928 443 4914 457
5525 5070 455 5054 471
5236 4815 421 4802 434
5263 4832 431 4818 445
5022 4643 379 4638 384
5265 4885 380 4878 387
5084 4645 439 4637 447
4918 4509 409 4497 421
5130 4722 408 4710 420
5457 5012 445 4994 463
5106 4707 399 4696 410
5622 5167 455 5157 465
5198 4800 398 4789 409
5293 4879 414 4867 426
5141 4721 420 4710 431
5091 4669 422 4658 433
5452 5006 446 4997 455
5201 4750 451 4738 463
5312 4915 397 4905 407
4928 4568 360 4561 367
5205 4802 403 4784 421
4619 4214 405 4204 415
5591 5175 416 5170 421
4831 4458 373 4447 384
4978 4564 414 4554 424
4905 4496 409 4482 423
5114 4693 421 4679 435
5002 4627 375 4610 392
5109 4715 394 4703 406
5169 4764 405 4757 412
5119 4693 426 4683 436
5135 4741 394 4726 409
5264 4850 414 4838 426
5225 4795 430 4787 438
5150 4764 386 4751 399
4946 4579 367 4564 382
5398 4980 418 4964 434
5212 4772 440 4754 458
5235 4839 396 4836 399
5363 4889 474 4880 483
5160 4753 407 4745 415
5280 4855 425 4848 432
5291 4906 385 4892 399
5080 4718 362 4705 375
4887 4506 381 4498 389
5294 4849 445 4838 456
5509 5091 418 5078 431
5564 5161 403 5144 420
4962 4565 397 4553 409
5241 4816 425 4803 438
5267 4847 420 4832 435
5098 4668 430 4653 445
5282 4844 438 4829 453
5464 5061 403 5048 416
5047 4639 408 4629 418
5420 5013 407 4998 422
4957 4565 392 4553 404
5152 4701 451 4684 468
5188 4798 390 4790 398
5237 4813 424 4804 433
5389 4917 472 4898 491
5908 5458 450 5437 471
5171 4762 409 4746 425
4881 4495 386 4486 395
5453 5009 444 4998 455
5112 4710 402 4702 410
5059 4677 382 4666 393
4751 4370 381 4360 391
5478 5049 429 5039 439
4925 4513 412 4506 419
5159 4726 433 4714 445
4662 4317 345 4308 354
5066 4612 454 4600 466
4995 4610 385 4601 394
5392 4930 462 4921 471
4965 4576 389 4568 397
5198 4782 416 4772 426
5320 4871 449 4855 465
5095 4678 417 4667 428
5316 4892 424 4883 433
5175 4727 448 4723 452
5286 4842 444 4826 460
5089 4712 377 4705 384
5065 4665 400 4656 409
5381 4976 405 4958 423
5081 4689 392 4677 404
5412 4999 413 4983 429
5320 4910 410 4895 425
5202 4780 422 4771 431
5178 4736 442 4727 451
5121 4697 424 4686 435
4930 4544 386 4535 395
5388 4916 472 4903 485
5680 5218 462 5202 478
5425 4996 429 4986 439
5088 4679 409 4665 423
4794 4382 412 4376 418
5484 4990 494 4978 506
5093 4702 391 4688 405
5221 4812 409 4802 419
5513 5070 443 5056 457
5049 4636 413 4622 427
4815 4416 399 4402 413
5821 5406 415 5395 426
5173 4764 409 4752 421
4917 4506 411 4499 418
5373 4942 431 4931 442
5526 5060 466 5045 481
5675 5219 456 5197 478
5248 4821 427 4809 439
5466 5034 432 5026 440
5168 4731 437 4724 444
5180 4764 416 4751 429
5023 4591 432 4582 441
5231 4819 412 4807 424
4976 4564 412 4553 423
5055 4663 392 4647 408
5168 4760 408 4751 417
5309 4910 399 4904 405
5220 4800 420 4790 430
4865 4477 388 4465 400
5231 4790 441 4779 452
5111 4715 396 4701 410
5408 4983 425 4973 435
5044 4627 417 4616 428
5157 4749 408 4742 415
5717 5256 461 5247 470
5102 4670 432 4657 445
5220 4789 431 4777 443
5353 4892 461 4876 477
5120 4722 398 4713 407
5017 4597 420 4591 426
5313 4878 435 4862 451
5173 4738 435 4717 456
5291 4876 415 4869 422
5111 4708 403 4698 413
5314 4873 441 4859 455
5299 4819 480 4811 488
5589 5124 465 5111 478
5049 4672 377 4661 388
5099 4705 394 4688 411
5487 5053 434 5038 449
5073 4694 379 4680 393
5092 4684 408 4670 422
4889 4469 420 4460 429
5358 4909 449 4897 461
5161 4704 457 4694 467
4982 4563 419 4543 439
4950 4524 426 4511 439
5541 5093 448 5084 457
5330 4900 430 4890 440
5197 4787 410 4772 425
4808 4465 343 4459 349
5100 4689 411 4685 415
