5578 5388 190 5387 191
5442 5238 204 5236 206
5595 5404 191 5401 194
5448 5239 209 5239 209
5562 5371 191 5370 192
5466 5282 184 5280 186
5536 5332 204 5330 206
5408 5234 174 5233 175
5419 5238 181 5237 182
5330 5157 173 5153 177
5340 5137 203 5132 208
5430 5213 217 5212 218
5718 5512 206 5512 206
5811 5650 161 5650 161
5383 5180 203 5175 208
5519 5277 242 5275 244
5451 5250 201 5250 201
5300 5120 180 5116 184
5633 5446 187 5442 191
5333 5142 191 5142 191
5221 5056 165 5053 168
5519 5336 183 5332 187
5610 5405 205 5404 206
5044 4874 170 4874 170
5579 5385 194 5384 195
5613 5422 191 5418 195
5790 5592 198 5590 200
5136 4962 174 4959 177
5131 4962 169 4961 170
5626 5424 202 5422 204
5698 5478 220 5476 222
5684 5491 193 5489 195
5319 5136 183 5134 185
5425 5246 179 5244 181
5316 5122 194 5121 195
5799 5579 220 5575 224
5393 5217 176 5216 177
5256 5069 187 5066 190
4981 4814 167 4812 169
5139 4964 175 4961 178
5323 5131 192 5128 195
5399 5241 158 5238 161
5277 5093 184 5092 185
5590 5404 186 5402 188
5355 5183 172 5182 173
5853 5645 208 5641 212
5252 5083 169 5078 174
5545 5346 199 5344 201
5453 5260 193 5258 195
5520 5317 203 5313 207
5255 5088 167 5084 171
5195 5007 188 5005 190
5207 5023 184 5020 187
5686 5486 200 5485 201
5468 5278 190 5271 197
5366 5152 214 5150 216
5033 4852 181 4849 184
5456 5275 181 5272 184
5177 4977 200 4972 205
5285 5111 174 5109 176
5099 4925 174 4924 175
5120 4938 182 4937 183
5301 5124 177 5123 178
5269 5079 190 5077 192
5135 4975 160 4974 161
4837 4678 159 4676 161
5119 4942 177 4940 179
5166 5000 166 4998 168
4846 4681 165 4680 166
5491 5327 164 5325 166
5221 5039 182 5038 183
4685 4520 165 4517 168
4924 4764 160 4764 160
5166 4961 205 4959 207
5114 4910 204 4907 207
5493 5321 172 5319 174
4966 4807 159 4805 161
4872 4693 179 4692 180
5029 4867 162 4866 163
4847 4672 175 4672 175
4809 4650 159 4648 161
4931 4744 187 4740 191
4973 4809 164 4808 165
5008 4819 189 4818 190
5155 4961 194 4960 195
5478 5259 219 5256 222
5222 5035 187 5033 189
4961 4779 182 4779 182
5420 5238 182 5236 184
5381 5203 178 5202 179
5076 4906 170 4902 174
5177 4981 196 4981 196
5075 4912 163 4908 167
5253 5055 198 5054 199
5151 4944 207 4943 208
5015 4856 159 4853 162
5041 4847 194 4842 199
5185 5008 177 5006 179
4951 4765 186 4765 186
5324 5152 172 5151 173
4974 4814 160 4810 164
4925 4775 150 4774 151
4876 4686 190 4682 194
5090 4901 189 4899 191
5633 5462 171 5457 176
4856 4708 148 4707 149
5134 4944 190 4943 191
4780 4617 163 4617 163
5161 4967 194 4965 196
4994 4832 162 4830 164
5369 5202 167 5199 170
5113 4919 194 4918 195
5288 5092 196 5091 197
5018 4845 173 4839 179
5518 5334 184 5330 188
5431 5239 192 5238 193
5081 4900 181 4898 183
5376 5188 188 5185 191
4724 4559 165 4555 169
5071 4902 169 4900 171
4931 4752 179 4751 180
4915 4735 180 4734 181
4899 4730 169 4727 172
5107 4915 192 4912 195
4982 4798 184 4796 186
4767 4618 149 4614 153
5056 4860 196 4858 198
5229 5030 199 5029 200
5449 5272 177 5266 183
5343 5149 194 5148 195
5158 4984 174 4982 176
5612 5407 205 5403 209
5231 5031 200 5030 201
5079 4903 176 4900 179
5324 5124 200 5122 202
5066 4874 192 4873 193
4980 4796 184 4793 187
5241 5059 182 5057 184
5271 5079 192 5077 194
5209 5031 178 5030 179
5046 4873 173 4868 178
4935 4763 172 4762 173
5208 5041 167 5039 169
5020 4847 173 4845 175
4963 4792 171 4792 171
5449 5245 204 5242 207
5082 4916 166 4915 167
5101 4921 180 4921 180
5368 5200 168 5196 172
5398 5205 193 5202 196
5538 5368 170 5365 173
5630 5427 203 5425 205
5580 5359 221 5358 222
4948 4779 169 4775 173
5483 5306 177 5303 180
5393 5230 163 5224 169
5562 5364 198 5361 201
5819 5627 192 5626 193
5704 5502 202 5500 204
5538 5360 178 5360 178
5517 5325 192 5325 192
5667 5474 193 5472 195
5529 5353 176 5352 177
5479 5291 188 5291 188
5807 5594 213 5588 219
4794 4630 164 4628 166
5452 5260 192 5258 194
5353 5101 252 5098 255
5531 5346 185 5343 188
4828 4659 169 4658 170
5733 5533 200 5530 203
5652 5436 216 5435 217
5836 5625 211 5621 215
5237 5035 202 5033 204
5111 4957 154 4954 157
5785 5586 199 5584 201
5384 5195 189 5191 193
5484 5292 192 5291 193
5414 5251 163 5251 163
5722 5539 183 5537 185
5795 5579 216 5577 218
4666 4512 154 4510 156
5504 5318 186 5315 189
5533 5351 182 5346 187
5123 4940 183 4938 185
5336 5133 203 5129 207
5145 4987 158 4984 161
5517 5322 195 5320 197
5064 4897 167 4896 168
4959 4775 184 4775 184
5855 5683 172 5681 174
5335 5143 192 5142 193
5415 5234 181 5234 181
4940 4762 178 4762 178
5043 4871 172 4869 174
5103 4931 172 4929 174
5167 5007 160 5006 161
5366 5171 195 5167 199
5005 4828 177 4824 181
5349 5156 193 5155 194
5891 5713 178 5708 183
5123 4930 193 4927 196
5630 5431 199 5430 200
5565 5366 199 5362 203
5616 5418 198 5416 200
5154 4958 196 4956 198
5389 5187 202 5186 203
5562 5366 196 5364 198
4829 4663 166 4660 169
5005 4806 199 4802 203
5022 4841 181 4838 184
5496 5307 189 5305 191
5633 5449 184 5445 188
5403 5205 198 5199 204
5295 5092 203 5089 206
5367 5147 220 5146 221
5037 4856 181 4855 182
4992 4813 179 4810 182
5242 5069 173 5067 175
5511 5314 197 5313 198
5287 5107 180 5105 182
5017 4848 169 4847 170
5063 4893 170 4891 172
5499 5301 198 5299 200
5345 5171 174 5168 177
5186 5012 174 5007 179
5273 5080 193 5077 196
5382 5205 177 5200 182
5441 5274 167 5271 170
5180 5000 180 4997 183
5121 4936 185 4933 188
4714 4547 167 4544 170
5082 4918 164 4916 166
5167 4989 178 4988 179
5566 5388 178 5387 179
5169 4988 181 4986 183
5435 5250 185 5247 188
4910 4737 173 4732 178
5708 5494 214 5492 216
5857 5648 209 5646 211
5592 5412 180 5410 182
5012 4836 176 4832 180
4998 4816 182 4815 183
5397 5210 187 5208 189
5376 5178 198 5177 199
4932 4743 189 4742 190
5392 5211 181 5208 184
5370 5176 194 5176 194
5166 4992 174 4991 175
4873 4724 149 4724 149
5214 5048 166 5046 168
5211 5035 176 5032 179
5180 4988 192 4986 194
5061 4883 178 4880 181
5242 5057 185 5056 186
4780 4618 162 4615 165
5322 5121 201 5118 204
5184 5005 179 5002 182
5232 5048 184 5047 185
5290 5101 189 5099 191
5001 4824 177 4824 177
5311 5120 191 5118 193
5126 4943 183 4940 186
5340 5166 174 5164 176
5124 4956 168 4955 169
5070 4898 172 4895 175
5324 5136 188 5133 191
5280 5098 182 5094 186
5598 5395 203 5395 203
5150 4982 168 4978 172
5032 4873 159 4872 160
5175 4996 179 4994 181
5219 5025 194 5022 197
4939 4763 176 4761 178
5381 5179 202 5176 205
5351 5147 204 5146 205
5395 5181 214 5179 216
5159 4983 176 4981 178
5110 4939 171 4936 174
5503 5316 187 5310 193
5551 5354 197 5351 200
5373 5197 176 5197 176
5512 5290 222 5290 222
5475 5281 194 5278 197
5154 4978 176 4976 178
5276 5066 210 5065 211
5755 5568 187 5568 187
5379 5190 189 5188 191
5245 5033 212 5030 215
4786 4610 176 4610 176
5397 5226 171 5222 175
5654 5440 214 5438 216
5132 4940 192 4939 193
5155 4961 194 4959 196
5333 5132 201 5131 202
5336 5166 170 5165 171
5416 5227 189 5225 191
5006 4838 168 4837 169
5101 4918 183 4917 184
5316 5132 184 5131 185
5331 5172 159 5170 161
5131 4947 184 4945 186
5193 5008 185 5007 186
5305 5098 207 5094 211
5642 5472 170 5470 172
5025 4817 208 4809 216
4945 4778 167 4775 170
5200 5017 183 5015 185
5339 5152 187 5151 188
5320 5138 182 5137 183
5159 4975 184 4975 184
4827 4660 167 4654 173
5726 5536 190 5536 190
5345 5162 183 5156 189
4906 4741 165 4739 167
4535 4387 148 4385 150
5057 4914 143 4911 146
5250 5072 178 5068 182
5446 5258 188 5254 192
4837 4667 170 4667 170
5086 4886 200 4885 201
5425 5243 182 5237 188
5162 5004 158 5000 162
5206 5027 179 5026 180
5063 4882 181 4879 184
5103 4909 194 4907 196
5105 4928 177 4923 182
5248 5060 188 5059 189
4922 4760 162 4759 163
5321 5112 209 5109 212
4983 4805 178 4803 180
5302 5103 199 5099 203
5042 4849 193 4848 194
5306 5105 201 5103 203
5043 4869 174 4867 176
5561 5366 195 5364 197
5242 5064 178 5064 178
4957 4755 202 4752 205
5158 4947 211 4944 214
4815 4607 208 4605 210
5112 4938 174 4936 176
5259 5058 201 5057 202
5386 5203 183 5202 184
4930 4765 165 4763 167
5235 5068 167 5065 170
5474 5285 189 5285 189
5298 5117 181 5109 189
5563 5378 185 5373 190
5098 4926 172 4924 174
4838 4665 173 4663 175
5156 4969 187 4967 189
5350 5173 177 5170 180
5015 4835 180 4834 181
5428 5237 191 5235 193
4982 4789 193 4788 194
5297 5106 191 5103 194
5419 5254 165 5253 166
5076 4906 170 4905 171
5045 4861 184 4857 188
5403 5204 199 5201 202
4956 4801 155 4799 157
5140 4967 173 4964 176
5014 4843 171 4842 172
5433 5245 188 5245 188
5129 4951 178 4948 181
5319 5124 195 5121 198
5404 5206 198 5202 202
5280 5101 179 5098 182
5600 5385 215 5383 217
5272 5099 173 5097 175
5465 5275 190 5272 193
4659 4495 164 4493 166
5002 4838 164 4837 165
5337 5154 183 5152 185
4756 4587 169 4585 171
5279 5083 196 5080 199
5045 4866 179 4866 179
4917 4740 177 4739 178
4867 4713 154 4710 157
5144 4971 173 4969 175
4885 4713 172 4711 174
5329 5151 178 5148 181
5088 4905 183 4903 185
5029 4854 175 4854 175
4994 4813 181 4812 182
5226 5050 176 5049 177
5267 5073 194 5072 195
5246 5049 197 5047 199
5162 4985 177 4981 181
4995 4812 183 4810 185
5076 4888 188 4883 193
4926 4755 171 4755 171
5277 5113 164 5110 167
4950 4790 160 4786 164
4951 4788 163 4785 166
5203 5033 170 5030 173
5567 5366 201 5363 204
5266 5070 196 5066 200
5557 5367 190 5364 193
5518 5323 195 5323 195
5307 5122 185 5119 188
5165 4995 170 4995 170
5147 4989 158 4987 160
5298 5112 186 5111 187
5089 4903 186 4902 187
4762 4601 161 4601 161
5364 5168 196 5165 199
4887 4723 164 4721 166
5358 5158 200 5155 203
5231 5051 180 5049 182
5357 5162 195 5161 196
5041 4868 173 4867 174
5247 5068 179 5063 184
5483 5304 179 5303 180
4949 4777 172 4770 179
5128 4942 186 4940 188
5310 5104 206 5103 207
4860 4710 150 4707 153
5293 5097 196 5093 200
4988 4824 164 4823 165
5261 5078 183 5076 185
5319 5139 180 5137 182
5064 4879 185 4875 189
4901 4713 188 4712 189
4975 4790 185 4787 188
4852 4708 144 4706 146
5354 5164 190 5164 190
5503 5324 179 5322 181
5281 5091 190 5090 191
5095 4937 158 4935 160
5022 4834 188 4832 190
5000 4815 185 4814 186
4836 4691 145 4688 148
5018 4833 185 4830 188
4974 4819 155 4815 159
5428 5233 195 5229 199
5007 4852 155 4847 160
4820 4645 175 4642 178
5147 4986 161 4985 162
5302 5118 184 5117 185
5277 5087 190 5084 193
5545 5347 198 5345 200
4972 4811 161 4804 168
5350 5176 174 5170 180
4886 4720 166 4718 168
5343 5151 192 5149 194
4823 4659 164 4654 169
5266 5057 209 5049 217
5139 4962 177 4960 179
5183 5003 180 5002 181
4990 4816 174 4811 179
5199 5012 187 5010 189
5214 5046 168 5046 168
5165 4984 181 4982 183
5644 5456 188 5456 188
5101 4921 180 4916 185
5876 5657 219 5654 222
4958 4788 170 4786 172
5192 5033 159 5030 162
4439 4288 151 4287 152
5146 4990 156 4985 161
5172 4992 180 4988 184
5199 5005 194 5003 196
5243 5073 170 5068 175
5056 4889 167 4885 171
5292 5105 187 5104 188
4911 4733 178 4733 178
5554 5359 195 5354 200
5148 4938 210 4935 213
4955 4773 182 4771 184
5199 5019 180 5018 181
5268 5072 196 5069 199
5039 4835 204 4832 207
5342 5158 184 5155 187
4745 4601 144 4598 147
4663 4507 156 4506 157
5088 4923 165 4921 167
4774 4595 179 4592 182
5007 4824 183 4822 185
5146 4961 185 4960 186
5129 4953 176 4951 178
5303 5099 204 5095 208
5453 5260 193 5257 196
5086 4894 192 4893 193
5176 4996 180 4992 184
5347 5185 162 5185 162
5139 4977 162 4975 164
5065 4892 173 4888 177
4848 4684 164 4680 168
5270 5082 188 5076 194
5067 4906 161 4904 163
5041 4859 182 4856 185
4860 4693 167 4693 167
5484 5292 192 5290 194
5153 4969 184 4967 186
5391 5198 193 5198 193
5303 5105 198 5103 200
4621 4451 170 4451 170
5063 4913 150 4909 154
5206 5026 180 5026 180
5788 5575 213 5572 216
5180 4995 185 4988 192
4638 4485 153 4483 155
4928 4747 181 4745 183
4999 4820 179 4818 181
5005 4841 164 4840 165
5223 5046 177 5046 177
5117 4959 158 4951 166
5068 4903 165 4901 167
5182 5019 163 5013 169
4951 4798 153 4795 156
5440 5241 199 5238 202
4822 4647 175 4643 179
4832 4681 151 4676 156
5632 5424 208 5419 213
5208 5042 166 5040 168
4971 4795 176 4792 179
5088 4895 193 4894 194
5201 5025 176 5022 179
5443 5242 201 5242 201
5529 5335 194 5334 195
5429 5242 187 5240 189
5711 5524 187 5522 189
5373 5180 193 5179 194
5349 5168 181 5168 181
4928 4746 182 4745 183
5287 5096 191 5093 194
5181 4981 200 4980 201
5262 5073 189 5068 194
5306 5126 180 5123 183
5388 5200 188 5197 191
5294 5107 187 5102 192
5186 5003 183 5000 186
5122 4952 170 4949 173
5086 4924 162 4924 162
4801 4655 146 4652 149
5058 4899 159 4894 164
4832 4671 161 4670 162
5121 4955 166 4953 168
4962 4798 164 4793 169
5040 4891 149 4888 152
4740 4568 172 4567 173
5121 4963 158 4960 161
5280 5107 173 5105 175
5001 4824 177 4822 179
5257 5048 209 5046 211
5110 4905 205 4901 209
5556 5367 189 5366 190
4997 4816 181 4814 183
5351 5172 179 5169 182
5120 4920 200 4918 202
5134 4985 149 4984 150
4884 4710 174 4707 177
5094 4912 182 4912 182
5143 4949 194 4948 195
4852 4684 168 4683 169
5321 5141 180 5140 181
5286 5113 173 5112 174
5158 4986 172 4984 174
5071 4901 170 4898 173
5297 5108 189 5107 190
5265 5091 174 5089 176
5102 4923 179 4923 179
4985 4831 154 4828 157
4985 4815 170 4812 173
5558 5364 194 5362 196
5298 5114 184 5112 186
5012 4850 162 4847 165
5381 5191 190 5191 190
5184 5006 178 5004 180
4944 4749 195 4748 196
5111 4927 184 4925 186
4921 4758 163 4752 169
4984 4807 177 4806 178
5250 5059 191 5058 192
5305 5121 184 5118 187
5387 5211 176 5209 178
5010 4843 167 4843 167
5169 4983 186 4981 188
5228 5048 180 5045 183
5155 4993 162 4993 162
5370 5173 197 5171 199
4793 4639 154 4638 155
4840 4664 176 4661 179
5042 4854 188 4853 189
5481 5321 160 5321 160
5222 5048 174 5044 178
4941 4762 179 4759 182
5135 4955 180 4954 181
5243 5054 189 5051 192
5172 5000 172 5000 172
5590 5375 215 5374 216
5435 5222 213 5220 215
5198 5026 172 5020 178
5437 5240 197 5236 201
5353 5179 174 5179 174
5204 5022 182 5019 185
5085 4901 184 4900 185
5270 5093 177 5092 178
5088 4927 161 4927 161
5271 5102 169 5100 171
5435 5241 194 5240 195
5214 5023 191 5022 192
5193 5034 159 5033 160
5584 5381 203 5378 206
5412 5249 163 5247 165
5051 4876 175 4874 177
5024 4851 173 4849 175
4994 4801 193 4799 195
5312 5138 174 5131 181
4983 4803 180 4803 180
5172 5017 155 5012 160
5208 5016 192 5014 194
4915 4758 157 4757 158
4942 4751 191 4748 194
5361 5160 201 5158 203
5236 5050 186 5047 189
4824 4671 153 4667 157
5306 5139 167 5136 170
5099 4916 183 4913 186
4946 4756 190 4754 192
5481 5267 214 5264 217
5326 5142 184 5138 188
5494 5279 215 5278 216
4944 4770 174 4770 174
4895 4703 192 4703 192
4763 4593 170 4591 172
5369 5166 203 5165 204
4704 4536 168 4534 170
5181 5001 180 4999 182
5076 4892 184 4890 186
5255 5071 184 5068 187
4985 4805 180 4801 184
4969 4798 171 4798 171
5031 4845 186 4841 190
4676 4527 149 4526 150
4819 4653 166 4652 167
5200 5009 191 5003 197
4849 4681 168 4678 171
5144 4965 179 4963 181
5353 5187 166 5185 168
5040 4863 177 4861 179
5152 4950 202 4950 202
5282 5113 169 5111 171
4757 4592 165 4591 166
4802 4631 171 4630 172
4693 4506 187 4505 188
5182 5005 177 5002 180
5268 5066 202 5064 204
5047 4859 188 4854 193
5378 5200 178 5199 179
5240 5060 180 5058 182
4979 4819 160 4815 164
5428 5245 183 5240 188
4886 4712 174 4711 175
4913 4747 166 4747 166
5074 4891 183 4891 183
5079 4898 181 4892 187
4865 4691 174 4688 177
5045 4872 173 4870 175
5078 4909 169 4908 170
5190 5006 184 5004 186
5255 5082 173 5079 176
5359 5171 188 5170 189
4935 4752 183 4749 186
5267 5079 188 5076 191
5197 5008 189 5006 191
5202 5023 179 5023 179
5012 4823 189 4822 190
4995 4803 192 4802 193
5168 4977 191 4973 195
5522 5337 185 5336 186
4969 4779 190 4776 193
5151 4966 185 4965 186
5241 5040 201 5038 203
4825 4638 187 4636 189
4994 4802 192 4798 196
4990 4822 168 4820 170
5274 5093 181 5091 183
4931 4755 176 4753 178
4935 4770 165 4769 166
4772 4623 149 4620 152
4925 4747 178 4744 181
4670 4515 155 4512 158
5153 4985 168 4982 171
5221 5031 190 5029 192
5362 5165 197 5165 197
5194 5018 176 5018 176
5000 4817 183 4814 186
5263 5069 194 5065 198
4906 4726 180 4724 182
5572 5373 199 5369 203
5172 4994 178 4992 180
4835 4642 193 4640 195
5028 4823 205 4823 205
5590 5389 201 5386 204
5029 4848 181 4844 185
4694 4529 165 4529 165
4853 4671 182 4670 183
4909 4738 171 4731 178
4947 4758 189 4757 190
5260 5083 177 5081 179
4927 4755 172 4753 174
5000 4842 158 4842 158
4949 4773 176 4772 177
5147 4964 183 4964 183
5616 5432 184 5431 185
5057 4887 170 4883 174
5120 4940 180 4938 182
5276 5092 184 5092 184
4559 4393 166 4390 169
5137 4947 190 4943 194
4981 4788 193 4787 194
4832 4668 164 4667 165
5376 5195 181 5193 183
4961 4795 166 4793 168
5271 5084 187 5079 192
4934 4736 198 4733 201
5012 4826 186 4825 187
4948 4778 170 4774 174
5126 4939 187 4938 188
5111 4925 186 4923 188
5241 5041 200 5038 203
4766 4612 154 4611 155
5120 4935 185 4933 187
5039 4877 162 4876 163
5588 5406 182 5406 182
5244 5053 191 5050 194
5887 5679 208 5677 210
5425 5212 213 5209 216
5522 5342 180 5340 182
5284 5110 174 5108 176
5171 4985 186 4982 189
5099 4917 182 4914 185
5346 5160 186 5157 189
5019 4860 159 4860 159
5809 5615 194 5615 194
4782 4626 156 4624 158
5014 4829 185 4823 191
5069 4882 187 4880 189
5157 4973 184 4971 186
5440 5229 211 5225 215
4781 4605 176 4605 176
4655 4489 166 4487 168
5328 5142 186 5138 190
4874 4702 172 4700 174
5152 4963 189 4963 189
5346 5180 166 5177 169
5338 5164 174 5162 176
5241 5075 166 5075 166
4948 4768 180 4765 183
5264 5090 174 5088 176
5453 5283 170 5279 174
5057 4895 162 4892 165
5092 4912 180 4910 182
5269 5096 173 5094 175
5270 5095 175 5093 177
5411 5219 192 5216 195
5086 4905 181 4903 183
5149 4991 158 4988 161
4745 4574 171 4571 174
5985 5777 208 5774 211
5413 5206 207 5204 209
5417 5232 185 5229 188
4972 4793 179 4792 180
4975 4777 198 4776 199
4884 4709 175 4708 176
5416 5227 189 5224 192
5027 4853 174 4852 175
5202 5027 175 5022 180
4754 4579 175 4576 178
5130 4963 167 4962 168
5334 5150 184 5148 186
4697 4524 173 4524 173
5157 4966 191 4964 193
5230 5034 196 5031 199
5090 4915 175 4913 177
5091 4918 173 4917 174
5103 4945 158 4942 161
5173 4975 198 4975 198
5657 5466 191 5464 193
4976 4808 168 4808 168
5262 5098 164 5093 169
5445 5224 221 5222 223
5031 4850 181 4848 183
5382 5189 193 5184 198
5180 4994 186 4992 188
5374 5191 183 5187 187
5233 5068 165 5067 166
5430 5228 202 5223 207
5370 5197 173 5196 174
5185 5010 175 5009 176
5078 4882 196 4880 198
5895 5694 201 5693 202
4942 4767 175 4767 175
5171 5011 160 5008 163
5055 4869 186 4867 188
5097 4922 175 4921 176
5019 4858 161 4858 161
4893 4734 159 4729 164
4784 4614 170 4611 173
5716 5538 178 5536 180
4941 4761 180 4758 183
5485 5292 193 5291 194
5122 4935 187 4935 187
5133 4937 196 4937 196
5302 5122 180 5122 180
5457 5289 168 5288 169
4868 4688 180 4687 181
4901 4751 150 4751 150
5321 5142 179 5136 185
5169 4981 188 4977 192
5400 5220 180 5218 182
5002 4827 175 4824 178
5010 4851 159 4849 161
5356 5152 204 5152 204
4868 4711 157 4711 157
5170 4984 186 4982 188
4704 4541 163 4540 164
5140 4954 186 4952 188
5384 5189 195 5189 195
5145 4977 168 4975 170
5130 4945 185 4942 188
5186 4999 187 4996 190
4748 4588 160 4586 162
4757 4591 166 4588 169
5392 5222 170 5219 173
4942 4786 156 4783 159
5160 4968 192 4962 198
4809 4634 175 4633 176
4979 4807 172 4806 173
5078 4903 175 4900 178
5103 4923 180 4921 182
5224 5047 177 5046 178
5182 5008 174 5007 175
5247 5059 188 5058 189
5227 5047 180 5045 182
5107 4917 190 4916 191
5405 5214 191 5213 192
5695 5487 208 5484 211
4995 4807 188 4805 190
4998 4810 188 4807 191
4985 4792 193 4789 196
5194 5001 193 4997 197
4855 4691 164 4691 164
5506 5303 203 5297 209
5371 5200 171 5199 172
5525 5327 198 5324 201
5236 5046 190 5044 192
5263 5072 191 5070 193
5022 4817 205 4815 207
5265 5085 180 5084 181
5084 4908 176 4906 178
4918 4725 193 4723 195
5130 4950 180 4947 183
5457 5312 145 5309 148
5106 4890 216 4887 219
5622 5422 200 5419 203
5198 5028 170 5026 172
5293 5110 183 5108 185
5141 4988 153 4985 156
5091 4906 185 4903 188
5452 5272 180 5270 182
5201 5015 186 5011 190
5312 5099 213 5095 217
4928 4773 155 4772 156
5205 5039 166 5037 168
4619 4452 167 4449 170
5591 5392 199 5391 200
4831 4669 162 4667 164
4978 4801 177 4800 178
4905 4749 156 4747 158
5114 4941 173 4939 175
5002 4842 160 4841 161
5109 4913 196 4912 197
5169 4988 181 4986 183
5119 4933 186 4931 188
5135 4960 175 4959 176
5264 5083 181 5083 181
5225 5008 217 5007 218
5150 4990 160 4986 164
4946 4783 163 4780 166
5398 5235 163 5232 166
5212 5028 184 5027 185
5235 5051 184 5050 185
5363 5169 194 5169 194
5160 4994 166 4992 168
5280 5103 177 5103 177
5291 5102 189 5096 195
5080 4905 175 4903 177
4887 4728 159 4724 163
5294 5119 175 5116 178
5509 5294 215 5290 219
5564 5361 203 5358 206
4962 4791 171 4789 173
5241 5078 163 5075 166
5267 5093 174 5090 177
5098 4927 171 4926 172
5282 5074 208 5071 211
5464 5283 181 5281 183
5047 4877 170 4876 171
5420 5224 196 5222 198
4957 4786 171 4784 173
5152 4984 168 4982 170
5188 5031 157 5030 158
5237 5059 178 5057 180
5389 5201 188 5200 189
5908 5713 195 5712 196
5171 4997 174 4994 177
4881 4712 169 4711 170
5453 5248 205 5246 207
5112 4922 190 4921 191
5059 4881 178 4880 179
4751 4587 164 4584 167
5478 5279 199 5278 200
4925 4768 157 4768 157
5159 4987 172 4986 173
4662 4500 162 4497 165
5066 4895 171 4894 172
4995 4822 173 4820 175
5392 5204 188 5200 192
4965 4799 166 4796 169
5198 5002 196 5001 197
5320 5163 157 5162 158
5095 4895 200 4892 203
5316 5140 176 5133 183
5175 4970 205 4969 206
5286 5095 191 5093 193
5089 4928 161 4928 161
5065 4867 198 4865 200
5381 5218 163 5217 164
5081 4903 178 4902 179
5412 5221 191 5219 193
5320 5128 192 5127 193
5202 5015 187 5013 189
5178 5004 174 5003 175
5121 4954 167 4953 168
4930 4765 165 4763 167
5388 5216 172 5213 175
5680 5458 222 5455 225
5425 5241 184 5239 186
5088 4917 171 4916 172
4794 4629 165 4626 168
5484 5287 197 5284 200
5093 4930 163 4929 164
5221 5049 172 5047 174
5513 5333 180 5330 183
5049 4857 192 4855 194
4815 4642 173 4638 177
5821 5611 210 5609 212
5173 5013 160 5011 162
4917 4756 161 4754 163
5373 5211 162 5205 168
5526 5332 194 5329 197
5675 5462 213 5458 217
5248 5083 165 5082 166
5466 5275 191 5273 193
5168 4984 184 4981 187
5180 4981 199 4980 200
5023 4835 188 4832 191
5231 5046 185 5044 187
4976 4765 211 4763 213
5055 4878 177 4878 177
5168 5012 156 5011 157
5309 5125 184 5124 185
5220 5028 192 5021 199
4865 4680 185 4678 187
5231 5050 181 5050 181
5111 4943 168 4939 172
5408 5231 177 5228 180
5044 4848 196 4846 198
5157 5011 146 5010 147
5717 5523 194 5521 196
5102 4921 181 4918 184
5220 5045 175 5044 176
5353 5169 184 5166 187
5120 4935 185 4932 188
5017 4825 192 4825 192
5313 5136 177 5133 180
5173 5007 166 5007 166
5291 5113 178 5109 182
5111 4958 153 4955 156
5314 5113 201 5108 206
5299 5092 207 5090 209
5589 5392 197 5389 200
5049 4868 181 4867 182
5099 4933 166 4931 168
5487 5287 200 5284 203
5073 4879 194 4878 195
5092 4886 206 4882 210
4889 4714 175 4714 175
5358 5158 200 5158 200
5161 4978 183 4975 186
4982 4815 167 4811 171
4950 4755 195 4755 195
5541 5349 192 5342 199
5330 5140 190 5139 191
5197 4977 220 4976 221
4808 4633 175 4631 177
5100 4932 168 4931 169
