5578 1521 4057 29 5549
5442 1475 3967 24 5418
5595 1546 4049 16 5579
5448 1474 3974 22 5426
5562 1523 4039 19 5543
5466 1521 3945 24 5442
5536 1530 4006 21 5515
5408 1475 3933 20 5388
5419 1513 3906 33 5386
5330 1439 3891 17 5313
5340 1525 3815 33 5307
5430 1483 3947 25 5405
5718 1600 4118 25 5693
5811 1566 4245 20 5791
5383 1493 3890 21 5362
5519 1512 4007 21 5498
5451 1520 3931 25 5426
5300 1405 3895 19 5281
5633 1562 4071 20 5613
5333 1465 3868 29 5304
5221 1441 3780 15 5206
5519 1531 3988 17 5502
5610 1597 4013 26 5584
5044 1389 3655 20 5024
5579 1506 4073 25 5554
5613 1555 4058 33 5580
5790 1647 4143 27 5763
5136 1417 3719 28 5108
5131 1363 3768 25 5106
5626 1559 4067 27 5599
5698 1574 4124 34 5664
5684 1554 4130 25 5659
5319 1445 3874 23 5296
5425 1460 3965 23 5402
5316 1475 3841 30 5286
5799 1540 4259 23 5776
5393 1417 3976 24 5369
5256 1461 3795 17 5239
4981 1362 3619 18 4963
5139 1442 3697 24 5115
5323 1426 3897 21 5302
5399 1515 3884 30 5369
5277 1435 3842 20 5257
5590 1531 4059 39 5551
5355 1471 3884 19 5336
5853 1551 4302 25 5828
5252 1527 3725 27 5225
5545 1556 3989 39 5506
5453 1507 3946 18 5435
5520 1567 3953 24 5496
5255 1495 3760 30 5225
5195 1386 3809 15 5180
5207 1395 3812 20 5187
5686 1561 4125 27 5659
5468 1559 3909 17 5451
5366 1475 3891 18 5348
5033 1415 3618 15 5018
5456 1489 3967 37 5419
5177 1410 3767 22 5155
5285 1438 3847 30 5255
5099 1423 3676 20 5079
5120 1421 3699 18 5102
5301 1487 3814 22 5279
5269 1453 3816 28 5241
5135 1374 3761 14 5121
4837 1355 3482 19 4818
5119 1416 3703 21 5098
5166 1420 3746 13 5153
4846 1301 3545 23 4823
5491 1479 4012 23 5468
5221 1438 3783 19 5202
4685 1220 3465 25 4660
4924 1378 3546 22 4902
5166 1415 3751 21 5145
5114 1398 3716 29 5085
5493 1529 3964 24 5469
4966 1385 3581 25 4941
4872 1339 3533 23 4849
5029 1363 3666 23 5006
4847 1388 3459 19 4828
4809 1344 3465 17 4792
4931 1327 3604 24 4907
4973 1364 3609 24 4949
5008 1439 3569 27 4981
5155 1375 3780 25 5130
5478 1499 3979 24 5454
5222 1416 3806 21 5201
4961 1375 3586 14 4947
5420 1518 3902 23 5397
5381 1459 3922 38 5343
5076 1404 3672 23 5053
5177 1427 3750 20 5157
5075 1468 3607 23 5052
5253 1431 3822 19 5234
5151 1467 3684 22 5129
5015 1411 3604 24 4991
5041 1391 3650 18 5023
5185 1459 3726 31 5154
4951 1424 3527 21 4930
5324 1480 3844 19 5305
4974 1418 3556 22 4952
4925 1383 3542 31 4894
4876 1355 3521 24 4852
5090 1400 3690 23 5067
5633 1540 4093 26 5607
4856 1335 3521 31 4825
5134 1430 3704 18 5116
4780 1258 3522 16 4764
5161 1407 3754 21 5140
4994 1351 3643 23 4971
5369 1453 3916 24 5345
5113 1469 3644 15 5098
5288 1438 3850 25 5263
5018 1367 3651 31 4987
5518 1507 4011 31 5487
5431 1478 3953 31 5400
5081 1444 3637 17 5064
5376 1535 3841 35 5341
4724 1334 3390 20 4704
5071 1387 3684 17 5054
4931 1336 3595 17 4914
4915 1325 3590 28 4887
4899 1369 3530 21 4878
5107 1424 3683 19 5088
4982 1345 3637 20 4962
4767 1287 3480 36 4731
5056 1435 3621 29 5027
5229 1452 3777 23 5206
5449 1525 3924 38 5411
5343 1475 3868 28 5315
5158 1424 3734 21 5137
5612 1563 4049 21 5591
5231 1420 3811 30 5201
5079 1382 3697 23 5056
5324 1433 3891 25 5299
5066 1412 3654 18 5048
4980 1423 3557 22 4958
5241 1404 3837 30 5211
5271 1417 3854 22 5249
5209 1399 3810 25 5184
5046 1367 3679 23 5023
4935 1339 3596 21 4914
5208 1468 3740 17 5191
5020 1406 3614 23 4997
4963 1390 3573 19 4944
5449 1504 3945 25 5424
5082 1358 3724 18 5064
5101 1428 3673 25 5076
5368 1550 3818 29 5339
5398 1459 3939 26 5372
5538 1520 4018 28 5510
5630 1558 4072 31 5599
5580 1610 3970 22 5558
4948 1390 3558 21 4927
5483 1486 3997 21 5462
5393 1426 3967 17 5376
5562 1537 4025 25 5537
5819 1617 4202 27 5792
5704 1554 4150 27 5677
5538 1509 4029 27 5511
5517 1473 4044 22 5495
5667 1574 4093 20 5647
5529 1465 4064 26 5503
5479 1451 4028 32 5447
5807 1576 4231 19 5788
4794 1356 3438 24 4770
5452 1471 3981 29 5423
5353 1444 3909 20 5333
5531 1562 3969 23 5508
4828 1339 3489 22 4806
5733 1615 4118 28 5705
5652 1600 4052 25 5627
5836 1617 4219 22 5814
5237 1400 3837 19 5218
5111 1426 3685 21 5090
5785 1624 4161 29 5756
5384 1441 3943 19 5365
5484 1556 3928 28 5456
5414 1507 3907 23 5391
5722 1586 4136 44 5678
5795 1638 4157 31 5764
4666 1276 3390 28 4638
5504 1521 3983 24 5480
5533 1524 4009 22 5511
5123 1376 3747 18 5105
5336 1446 3890 29 5307
5145 1433 3712 22 5123
5517 1538 3979 26 5491
5064 1442 3622 23 5041
4959 1319 3640 19 4940
5855 1585 4270 22 5833
5335 1456 3879 24 5311
5415 1459 3956 25 5390
4940 1382 3558 28 4912
5043 1424 3619 20 5023
5103 1369 3734 19 5084
5167 1381 3786 20 5147
5366 1487 3879 32 5334
5005 1342 3663 31 4974
5349 1478 3871 32 5317
5891 1633 4258 36 5855
5123 1376 3747 23 5100
5630 1599 4031 35 5595
5565 1520 4045 26 5539
5616 1509 4107 27 5589
5154 1405 3749 28 5126
5389 1447 3942 27 5362
5562 1562 4000 15 5547
4829 1370 3459 23 4806
5005 1361 3644 25 4980
5022 1380 3642 16 5006
5496 1532 3964 30 5466
5633 1533 4100 28 5605
5403 1502 3901 28 5375
5295 1495 3800 31 5264
5367 1496 3871 24 5343
5037 1433 3604 31 5006
4992 1391 3601 30 4962
5242 1448 3794 25 5217
5511 1552 3959 15 5496
5287 1466 3821 20 5267
5017 1405 3612 19 4998
5063 1397 3666 21 5042
5499 1470 4029 23 5476
5345 1449 3896 27 5318
5186 1393 3793 24 5162
5273 1431 3842 33 5240
5382 1524 3858 21 5361
5441 1512 3929 28 5413
5180 1493 3687 19 5161
5121 1433 3688 24 5097
4714 1302 3412 26 4688
5082 1324 3758 21 5061
5167 1405 3762 20 5147
5566 1516 4050 28 5538
5169 1361 3808 35 5134
5435 1493 3942 26 5409
4910 1394 3516 17 4893
5708 1542 4166 23 5685
5857 1638 4219 31 5826
5592 1572 4020 22 5570
5012 1374 3638 17 4995
4998 1333 3665 22 4976
5397 1507 3890 24 5373
5376 1473 3903 34 5342
4932 1374 3558 32 4900
5392 1395 3997 23 5369
5370 1575 3795 23 5347
5166 1453 3713 32 5134
4873 1336 3537 24 4849
5214 1518 3696 28 5186
5211 1388 3823 21 5190
5180 1427 3753 22 5158
5061 1413 3648 25 5036
5242 1412 3830 28 5214
4780 1328 3452 17 4763
5322 1406 3916 26 5296
5184 1406 3778 33 5151
5232 1457 3775 28 5204
5290 1410 3880 31 5259
5001 1382 3619 20 4981
5311 1462 3849 17 5294
5126 1423 3703 23 5103
5340 1483 3857 23 5317
5124 1447 3677 20 5104
5070 1411 3659 25 5045
5324 1417 3907 17 5307
5280 1427 3853 24 5256
5598 1590 4008 31 5567
5150 1360 3790 25 5125
5032 1398 3634 22 5010
5175 1460 3715 29 5146
5219 1475 3744 14 5205
4939 1404 3535 25 4914
5381 1533 3848 20 5361
5351 1468 3883 23 5328
5395 1487 3908 25 5370
5159 1380 3779 22 5137
5110 1440 3670 29 5081
5503 1527 3976 25 5478
5551 1535 4016 21 5530
5373 1486 3887 18 5355
5512 1509 4003 26 5486
5475 1545 3930 20 5455
5154 1412 3742 24 5130
5276 1435 3841 28 5248
5755 1641 4114 31 5724
5379 1508 3871 24 5355
5245 1393 3852 18 5227
4786 1256 3530 23 4763
5397 1470 3927 19 5378
5654 1509 4145 19 5635
5132 1440 3692 22 5110
5155 1450 3705 36 5119
5333 1483 3850 26 5307
5336 1514 3822 29 5307
5416 1526 3890 24 5392
5006 1355 3651 26 4980
5101 1379 3722 21 5080
5316 1397 3919 25 5291
5331 1461 3870 23 5308
5131 1398 3733 24 5107
5193 1425 3768 25 5168
5305 1445 3860 25 5280
5642 1549 4093 20 5622
5025 1371 3654 23 5002
4945 1310 3635 26 4919
5200 1366 3834 27 5173
5339 1411 3928 19 5320
5320 1487 3833 18 5302
5159 1447 3712 23 5136
4827 1359 3468 22 4805
5726 1623 4103 32 5694
5345 1437 3908 26 5319
4906 1319 3587 25 4881
4535 1248 3287 20 4515
5057 1392 3665 17 5040
5250 1451 3799 29 5221
5446 1505 3941 24 5422
4837 1336 3501 27 4810
5086 1384 3702 25 5061
5425 1512 3913 30 5395
5162 1451 3711 25 5137
5206 1386 3820 22 5184
5063 1370 3693 22 5041
5103 1401 3702 19 5084
5105 1457 3648 22 5083
5248 1458 3790 21 5227
4922 1379 3543 25 4897
5321 1458 3863 24 5297
4983 1351 3632 27 4956
5302 1411 3891 21 5281
5042 1406 3636 25 5017
5306 1444 3862 25 5281
5043 1367 3676 21 5022
5561 1508 4053 24 5537
5242 1437 3805 13 5229
4957 1342 3615 25 4932
5158 1408 3750 20 5138
4815 1401 3414 18 4797
5112 1363 3749 24 5088
5259 1453 3806 22 5237
5386 1463 3923 23 5363
4930 1361 3569 24 4906
5235 1439 3796 24 5211
5474 1508 3966 32 5442
5298 1446 3852 19 5279
5563 1560 4003 22 5541
5098 1346 3752 23 5075
4838 1353 3485 23 4815
5156 1385 3771 19 5137
5350 1489 3861 27 5323
5015 1383 3632 27 4988
5428 1449 3979 29 5399
4982 1344 3638 24 4958
5297 1469 3828 22 5275
5419 1468 3951 34 5385
5076 1408 3668 24 5052
5045 1401 3644 28 5017
5403 1521 3882 24 5379
4956 1370 3586 19 4937
5140 1524 3616 23 5117
5014 1373 3641 18 4996
5433 1489 3944 33 5400
5129 1406 3723 21 5108
5319 1462 3857 16 5303
5404 1431 3973 12 5392
5280 1487 3793 27 5253
5600 1552 4048 24 5576
5272 1484 3788 23 5249
5465 1552 3913 22 5443
4659 1301 3358 20 4639
5002 1363 3639 15 4987
5337 1431 3906 24 5313
4756 1287 3469 27 4729
5279 1499 3780 29 5250
5045 1392 3653 28 5017
4917 1377 3540 19 4898
4867 1334 3533 24 4843
5144 1419 3725 26 5118
4885 1355 3530 20 4865
5329 1481 3848 22 5307
5088 1412 3676 16 5072
5029 1395 3634 25 5004
4994 1398 3596 15 4979
5226 1447 3779 23 5203
5267 1430 3837 27 5240
5246 1477 3769 24 5222
5162 1414 3748 26 5136
4995 1431 3564 18 4977
5076 1432 3644 23 5053
4926 1374 3552 17 4909
5277 1473 3804 31 5246
4950 1393 3557 17 4933
4951 1395 3556 18 4933
5203 1439 3764 24 5179
5567 1534 4033 28 5539
5266 1394 3872 22 5244
5557 1504 4053 19 5538
5518 1510 4008 28 5490
5307 1401 3906 21 5286
5165 1395 3770 17 5148
5147 1443 3704 29 5118
5298 1440 3858 23 5275
5089 1451 3638 15 5074
4762 1239 3523 19 4743
5364 1475 3889 31 5333
4887 1425 3462 27 4860
5358 1482 3876 24 5334
5231 1450 3781 24 5207
5357 1456 3901 22 5335
5041 1420 3621 31 5010
5247 1418 3829 18 5229
5483 1507 3976 26 5457
4949 1349 3600 14 4935
5128 1426 3702 19 5109
5310 1376 3934 19 5291
4860 1380 3480 22 4838
5293 1405 3888 20 5273
4988 1383 3605 20 4968
5261 1417 3844 18 5243
5319 1473 3846 20 5299
5064 1317 3747 28 5036
4901 1435 3466 26 4875
4975 1371 3604 26 4949
4852 1304 3548 19 4833
5354 1458 3896 25 5329
5503 1423 4080 24 5479
5281 1413 3868 24 5257
5095 1384 3711 18 5077
5022 1326 3696 19 5003
5000 1362 3638 29 4971
4836 1272 3564 18 4818
5018 1386 3632 25 4993
4974 1296 3678 17 4957
5428 1514 3914 14 5414
5007 1405 3602 23 4984
4820 1307 3513 18 4802
5147 1338 3809 25 5122
5302 1456 3846 30 5272
5277 1445 3832 26 5251
5545 1490 4055 18 5527
4972 1341 3631 28 4944
5350 1500 3850 21 5329
4886 1356 3530 21 4865
5343 1446 3897 21 5322
4823 1241 3582 26 4797
5266 1460 3806 24 5242
5139 1433 3706 20 5119
5183 1413 3770 25 5158
4990 1341 3649 18 4972
5199 1396 3803 20 5179
5214 1412 3802 25 5189
5165 1407 3758 17 5148
5644 1545 4099 24 5620
5101 1438 3663 25 5076
5876 1637 4239 35 5841
4958 1380 3578 23 4935
5192 1434 3758 32 5160
4439 1256 3183 28 4411
5146 1429 3717 31 5115
5172 1404 3768 17 5155
5199 1393 3806 21 5178
5243 1445 3798 36 5207
5056 1424 3632 34 5022
5292 1396 3896 29 5263
4911 1310 3601 18 4893
5554 1515 4039 25 5529
5148 1430 3718 24 5124
4955 1363 3592 20 4935
5199 1396 3803 31 5168
5268 1440 3828 23 5245
5039 1469 3570 24 5015
5342 1447 3895 31 5311
4745 1336 3409 26 4719
4663 1307 3356 22 4641
5088 1433 3655 18 5070
4774 1338 3436 19 4755
5007 1342 3665 20 4987
5146 1412 3734 30 5116
5129 1425 3704 25 5104
5303 1425 3878 27 5276
5453 1495 3958 29 5424
5086 1439 3647 24 5062
5176 1414 3762 29 5147
5347 1417 3930 21 5326
5139 1338 3801 16 5123
5065 1439 3626 24 5041
4848 1326 3522 30 4818
5270 1506 3764 24 5246
5067 1399 3668 23 5044
5041 1408 3633 27 5014
4860 1302 3558 26 4834
5484 1537 3947 29 5455
5153 1399 3754 19 5134
5391 1487 3904 23 5368
5303 1432 3871 22 5281
4621 1297 3324 15 4606
5063 1344 3719 28 5035
5206 1469 3737 30 5176
5788 1578 4210 21 5767
5180 1427 3753 29 5151
4638 1237 3401 22 4616
4928 1332 3596 26 4902
4999 1352 3647 22 4977
5005 1342 3663 19 4986
5223 1411 3812 30 5193
5117 1422 3695 20 5097
5068 1357 3711 28 5040
5182 1428 3754 29 5153
4951 1344 3607 22 4929
5440 1484 3956 20 5420
4822 1350 3472 20 4802
4832 1312 3520 19 4813
5632 1587 4045 28 5604
5208 1371 3837 22 5186
4971 1333 3638 13 4958
5088 1352 3736 22 5066
5201 1446 3755 27 5174
5443 1459 3984 22 5421
5529 1520 4009 23 5506
5429 1562 3867 21 5408
5711 1599 4112 15 5696
5373 1520 3853 22 5351
5349 1492 3857 20 5329
4928 1385 3543 24 4904
5287 1446 3841 24 5263
5181 1361 3820 22 5159
5262 1441 3821 21 5241
5306 1394 3912 24 5282
5388 1480 3908 32 5356
5294 1455 3839 16 5278
5186 1431 3755 27 5159
5122 1396 3726 28 5094
5086 1372 3714 18 5068
4801 1320 3481 18 4783
5058 1376 3682 14 5044
4832 1336 3496 20 4812
5121 1367 3754 24 5097
4962 1414 3548 14 4948
5040 1390 3650 19 5021
4740 1315 3425 21 4719
5121 1358 3763 26 5095
5280 1449 3831 25 5255
5001 1416 3585 24 4977
5257 1435 3822 25 5232
5110 1366 3744 21 5089
5556 1574 3982 26 5530
4997 1374 3623 29 4968
5351 1491 3860 22 5329
5120 1364 3756 31 5089
5134 1420 3714 25 5109
4884 1395 3489 21 4863
5094 1408 3686 25 5069
5143 1386 3757 27 5116
4852 1372 3480 20 4832
5321 1441 3880 28 5293
5286 1444 3842 25 5261
5158 1402 3756 20 5138
5071 1391 3680 21 5050
5297 1477 3820 23 5274
5265 1439 3826 26 5239
5102 1403 3699 32 5070
4985 1403 3582 26 4959
4985 1326 3659 19 4966
5558 1477 4081 23 5535
5298 1458 3840 22 5276
5012 1341 3671 28 4984
5381 1520 3861 26 5355
5184 1386 3798 23 5161
4944 1424 3520 23 4921
5111 1437 3674 24 5087
4921 1371 3550 20 4901
4984 1341 3643 27 4957
5250 1468 3782 18 5232
5305 1410 3895 29 5276
5387 1522 3865 24 5363
5010 1395 3615 20 4990
5169 1424 3745 22 5147
5228 1469 3759 22 5206
5155 1413 3742 21 5134
5370 1511 3859 25 5345
4793 1321 3472 23 4770
4840 1342 3498 21 4819
5042 1359 3683 21 5021
5481 1524 3957 24 5457
5222 1407 3815 18 5204
4941 1348 3593 15 4926
5135 1416 3719 23 5112
5243 1471 3772 26 5217
5172 1399 3773 25 5147
5590 1522 4068 38 5552
5435 1433 4002 25 5410
5198 1485 3713 33 5165
5437 1438 3999 22 5415
5353 1466 3887 20 5333
5204 1385 3819 22 5182
5085 1406 3679 29 5056
5270 1431 3839 18 5252
5088 1397 3691 24 5064
5271 1439 3832 29 5242
5435 1507 3928 17 5418
5214 1397 3817 28 5186
5193 1432 3761 24 5169
5584 1539 4045 28 5556
5412 1477 3935 18 5394
5051 1343 3708 26 5025
5024 1360 3664 31 4993
4994 1393 3601 24 4970
5312 1420 3892 27 5285
4983 1358 3625 38 4945
5172 1386 3786 22 5150
5208 1476 3732 32 5176
4915 1339 3576 16 4899
4942 1401 3541 29 4913
5361 1461 3900 23 5338
5236 1451 3785 23 5213
4824 1345 3479 22 4802
5306 1408 3898 23 5283
5099 1428 3671 19 5080
4946 1343 3603 28 4918
5481 1478 4003 32 5449
5326 1434 3892 23 5303
5494 1536 3958 36 5458
4944 1339 3605 20 4924
4895 1304 3591 22 4873
4763 1321 3442 25 4738
5369 1449 3920 31 5338
4704 1308 3396 25 4679
5181 1436 3745 24 5157
5076 1404 3672 23 5053
5255 1470 3785 21 5234
4985 1385 3600 27 4958
4969 1467 3502 23 4946
5031 1398 3633 25 5006
4676 1330 3346 21 4655
4819 1283 3536 21 4798
5200 1425 3775 36 5164
4849 1341 3508 21 4828
5144 1403 3741 23 5121
5353 1469 3884 27 5326
5040 1381 3659 24 5016
5152 1438 3714 24 5128
5282 1447 3835 19 5263
4757 1312 3445 24 4733
4802 1300 3502 22 4780
4693 1327 3366 30 4663
5182 1366 3816 20 5162
5268 1441 3827 35 5233
5047 1408 3639 28 5019
5378 1483 3895 26 5352
5240 1415 3825 25 5215
4979 1414 3565 25 4954
5428 1494 3934 25 5403
4886 1357 3529 29 4857
4913 1305 3608 26 4887
5074 1402 3672 20 5054
5079 1369 3710 26 5053
4865 1311 3554 21 4844
5045 1373 3672 22 5023
5078 1416 3662 19 5059
5190 1415 3775 18 5172
5255 1437 3818 24 5231
5359 1451 3908 19 5340
4935 1391 3544 35 4900
5267 1436 3831 25 5242
5197 1442 3755 21 5176
5202 1458 3744 25 5177
5012 1433 3579 25 4987
4995 1413 3582 25 4970
5168 1432 3736 28 5140
5522 1527 3995 29 5493
4969 1436 3533 22 4947
5151 1397 3754 24 5127
5241 1447 3794 18 5223
4825 1314 3511 21 4804
4994 1372 3622 32 4962
4990 1379 3611 25 4965
5274 1469 3805 18 5256
4931 1356 3575 16 4915
4935 1401 3534 22 4913
4772 1303 3469 20 4752
4925 1376 3549 33 4892
4670 1285 3385 26 4644
5153 1424 3729 22 5131
5221 1452 3769 23 5198
5362 1481 3881 20 5342
5194 1426 3768 18 5176
5000 1357 3643 22 4978
5263 1430 3833 31 5232
4906 1349 3557 21 4885
5572 1452 4120 28 5544
5172 1375 3797 21 5151
4835 1341 3494 22 4813
5028 1457 3571 29 4999
5590 1571 4019 28 5562
5029 1439 3590 24 5005
4694 1324 3370 26 4668
4853 1322 3531 21 4832
4909 1395 3514 22 4887
4947 1351 3596 19 4928
5260 1510 3750 28 5232
4927 1338 3589 20 4907
5000 1370 3630 31 4969
4949 1364 3585 22 4927
5147 1405 3742 17 5130
5616 1544 4072 37 5579
5057 1400 3657 28 5029
5120 1437 3683 15 5105
5276 1433 3843 29 5247
4559 1191 3368 25 4534
5137 1415 3722 23 5114
4981 1372 3609 22 4959
4832 1323 3509 27 4805
5376 1467 3909 24 5352
4961 1394 3567 20 4941
5271 1425 3846 20 5251
4934 1345 3589 20 4914
5012 1340 3672 25 4987
4948 1337 3611 18 4930
5126 1424 3702 27 5099
5111 1415 3696 18 5093
5241 1450 3791 22 5219
4766 1320 3446 20 4746
5120 1419 3701 19 5101
5039 1335 3704 26 5013
5588 1556 4032 32 5556
5244 1441 3803 16 5228
5887 1640 4247 33 5854
5425 1510 3915 19 5406
5522 1544 3978 31 5491
5284 1454 3830 21 5263
5171 1394 3777 16 5155
5099 1400 3699 23 5076
5346 1512 3834 20 5326
5019 1382 3637 22 4997
5809 1567 4242 23 5786
4782 1290 3492 20 4762
5014 1432 3582 15 4999
5069 1356 3713 21 5048
5157 1370 3787 19 5138
5440 1492 3948 22 5418
4781 1320 3461 23 4758
4655 1284 3371 14 4641
5328 1439 3889 25 5303
4874 1299 3575 22 4852
5152 1446 3706 35 5117
5346 1508 3838 29 5317
5338 1477 3861 17 5321
5241 1413 3828 32 5209
4948 1412 3536 23 4925
5264 1448 3816 20 5244
5453 1505 3948 28 5425
5057 1421 3636 16 5041
5092 1390 3702 21 5071
5269 1462 3807 30 5239
5270 1456 3814 28 5242
5411 1472 3939 27 5384
5086 1381 3705 31 5055
5149 1427 3722 18 5131
4745 1299 3446 21 4724
5985 1645 4340 30 5955
5413 1498 3915 32 5381
5417 1488 3929 29 5388
4972 1359 3613 21 4951
4975 1366 3609 20 4955
4884 1307 3577 16 4868
5416 1497 3919 23 5393
5027 1410 3617 21 5006
5202 1423 3779 25 5177
4754 1304 3450 23 4731
5130 1455 3675 24 5106
5334 1444 3890 27 5307
4697 1275 3422 26 4671
5157 1344 3813 23 5134
5230 1400 3830 31 5199
5090 1456 3634 25 5065
5091 1381 3710 27 5064
5103 1362 3741 19 5084
5173 1415 3758 26 5147
5657 1556 4101 32 5625
4976 1397 3579 30 4946
5262 1440 3822 27 5235
5445 1544 3901 29 5416
5031 1391 3640 22 5009
5382 1481 3901 30 5352
5180 1405 3775 29 5151
5374 1445 3929 20 5354
5233 1382 3851 21 5212
5430 1484 3946 21 5409
5370 1417 3953 19 5351
5185 1465 3720 26 5159
5078 1436 3642 18 5060
5895 1659 4236 28 5867
4942 1382 3560 25 4917
5171 1421 3750 26 5145
5055 1356 3699 26 5029
5097 1423 3674 31 5066
5019 1390 3629 28 4991
4893 1384 3509 35 4858
4784 1333 3451 19 4765
5716 1520 4196 32 5684
4941 1338 3603 20 4921
5485 1467 4018 20 5465
5122 1382 3740 22 5100
5133 1425 3708 33 5100
5302 1479 3823 32 5270
5457 1484 3973 22 5435
4868 1352 3516 26 4842
4901 1346 3555 26 4875
5321 1469 3852 21 5300
5169 1421 3748 24 5145
5400 1454 3946 23 5377
5002 1357 3645 20 4982
5010 1403 3607 19 4991
5356 1465 3891 25 5331
4868 1333 3535 19 4849
5170 1450 3720 34 5136
4704 1312 3392 24 4680
5140 1377 3763 20 5120
5384 1461 3923 24 5360
5145 1411 3734 20 5125
5130 1397 3733 21 5109
5186 1430 3756 32 5154
4748 1310 3438 15 4733
4757 1284 3473 20 4737
5392 1525 3867 21 5371
4942 1421 3521 29 4913
5160 1422 3738 29 5131
4809 1323 3486 27 4782
4979 1396 3583 28 4951
5078 1417 3661 21 5057
5103 1414 3689 22 5081
5224 1449 3775 27 5197
5182 1449 3733 22 5160
5247 1389 3858 25 5222
5227 1448 3779 20 5207
5107 1383 3724 33 5074
5405 1487 3918 23 5382
5695 1539 4156 27 5668
4995 1412 3583 14 4981
4998 1317 3681 25 4973
4985 1402 3583 24 4961
5194 1423 3771 26 5168
4855 1326 3529 23 4832
5506 1478 4028 19 5487
5371 1434 3937 24 5347
5525 1522 4003 23 5502
5236 1455 3781 20 5216
5263 1382 3881 25 5238
5022 1407 3615 30 4992
5265 1478 3787 22 5243
5084 1460 3624 22 5062
4918 1387 3531 20 4898
5130 1437 3693 30 5100
5457 1471 3986 19 5438
5106 1374 3732 12 5094
5622 1540 4082 24 5598
5198 1425 3773 24 5174
5293 1459 3834 24 5269
5141 1409 3732 25 5116
5091 1372 3719 25 5066
5452 1493 3959 29 5423
5201 1386 3815 20 5181
5312 1475 3837 22 5290
4928 1367 3561 26 4902
5205 1382 3823 28 5177
4619 1310 3309 19 4600
5591 1586 4005 27 5564
4831 1292 3539 28 4803
4978 1371 3607 23 4955
4905 1285 3620 22 4883
5114 1447 3667 23 5091
5002 1322 3680 25 4977
5109 1455 3654 18 5091
5169 1387 3782 29 5140
5119 1377 3742 20 5099
5135 1399 3736 20 5115
5264 1510 3754 26 5238
5225 1513 3712 32 5193
5150 1429 3721 25 5125
4946 1388 3558 12 4934
5398 1504 3894 23 5375
5212 1469 3743 23 5189
5235 1418 3817 38 5197
5363 1439 3924 28 5335
5160 1409 3751 14 5146
5280 1408 3872 19 5261
5291 1447 3844 29 5262
5080 1420 3660 31 5049
4887 1374 3513 29 4858
5294 1423 3871 20 5274
5509 1523 3986 16 5493
5564 1526 4038 17 5547
4962 1355 3607 17 4945
5241 1441 3800 24 5217
5267 1489 3778 28 5239
5098 1453 3645 29 5069
5282 1472 3810 35 5247
5464 1507 3957 21 5443
5047 1381 3666 25 5022
5420 1500 3920 37 5383
4957 1380 3577 21 4936
5152 1413 3739 19 5133
5188 1417 3771 21 5167
5237 1459 3778 25 5212
5389 1498 3891 35 5354
5908 1626 4282 24 5884
5171 1422 3749 21 5150
4881 1386 3495 16 4865
5453 1491 3962 30 5423
5112 1364 3748 30 5082
5059 1369 3690 31 5028
4751 1266 3485 33 4718
5478 1548 3930 35 5443
4925 1374 3551 22 4903
5159 1414 3745 20 5139
4662 1291 3371 29 4633
5066 1377 3689 25 5041
4995 1380 3615 24 4971
5392 1490 3902 28 5364
4965 1393 3572 20 4945
5198 1396 3802 17 5181
5320 1443 3877 29 5291
5095 1434 3661 28 5067
5316 1462 3854 25 5291
5175 1390 3785 23 5152
5286 1536 3750 23 5263
5089 1343 3746 25 5064
5065 1311 3754 19 5046
5381 1448 3933 23 5358
5081 1377 3704 19 5062
5412 1487 3925 18 5394
5320 1457 3863 30 5290
5202 1374 3828 20 5182
5178 1427 3751 32 5146
5121 1383 3738 15 5106
4930 1366 3564 17 4913
5388 1540 3848 29 5359
5680 1575 4105 32 5648
5425 1499 3926 19 5406
5088 1391 3697 26 5062
4794 1330 3464 27 4767
5484 1484 4000 30 5454
5093 1355 3738 22 5071
5221 1394 3827 25 5196
5513 1485 4028 25 5488
5049 1417 3632 27 5022
4815 1253 3562 26 4789
5821 1603 4218 26 5795
5173 1414 3759 17 5156
4917 1377 3540 19 4898
5373 1515 3858 36 5337
5526 1529 3997 26 5500
5675 1603 4072 39 5636
5248 1454 3794 25 5223
5466 1476 3990 31 5435
5168 1448 3720 20 5148
5180 1409 3771 22 5158
5023 1363 3660 23 5000
5231 1451 3780 29 5202
4976 1393 3583 20 4956
5055 1405 3650 26 5029
5168 1459 3709 20 5148
5309 1453 3856 18 5291
5220 1422 3798 17 5203
4865 1344 3521 20 4845
5231 1433 3798 21 5210
5111 1355 3756 23 5088
5408 1504 3904 25 5383
5044 1382 3662 20 5024
5157 1396 3761 33 5124
5717 1553 4164 34 5683
5102 1369 3733 28 5074
5220 1426 3794 19 5201
5353 1478 3875 25 5328
5120 1458 3662 22 5098
5017 1358 3659 24 4993
5313 1502 3811 30 5283
5173 1413 3760 16 5157
5291 1499 3792 30 5261
5111 1419 3692 21 5090
5314 1450 3864 18 5296
5299 1414 3885 26 5273
5589 1501 4088 26 5563
5049 1402 3647 22 5027
5099 1409 3690 13 5086
5487 1532 3955 25 5462
5073 1448 3625 25 5048
5092 1462 3630 35 5057
4889 1361 3528 31 4858
5358 1435 3923 25 5333
5161 1432 3729 20 5141
4982 1376 3606 17 4965
4950 1403 3547 35 4915
5541 1535 4006 25 5516
5330 1414 3916 14 5316
5197 1450 3747 18 5179
4808 1299 3509 20 4788
5100 1376 3724 28 5072
