5578 5429 149 5428 150
5442 5293 149 5292 150
5595 5458 137 5457 138
5448 5316 132 5315 133
5562 5427 135 5426 136
5466 5352 114 5351 115
5536 5400 136 5398 138
5408 5284 124 5283 125
5419 5298 121 5296 123
5330 5231 99 5229 101
5340 5223 117 5223 117
5430 5295 135 5295 135
5718 5602 116 5601 117
5811 5692 119 5691 120
5383 5266 117 5266 117
5519 5385 134 5385 134
5451 5320 131 5320 131
5300 5186 114 5185 115
5633 5521 112 5521 112
5333 5220 113 5220 113
5221 5109 112 5108 113
5519 5423 96 5422 97
5610 5483 127 5482 128
5044 4930 114 4929 115
5579 5473 106 5472 107
5613 5465 148 5465 148
5790 5659 131 5657 133
5136 5013 123 5011 125
5131 4997 134 4997 134
5626 5511 115 5510 116
5698 5583 115 5580 118
5684 5591 93 5589 95
5319 5188 131 5186 133
5425 5326 99 5326 99
5316 5193 123 5193 123
5799 5675 124 5673 126
5393 5266 127 5266 127
5256 5140 116 5140 116
4981 4881 100 4879 102
5139 5014 125 5012 127
5323 5193 130 5190 133
5399 5285 114 5285 114
5277 5160 117 5158 119
5590 5467 123 5465 125
5355 5255 100 5255 100
5853 5737 116 5735 118
5252 5140 112 5137 115
5545 5426 119 5426 119
5453 5315 138 5312 141
5520 5389 131 5388 132
5255 5124 131 5123 132
5195 5087 108 5087 108
5207 5094 113 5091 116
5686 5571 115 5570 116
5468 5335 133 5331 137
5366 5226 140 5226 140
5033 4917 116 4917 116
5456 5331 125 5330 126
5177 5073 104 5073 104
5285 5122 163 5122 163
5099 4968 131 4968 131
5120 4986 134 4986 134
5301 5177 124 5177 124
5269 5135 134 5134 135
5135 5005 130 5003 132
4837 4751 86 4749 88
5119 5014 105 5014 105
5166 5047 119 5047 119
4846 4731 115 4729 117
5491 5352 139 5350 141
5221 5099 122 5099 122
4685 4578 107 4578 107
4924 4818 106 4818 106
5166 5053 113 5052 114
5114 5019 95 5019 95
5493 5365 128 5365 128
4966 4856 110 4855 111
4872 4772 100 4771 101
5029 4918 111 4918 111
4847 4746 101 4745 102
4809 4683 126 4683 126
4931 4819 112 4818 113
4973 4874 99 4873 100
5008 4907 101 4906 102
5155 5027 128 5027 128
5478 5347 131 5347 131
5222 5094 128 5091 131
4961 4843 118 4842 119
5420 5288 132 5286 134
5381 5259 122 5259 122
5076 4956 120 4955 121
5177 5076 101 5076 101
5075 4966 109 4963 112
5253 5126 127 5125 128
5151 5032 119 5030 121
5015 4928 87 4928 87
5041 4925 116 4923 118
5185 5064 121 5061 124
4951 4837 114 4836 115
5324 5211 113 5211 113
4974 4863 111 4863 111
4925 4841 84 4839 86
4876 4761 115 4760 116
5090 4966 124 4963 127
5633 5502 131 5501 132
4856 4766 90 4766 90
5134 5007 127 5006 128
4780 4673 107 4672 108
5161 5056 105 5054 107
4994 4872 122 4871 123
5369 5233 136 5232 137
5113 5002 111 5001 112
5288 5165 123 5164 124
5018 4897 121 4896 122
5518 5406 112 5404 114
5431 5297 134 5297 134
5081 4950 131 4950 131
5376 5264 112 5262 114
4724 4617 107 4617 107
5071 4974 97 4973 98
4931 4829 102 4828 103
4915 4798 117 4797 118
4899 4784 115 4784 115
5107 4996 111 4993 114
4982 4871 111 4871 111
4767 4665 102 4664 103
5056 4967 89 4965 91
5229 5119 110 5117 112
5449 5311 138 5310 139
5343 5219 124 5218 125
5158 5044 114 5042 116
5612 5507 105 5505 107
5231 5115 116 5114 117
5079 4962 117 4961 118
5324 5210 114 5210 114
5066 4956 110 4954 112
4980 4857 123 4857 123
5241 5143 98 5143 98
5271 5163 108 5163 108
5209 5078 131 5078 131
5046 4925 121 4924 122
4935 4835 100 4834 101
5208 5089 119 5089 119
5020 4905 115 4904 116
4963 4848 115 4846 117
5449 5329 120 5327 122
5082 4947 135 4945 137
5101 4992 109 4992 109
5368 5239 129 5239 129
5398 5275 123 5274 124
5538 5401 137 5400 138
5630 5506 124 5506 124
5580 5466 114 5466 114
4948 4838 110 4838 110
5483 5367 116 5366 117
5393 5274 119 5274 119
5562 5453 109 5452 110
5819 5669 150 5669 150
5704 5563 141 5561 143
5538 5391 147 5390 148
5517 5403 114 5402 115
5667 5550 117 5549 118
5529 5408 121 5407 122
5479 5346 133 5345 134
5807 5698 109 5698 109
4794 4706 88 4706 88
5452 5323 129 5323 129
5353 5239 114 5239 114
5531 5403 128 5402 129
4828 4734 94 4734 94
5733 5605 128 5604 129
5652 5523 129 5522 130
5836 5698 138 5697 139
5237 5120 117 5119 118
5111 4995 116 4994 117
5785 5617 168 5616 169
5384 5245 139 5243 141
5484 5362 122 5361 123
5414 5304 110 5302 112
5722 5584 138 5582 140
5795 5660 135 5660 135
4666 4567 99 4566 100
5504 5382 122 5382 122
5533 5411 122 5408 125
5123 5012 111 5011 112
5336 5228 108 5227 109
5145 5030 115 5029 116
5517 5412 105 5412 105
5064 4969 95 4969 95
4959 4850 109 4850 109
5855 5717 138 5716 139
5335 5203 132 5201 134
5415 5312 103 5310 105
4940 4826 114 4825 115
5043 4937 106 4937 106
5103 4993 110 4993 110
5167 5060 107 5060 107
5366 5237 129 5236 130
5005 4907 98 4907 98
5349 5230 119 5230 119
5891 5781 110 5778 113
5123 5020 103 5020 103
5630 5510 120 5509 121
5565 5450 115 5449 116
5616 5497 119 5497 119
5154 5042 112 5039 115
5389 5263 126 5263 126
5562 5424 138 5422 140
4829 4728 101 4727 102
5005 4879 126 4877 128
5022 4904 118 4904 118
5496 5370 126 5370 126
5633 5506 127 5506 127
5403 5270 133 5270 133
5295 5190 105 5190 105
5367 5252 115 5250 117
5037 4898 139 4897 140
4992 4877 115 4876 116
5242 5124 118 5124 118
5511 5388 123 5385 126
5287 5165 122 5165 122
5017 4911 106 4910 107
5063 4940 123 4940 123
5499 5387 112 5387 112
5345 5225 120 5225 120
5186 5074 112 5072 114
5273 5156 117 5155 118
5382 5260 122 5258 124
5441 5317 124 5317 124
5180 5073 107 5070 110
5121 5013 108 5011 110
4714 4618 96 4617 97
5082 4957 125 4955 127
5167 5048 119 5046 121
5566 5444 122 5443 123
5169 5045 124 5045 124
5435 5308 127 5306 129
4910 4801 109 4800 110
5708 5577 131 5577 131
5857 5712 145 5710 147
5592 5468 124 5468 124
5012 4916 96 4916 96
4998 4888 110 4888 110
5397 5282 115 5282 115
5376 5236 140 5235 141
4932 4811 121 4811 121
5392 5275 117 5275 117
5370 5245 125 5245 125
5166 5068 98 5066 100
4873 4768 105 4767 106
5214 5100 114 5100 114
5211 5096 115 5095 116
5180 5048 132 5045 135
5061 4955 106 4955 106
5242 5131 111 5129 113
4780 4678 102 4677 103
5322 5223 99 5221 101
5184 5057 127 5055 129
5232 5131 101 5130 102
5290 5174 116 5174 116
5001 4900 101 4899 102
5311 5183 128 5182 129
5126 5011 115 5011 115
5340 5241 99 5240 100
5124 5023 101 5023 101
5070 4958 112 4958 112
5324 5208 116 5207 117
5280 5153 127 5152 128
5598 5492 106 5492 106
5150 5045 105 5043 107
5032 4930 102 4930 102
5175 5049 126 5047 128
5219 5095 124 5094 125
4939 4842 97 4842 97
5381 5268 113 5267 114
5351 5242 109 5240 111
5395 5271 124 5268 127
5159 5052 107 5052 107
5110 4994 116 4994 116
5503 5361 142 5360 143
5551 5428 123 5426 125
5373 5275 98 5275 98
5512 5392 120 5391 121
5475 5324 151 5323 152
5154 5034 120 5034 120
5276 5169 107 5167 109
5755 5640 115 5639 116
5379 5262 117 5262 117
5245 5126 119 5126 119
4786 4689 97 4688 98
5397 5271 126 5267 130
5654 5507 147 5507 147
5132 5030 102 5028 104
5155 5043 112 5042 113
5333 5228 105 5228 105
5336 5224 112 5221 115
5416 5298 118 5298 118
5006 4878 128 4878 128
5101 4997 104 4997 104
5316 5196 120 5196 120
5331 5212 119 5210 121
5131 5024 107 5023 108
5193 5075 118 5075 118
5305 5176 129 5176 129
5642 5513 129 5510 132
5025 4914 111 4913 112
4945 4817 128 4817 128
5200 5095 105 5094 106
5339 5216 123 5216 123
5320 5200 120 5199 121
5159 5039 120 5038 121
4827 4723 104 4723 104
5726 5598 128 5597 129
5345 5224 121 5223 122
4906 4803 103 4803 103
4535 4426 109 4423 112
5057 4931 126 4929 128
5250 5122 128 5122 128
5446 5320 126 5320 126
4837 4742 95 4742 95
5086 4978 108 4976 110
5425 5277 148 5277 148
5162 5055 107 5052 110
5206 5085 121 5085 121
5063 4954 109 4951 112
5103 4986 117 4984 119
5105 4992 113 4992 113
5248 5114 134 5113 135
4922 4817 105 4815 107
5321 5209 112 5208 113
4983 4877 106 4877 106
5302 5194 108 5194 108
5042 4929 113 4929 113
5306 5193 113 5193 113
5043 4936 107 4936 107
5561 5432 129 5430 131
5242 5135 107 5132 110
4957 4852 105 4851 106
5158 5044 114 5042 116
4815 4709 106 4709 106
5112 5009 103 5009 103
5259 5139 120 5138 121
5386 5263 123 5263 123
4930 4825 105 4824 106
5235 5131 104 5130 105
5474 5353 121 5353 121
5298 5162 136 5161 137
5563 5438 125 5437 126
5098 4989 109 4988 110
4838 4712 126 4707 131
5156 5027 129 5027 129
5350 5219 131 5219 131
5015 4914 101 4913 102
5428 5307 121 5304 124
4982 4883 99 4881 101
5297 5172 125 5170 127
5419 5298 121 5297 122
5076 4967 109 4965 111
5045 4945 100 4944 101
5403 5295 108 5295 108
4956 4844 112 4843 113
5140 5025 115 5025 115
5014 4898 116 4898 116
5433 5318 115 5317 116
5129 5021 108 5019 110
5319 5215 104 5214 105
5404 5270 134 5270 134
5280 5167 113 5167 113
5600 5471 129 5466 134
5272 5151 121 5150 122
5465 5344 121 5344 121
4659 4548 111 4543 116
5002 4901 101 4899 103
5337 5210 127 5210 127
4756 4656 100 4655 101
5279 5140 139 5140 139
5045 4923 122 4921 124
4917 4829 88 4828 89
4867 4765 102 4764 103
5144 5021 123 5019 125
4885 4769 116 4769 116
5329 5210 119 5208 121
5088 4975 113 4975 113
5029 4914 115 4914 115
4994 4895 99 4895 99
5226 5126 100 5125 101
5267 5153 114 5150 117
5246 5133 113 5133 113
5162 5037 125 5034 128
4995 4892 103 4891 104
5076 4973 103 4973 103
4926 4794 132 4794 132
5277 5159 118 5158 119
4950 4827 123 4827 123
4951 4833 118 4832 119
5203 5081 122 5081 122
5567 5439 128 5438 129
5266 5126 140 5124 142
5557 5435 122 5435 122
5518 5398 120 5397 121
5307 5166 141 5165 142
5165 5061 104 5059 106
5147 5048 99 5048 99
5298 5171 127 5170 128
5089 4985 104 4983 106
4762 4660 102 4659 103
5364 5244 120 5244 120
4887 4786 101 4785 102
5358 5256 102 5255 103
5231 5114 117 5113 118
5357 5247 110 5244 113
5041 4948 93 4945 96
5247 5152 95 5149 98
5483 5373 110 5373 110
4949 4835 114 4835 114
5128 5014 114 5013 115
5310 5184 126 5182 128
4860 4753 107 4753 107
5293 5175 118 5173 120
4988 4872 116 4871 117
5261 5133 128 5133 128
5319 5200 119 5199 120
5064 4957 107 4956 108
4901 4804 97 4804 97
4975 4891 84 4891 84
4852 4741 111 4741 111
5354 5226 128 5226 128
5503 5378 125 5377 126
5281 5157 124 5156 125
5095 4973 122 4972 123
5022 4913 109 4913 109
5000 4892 108 4892 108
4836 4731 105 4729 107
5018 4885 133 4885 133
4974 4860 114 4857 117
5428 5312 116 5310 118
5007 4899 108 4897 110
4820 4707 113 4706 114
5147 5028 119 5028 119
5302 5182 120 5182 120
5277 5175 102 5175 102
5545 5412 133 5412 133
4972 4853 119 4851 121
5350 5231 119 5230 120
4886 4803 83 4802 84
5343 5213 130 5213 130
4823 4703 120 4703 120
5266 5149 117 5148 118
5139 5040 99 5038 101
5183 5060 123 5060 123
4990 4883 107 4883 107
5199 5099 100 5099 100
5214 5094 120 5092 122
5165 5024 141 5024 141
5644 5525 119 5523 121
5101 4989 112 4988 113
5876 5733 143 5733 143
4958 4843 115 4843 115
5192 5080 112 5080 112
4439 4343 96 4342 97
5146 5035 111 5034 112
5172 5056 116 5056 116
5199 5062 137 5062 137
5243 5126 117 5126 117
5056 4956 100 4954 102
5292 5181 111 5181 111
4911 4803 108 4803 108
5554 5416 138 5416 138
5148 5035 113 5035 113
4955 4857 98 4855 100
5199 5079 120 5079 120
5268 5150 118 5147 121
5039 4921 118 4921 118
5342 5240 102 5236 106
4745 4621 124 4619 126
4663 4551 112 4549 114
5088 4980 108 4980 108
4774 4674 100 4674 100
5007 4904 103 4903 104
5146 5040 106 5039 107
5129 5016 113 5016 113
5303 5177 126 5176 127
5453 5330 123 5330 123
5086 4972 114 4971 115
5176 5055 121 5055 121
5347 5228 119 5227 120
5139 5027 112 5027 112
5065 4953 112 4952 113
4848 4748 100 4748 100
5270 5156 114 5154 116
5067 4945 122 4943 124
5041 4935 106 4935 106
4860 4755 105 4754 106
5484 5361 123 5358 126
5153 5024 129 5024 129
5391 5288 103 5288 103
5303 5191 112 5190 113
4621 4518 103 4518 103
5063 4961 102 4958 105
5206 5088 118 5084 122
5788 5662 126 5661 127
5180 5070 110 5070 110
4638 4533 105 4531 107
4928 4827 101 4823 105
4999 4871 128 4870 129
5005 4895 110 4895 110
5223 5105 118 5102 121
5117 5002 115 5001 116
5068 4934 134 4933 135
5182 5061 121 5059 123
4951 4828 123 4828 123
5440 5331 109 5330 110
4822 4724 98 4724 98
4832 4743 89 4742 90
5632 5512 120 5512 120
5208 5107 101 5107 101
4971 4856 115 4856 115
5088 4963 125 4963 125
5201 5071 130 5071 130
5443 5325 118 5324 119
5529 5413 116 5413 116
5429 5304 125 5303 126
5711 5580 131 5579 132
5373 5260 113 5260 113
5349 5226 123 5224 125
4928 4837 91 4835 93
5287 5154 133 5154 133
5181 5079 102 5078 103
5262 5150 112 5150 112
5306 5189 117 5189 117
5388 5254 134 5254 134
5294 5175 119 5175 119
5186 5077 109 5075 111
5122 5017 105 5017 105
5086 4969 117 4968 118
4801 4693 108 4692 109
5058 4943 115 4943 115
4832 4733 99 4732 100
5121 5019 102 5018 103
4962 4843 119 4843 119
5040 4926 114 4924 116
4740 4641 99 4640 100
5121 5009 112 5008 113
5280 5168 112 5167 113
5001 4888 113 4888 113
5257 5153 104 5151 106
5110 5020 90 5020 90
5556 5445 111 5445 111
4997 4880 117 4877 120
5351 5245 106 5244 107
5120 5029 91 5028 92
5134 5042 92 5042 92
4884 4777 107 4776 108
5094 4971 123 4971 123
5143 5034 109 5033 110
4852 4755 97 4753 99
5321 5180 141 5178 143
5286 5173 113 5173 113
5158 5042 116 5040 118
5071 4952 119 4951 120
5297 5176 121 5173 124
5265 5155 110 5154 111
5102 4988 114 4988 114
4985 4886 99 4884 101
4985 4873 112 4873 112
5558 5447 111 5447 111
5298 5186 112 5186 112
5012 4901 111 4901 111
5381 5254 127 5254 127
5184 5064 120 5064 120
4944 4823 121 4822 122
5111 4990 121 4990 121
4921 4799 122 4798 123
4984 4895 89 4894 90
5250 5128 122 5128 122
5305 5188 117 5185 120
5387 5289 98 5288 99
5010 4899 111 4896 114
5169 5058 111 5058 111
5228 5131 97 5130 98
5155 5043 112 5043 112
5370 5249 121 5247 123
4793 4690 103 4689 104
4840 4735 105 4734 106
5042 4930 112 4928 114
5481 5373 108 5373 108
5222 5091 131 5090 132
4941 4814 127 4814 127
5135 5020 115 5019 116
5243 5126 117 5125 118
5172 5064 108 5063 109
5590 5476 114 5474 116
5435 5307 128 5305 130
5198 5104 94 5104 94
5437 5311 126 5310 127
5353 5239 114 5239 114
5204 5083 121 5081 123
5085 4977 108 4977 108
5270 5148 122 5147 123
5088 4973 115 4972 116
5271 5158 113 5156 115
5435 5308 127 5307 128
5214 5101 113 5097 117
5193 5075 118 5073 120
5584 5448 136 5445 139
5412 5295 117 5294 118
5051 4948 103 4948 103
5024 4918 106 4914 110
4994 4894 100 4892 102
5312 5198 114 5197 115
4983 4870 113 4869 114
5172 5057 115 5057 115
5208 5104 104 5102 106
4915 4822 93 4822 93
4942 4834 108 4833 109
5361 5251 110 5248 113
5236 5122 114 5121 115
4824 4716 108 4714 110
5306 5192 114 5192 114
5099 4986 113 4986 113
4946 4824 122 4824 122
5481 5369 112 5369 112
5326 5207 119 5207 119
5494 5372 122 5372 122
4944 4824 120 4823 121
4895 4802 93 4802 93
4763 4665 98 4664 99
5369 5269 100 5269 100
4704 4610 94 4610 94
5181 5066 115 5066 115
5076 4974 102 4972 104
5255 5147 108 5146 109
4985 4891 94 4890 95
4969 4846 123 4845 124
5031 4911 120 4910 121
4676 4569 107 4567 109
4819 4717 102 4716 103
5200 5096 104 5096 104
4849 4743 106 4742 107
5144 5040 104 5037 107
5353 5230 123 5230 123
5040 4927 113 4927 113
5152 5029 123 5029 123
5282 5161 121 5158 124
4757 4667 90 4665 92
4802 4687 115 4686 116
4693 4585 108 4585 108
5182 5067 115 5067 115
5268 5129 139 5129 139
5047 4936 111 4936 111
5378 5256 122 5255 123
5240 5139 101 5139 101
4979 4878 101 4875 104
5428 5308 120 5308 120
4886 4776 110 4774 112
4913 4803 110 4803 110
5074 4968 106 4967 107
5079 4975 104 4974 105
4865 4760 105 4759 106
5045 4928 117 4926 119
5078 4978 100 4977 101
5190 5064 126 5063 127
5255 5152 103 5152 103
5359 5244 115 5243 116
4935 4837 98 4837 98
5267 5132 135 5131 136
5197 5077 120 5076 121
5202 5086 116 5085 117
5012 4919 93 4919 93
4995 4900 95 4900 95
5168 5040 128 5037 131
5522 5401 121 5401 121
4969 4858 111 4857 112
5151 5029 122 5028 123
5241 5125 116 5124 117
4825 4709 116 4708 117
4994 4856 138 4856 138
4990 4899 91 4897 93
5274 5172 102 5171 103
4931 4806 125 4805 126
4935 4832 103 4832 103
4772 4674 98 4672 100
4925 4826 99 4826 99
4670 4591 79 4590 80
5153 5017 136 5016 137
5221 5126 95 5126 95
5362 5255 107 5255 107
5194 5086 108 5085 109
5000 4901 99 4898 102
5263 5152 111 5150 113
4906 4788 118 4788 118
5572 5432 140 5431 141
5172 5054 118 5054 118
4835 4745 90 4745 90
5028 4910 118 4909 119
5590 5463 127 5462 128
5029 4925 104 4925 104
4694 4589 105 4589 105
4853 4733 120 4733 120
4909 4791 118 4790 119
4947 4843 104 4843 104
5260 5137 123 5137 123
4927 4812 115 4811 116
5000 4886 114 4885 115
4949 4850 99 4850 99
5147 5041 106 5039 108
5616 5508 108 5508 108
5057 4951 106 4951 106
5120 5004 116 5002 118
5276 5158 118 5157 119
4559 4480 79 4480 79
5137 5036 101 5036 101
4981 4878 103 4878 103
4832 4728 104 4726 106
5376 5271 105 5270 106
4961 4820 141 4819 142
5271 5164 107 5163 108
4934 4840 94 4840 94
5012 4890 122 4889 123
4948 4863 85 4862 86
5126 5003 123 5003 123
5111 4982 129 4981 130
5241 5132 109 5131 110
4766 4665 101 4665 101
5120 5005 115 5004 116
5039 4927 112 4927 112
5588 5451 137 5451 137
5244 5121 123 5119 125
5887 5770 117 5769 118
5425 5321 104 5320 105
5522 5422 100 5422 100
5284 5170 114 5170 114
5171 5068 103 5068 103
5099 4966 133 4965 134
5346 5229 117 5229 117
5019 4909 110 4907 112
5809 5668 141 5665 144
4782 4685 97 4685 97
5014 4907 107 4906 108
5069 4952 117 4952 117
5157 5046 111 5045 112
5440 5321 119 5321 119
4781 4671 110 4671 110
4655 4540 115 4539 116
5328 5213 115 5212 116
4874 4765 109 4765 109
5152 5032 120 5030 122
5346 5225 121 5225 121
5338 5236 102 5236 102
5241 5125 116 5124 117
4948 4827 121 4827 121
5264 5148 116 5148 116
5453 5332 121 5331 122
5057 4937 120 4937 120
5092 4975 117 4974 118
5269 5177 92 5175 94
5270 5168 102 5167 103
5411 5306 105 5304 107
5086 4960 126 4959 127
5149 5034 115 5032 117
4745 4621 124 4620 125
5985 5850 135 5850 135
5413 5290 123 5288 125
5417 5303 114 5303 114
4972 4865 107 4864 108
4975 4875 100 4875 100
4884 4779 105 4778 106
5416 5295 121 5295 121
5027 4899 128 4899 128
5202 5097 105 5094 108
4754 4653 101 4653 101
5130 5017 113 5015 115
5334 5216 118 5216 118
4697 4598 99 4598 99
5157 5035 122 5034 123
5230 5123 107 5120 110
5090 4972 118 4971 119
5091 4982 109 4982 109
5103 4996 107 4996 107
5173 5056 117 5056 117
5657 5530 127 5528 129
4976 4867 109 4867 109
5262 5136 126 5136 126
5445 5331 114 5328 117
5031 4928 103 4928 103
5382 5267 115 5265 117
5180 5083 97 5083 97
5374 5291 83 5290 84
5233 5118 115 5116 117
5430 5307 123 5306 124
5370 5251 119 5250 120
5185 5049 136 5048 137
5078 4985 93 4985 93
5895 5763 132 5762 133
4942 4845 97 4842 100
5171 5078 93 5077 94
5055 4930 125 4930 125
5097 4986 111 4985 112
5019 4913 106 4913 106
4893 4805 88 4805 88
4784 4676 108 4676 108
5716 5586 130 5586 130
4941 4829 112 4828 113
5485 5373 112 5373 112
5122 5004 118 5003 119
5133 5010 123 5010 123
5302 5183 119 5183 119
5457 5336 121 5336 121
4868 4762 106 4760 108
4901 4781 120 4780 121
5321 5210 111 5209 112
5169 5041 128 5038 131
5400 5288 112 5287 113
5002 4896 106 4896 106
5010 4906 104 4906 104
5356 5248 108 5248 108
4868 4752 116 4752 116
5170 5051 119 5048 122
4704 4595 109 4594 110
5140 5023 117 5023 117
5384 5264 120 5263 121
5145 5038 107 5037 108
5130 4990 140 4990 140
5186 5080 106 5079 107
4748 4635 113 4635 113
4757 4660 97 4660 97
5392 5273 119 5272 120
4942 4836 106 4835 107
5160 5050 110 5050 110
4809 4698 111 4696 113
4979 4858 121 4857 122
5078 4976 102 4976 102
5103 4987 116 4986 117
5224 5102 122 5101 123
5182 5071 111 5071 111
5247 5125 122 5124 123
5227 5102 125 5101 126
5107 5014 93 5014 93
5405 5267 138 5266 139
5695 5590 105 5589 106
4995 4877 118 4877 118
4998 4882 116 4880 118
4985 4857 128 4856 129
5194 5090 104 5088 106
4855 4757 98 4757 98
5506 5367 139 5365 141
5371 5249 122 5249 122
5525 5419 106 5419 106
5236 5127 109 5127 109
5263 5137 126 5136 127
5022 4918 104 4917 105
5265 5129 136 5128 137
5084 4979 105 4978 106
4918 4799 119 4799 119
5130 5025 105 5025 105
5457 5326 131 5324 133
5106 5006 100 5006 100
5622 5503 119 5502 120
5198 5104 94 5102 96
5293 5181 112 5180 113
5141 5016 125 5015 126
5091 4977 114 4974 117
5452 5317 135 5317 135
5201 5083 118 5083 118
5312 5201 111 5201 111
4928 4819 109 4818 110
5205 5087 118 5087 118
4619 4517 102 4517 102
5591 5456 135 5456 135
4831 4740 91 4738 93
4978 4856 122 4855 123
4905 4789 116 4788 117
5114 5010 104 5010 104
5002 4877 125 4877 125
5109 4975 134 4974 135
5169 5052 117 5051 118
5119 5005 114 5003 116
5135 5028 107 5027 108
5264 5152 112 5152 112
5225 5121 104 5121 104
5150 5020 130 5019 131
4946 4853 93 4852 94
5398 5278 120 5277 121
5212 5114 98 5112 100
5235 5098 137 5098 137
5363 5255 108 5255 108
5160 5040 120 5040 120
5280 5172 108 5171 109
5291 5185 106 5183 108
5080 4988 92 4987 93
4887 4779 108 4777 110
5294 5191 103 5191 103
5509 5360 149 5359 150
5564 5427 137 5427 137
4962 4864 98 4863 99
5241 5128 113 5128 113
5267 5157 110 5157 110
5098 4981 117 4980 118
5282 5157 125 5155 127
5464 5319 145 5316 148
5047 4938 109 4938 109
5420 5305 115 5305 115
4957 4839 118 4839 118
5152 5024 128 5023 129
5188 5055 133 5054 134
5237 5112 125 5112 125
5389 5256 133 5254 135
5908 5783 125 5782 126
5171 5062 109 5061 110
4881 4777 104 4777 104
5453 5352 101 5352 101
5112 4990 122 4989 123
5059 4945 114 4944 115
4751 4647 104 4646 105
5478 5364 114 5363 115
4925 4821 104 4821 104
5159 5036 123 5036 123
4662 4568 94 4568 94
5066 4929 137 4927 139
4995 4897 98 4896 99
5392 5272 120 5271 121
4965 4866 99 4865 100
5198 5096 102 5094 104
5320 5180 140 5180 140
5095 4984 111 4984 111
5316 5200 116 5199 117
5175 5057 118 5056 119
5286 5182 104 5182 104
5089 4979 110 4978 111
5065 4963 102 4962 103
5381 5253 128 5251 130
5081 4965 116 4962 119
5412 5279 133 5277 135
5320 5186 134 5185 135
5202 5064 138 5063 139
5178 5088 90 5087 91
5121 5000 121 5000 121
4930 4808 122 4808 122
5388 5264 124 5263 125
5680 5560 120 5560 120
5425 5299 126 5299 126
5088 4982 106 4981 107
4794 4668 126 4667 127
5484 5368 116 5366 118
5093 4970 123 4969 124
5221 5120 101 5119 102
5513 5372 141 5371 142
5049 4948 101 4948 101
4815 4705 110 4705 110
5821 5670 151 5669 152
5173 5061 112 5061 112
4917 4800 117 4800 117
5373 5248 125 5248 125
5526 5404 122 5403 123
5675 5563 112 5562 113
5248 5137 111 5137 111
5466 5351 115 5349 117
5168 5039 129 5039 129
5180 5069 111 5069 111
5023 4911 112 4910 113
5231 5091 140 5089 142
4976 4864 112 4864 112
5055 4953 102 4951 104
5168 5058 110 5057 111
5309 5202 107 5200 109
5220 5111 109 5111 109
4865 4750 115 4749 116
5231 5124 107 5124 107
5111 5005 106 5005 106
5408 5292 116 5292 116
5044 4922 122 4921 123
5157 5049 108 5048 109
5717 5596 121 5595 122
5102 4978 124 4978 124
5220 5094 126 5093 127
5353 5244 109 5243 110
5120 5017 103 5016 104
5017 4903 114 4903 114
5313 5189 124 5187 126
5173 5063 110 5063 110
5291 5170 121 5170 121
5111 4988 123 4988 123
5314 5187 127 5186 128
5299 5167 132 5166 133
5589 5454 135 5454 135
5049 4947 102 4946 103
5099 4992 107 4992 107
5487 5357 130 5357 130
5073 4970 103 4969 104
5092 4970 122 4969 123
4889 4789 100 4788 101
5358 5231 127 5230 128
5161 5038 123 5037 124
4982 4863 119 4863 119
4950 4839 111 4839 111
5541 5434 107 5433 108
5330 5216 114 5216 114
5197 5087 110 5087 110
4808 4692 116 4692 116
5100 5001 99 5000 100
