5578 567 5011 0 5578
5442 531 4911 0 5442
5595 587 5008 0 5595
5448 567 4881 0 5448
5562 554 5008 0 5562
5466 560 4906 0 5466
5536 598 4938 0 5536
5408 574 4834 0 5408
5419 557 4862 0 5419
5330 538 4792 0 5330
5340 500 4840 0 5340
5430 568 4862 0 5430
5718 578 5140 0 5718
5811 590 5221 0 5811
5383 559 4824 0 5383
5519 580 4939 0 5519
5451 602 4849 0 5451
5300 556 4744 0 5300
5633 601 5032 0 5633
5333 562 4771 0 5333
5221 549 4672 0 5221
5519 566 4953 0 5519
5610 535 5075 0 5610
5044 521 4523 0 5044
5579 545 5034 0 5579
5613 588 5025 0 5613
5790 594 5196 0 5790
5136 511 4625 0 5136
5131 520 4611 0 5131
5626 582 5044 0 5626
5698 579 5119 0 5698
5684 563 5121 0 5684
5319 533 4786 0 5319
5425 533 4892 0 5425
5316 535 4781 0 5316
5799 617 5182 0 5799
5393 565 4828 0 5393
5256 514 4742 0 5256
4981 495 4486 0 4981
5139 540 4599 0 5139
5323 520 4803 0 5323
5399 578 4821 0 5399
5277 482 4795 0 5277
5590 590 5000 0 5590
5355 499 4856 0 5355
5853 575 5278 0 5853
5252 560 4692 0 5252
5545 536 5009 0 5545
5453 542 4911 0 5453
5520 555 4965 0 5520
5255 530 4725 0 5255
5195 553 4642 0 5195
5207 509 4698 0 5207
5686 528 5158 0 5686
5468 566 4902 0 5468
5366 548 4818 0 5366
5033 466 4567 0 5033
5456 575 4881 0 5456
5177 542 4635 0 5177
5285 489 4796 0 5285
5099 515 4584 0 5099
5120 503 4617 0 5120
5301 529 4772 0 5301
5269 536 4733 0 5269
5135 539 4596 0 5135
4837 485 4352 0 4837
5119 578 4541 0 5119
5166 561 4605 0 5166
4846 514 4332 0 4846
5491 571 4920 0 5491
5221 571 4650 0 5221
4685 487 4198 0 4685
4924 507 4417 0 4924
5166 593 4573 0 5166
5114 538 4576 0 5114
5493 586 4907 0 5493
4966 485 4481 0 4966
4872 497 4375 0 4872
5029 487 4542 0 5029
4847 470 4377 0 4847
4809 499 4310 0 4809
4931 481 4450 0 4931
4973 474 4499 0 4973
5008 509 4499 0 5008
5155 504 4651 0 5155
5478 568 4910 0 5478
5222 559 4663 0 5222
4961 494 4467 0 4961
5420 553 4867 0 5420
5381 525 4856 0 5381
5076 518 4558 0 5076
5177 523 4654 0 5177
5075 541 4534 0 5075
5253 553 4700 0 5253
5151 507 4644 0 5151
5015 536 4479 0 5015
5041 515 4526 0 5041
5185 524 4661 0 5185
4951 520 4431 0 4951
5324 543 4781 0 5324
4974 522 4452 0 4974
4925 524 4401 0 4925
4876 469 4407 0 4876
5090 529 4561 0 5090
5633 540 5093 0 5633
4856 490 4366 0 4856
5134 531 4603 0 5134
4780 466 4314 0 4780
5161 541 4620 0 5161
4994 493 4501 0 4994
5369 546 4823 0 5369
5113 521 4592 0 5113
5288 543 4745 0 5288
5018 510 4508 1 5017
5518 576 4942 0 5518
5431 531 4900 0 5431
5081 501 4580 0 5081
5376 578 4798 0 5376
4724 501 4223 0 4724
5071 495 4576 0 5071
4931 498 4433 0 4931
4915 494 4421 0 4915
4899 477 4422 0 4899
5107 497 4610 0 5107
4982 539 4443 0 4982
4767 532 4235 0 4767
5056 484 4572 0 5056
5229 551 4678 0 5229
5449 524 4925 0 5449
5343 558 4785 0 5343
5158 545 4613 0 5158
5612 583 5029 0 5612
5231 562 4669 0 5231
5079 519 4560 0 5079
5324 556 4768 0 5324
5066 515 4551 0 5066
4980 467 4513 0 4980
5241 485 4756 0 5241
5271 516 4755 0 5271
5209 542 4667 0 5209
5046 504 4542 0 5046
4935 531 4404 0 4935
5208 501 4707 0 5208
5020 541 4479 0 5020
4963 477 4486 0 4963
5449 564 4885 0 5449
5082 481 4601 0 5082
5101 529 4572 0 5101
5368 544 4824 0 5368
5398 527 4871 0 5398
5538 567 4971 0 5538
5630 551 5079 0 5630
5580 568 5012 0 5580
4948 492 4456 0 4948
5483 564 4919 0 5483
5393 560 4833 0 5393
5562 571 4991 0 5562
5819 606 5213 0 5819
5704 577 5127 0 5704
5538 549 4989 0 5538
5517 567 4950 0 5517
5667 587 5080 0 5667
5529 565 4964 0 5529
5479 529 4950 0 5479
5807 601 5206 0 5807
4794 465 4329 0 4794
5452 521 4931 0 5452
5353 566 4787 0 5353
5531 571 4960 0 5531
4828 510 4318 0 4828
5733 586 5147 0 5733
5652 550 5102 0 5652
5836 612 5224 0 5836
5237 501 4736 0 5237
5111 525 4586 0 5111
5785 567 5218 0 5785
5384 542 4842 0 5384
5484 566 4918 0 5484
5414 548 4866 0 5414
5722 621 5101 0 5722
5795 578 5217 0 5795
4666 496 4170 0 4666
5504 532 4972 0 5504
5533 539 4994 0 5533
5123 520 4603 0 5123
5336 566 4770 0 5336
5145 524 4621 0 5145
5517 553 4964 0 5517
5064 534 4530 0 5064
4959 526 4433 0 4959
5855 611 5244 0 5855
5335 530 4805 0 5335
5415 539 4876 0 5415
4940 513 4427 0 4940
5043 508 4535 0 5043
5103 502 4601 0 5103
5167 523 4644 0 5167
5366 550 4816 0 5366
5005 548 4457 0 5005
5349 509 4840 0 5349
5891 578 5313 0 5891
5123 540 4583 0 5123
5630 617 5013 0 5630
5565 608 4957 0 5565
5616 566 5050 0 5616
5154 526 4628 0 5154
5389 535 4854 0 5389
5562 561 5001 0 5562
4829 481 4348 0 4829
5005 493 4512 0 5005
5022 499 4523 0 5022
5496 581 4915 0 5496
5633 600 5033 0 5633
5403 538 4865 0 5403
5295 542 4753 0 5295
5367 499 4868 0 5367
5037 512 4525 0 5037
4992 511 4481 0 4992
5242 530 4712 0 5242
5511 535 4976 0 5511
5287 526 4761 0 5287
5017 489 4528 0 5017
5063 542 4521 0 5063
5499 565 4934 0 5499
5345 578 4767 0 5345
5186 527 4659 0 5186
5273 500 4773 0 5273
5382 510 4872 0 5382
5441 572 4869 0 5441
5180 536 4644 0 5180
5121 535 4586 0 5121
4714 465 4249 0 4714
5082 512 4570 0 5082
5167 516 4651 0 5167
5566 590 4976 0 5566
5169 496 4673 0 5169
5435 591 4844 0 5435
4910 505 4405 0 4910
5708 577 5131 0 5708
5857 571 5286 0 5857
5592 550 5042 0 5592
5012 503 4509 0 5012
4998 525 4473 0 4998
5397 553 4844 0 5397
5376 532 4844 0 5376
4932 516 4416 0 4932
5392 523 4869 0 5392
5370 539 4831 0 5370
5166 491 4675 0 5166
4873 495 4378 0 4873
5214 531 4683 0 5214
5211 536 4675 0 5211
5180 519 4661 0 5180
5061 532 4529 0 5061
5242 503 4739 0 5242
4780 483 4297 0 4780
5322 533 4789 0 5322
5184 529 4655 0 5184
5232 513 4719 0 5232
5290 557 4733 0 5290
5001 488 4513 0 5001
5311 533 4778 0 5311
5126 518 4608 0 5126
5340 536 4804 0 5340
5124 504 4620 0 5124
5070 522 4548 0 5070
5324 548 4776 0 5324
5280 534 4746 0 5280
5598 590 5008 0 5598
5150 519 4631 0 5150
5032 543 4489 0 5032
5175 510 4665 0 5175
5219 541 4678 0 5219
4939 505 4434 0 4939
5381 587 4794 0 5381
5351 548 4803 0 5351
5395 550 4845 0 5395
5159 543 4616 0 5159
5110 539 4571 0 5110
5503 564 4939 0 5503
5551 559 4992 0 5551
5373 569 4804 0 5373
5512 577 4935 0 5512
5475 550 4925 0 5475
5154 539 4615 0 5154
5276 513 4763 0 5276
5755 593 5162 0 5755
5379 548 4831 0 5379
5245 548 4697 0 5245
4786 484 4302 0 4786
5397 551 4846 0 5397
5654 558 5096 0 5654
5132 505 4627 0 5132
5155 489 4666 0 5155
5333 531 4802 0 5333
5336 573 4763 0 5336
5416 520 4896 0 5416
5006 507 4499 0 5006
5101 520 4581 0 5101
5316 549 4767 0 5316
5331 570 4761 0 5331
5131 515 4616 0 5131
5193 537 4656 0 5193
5305 529 4776 0 5305
5642 579 5063 0 5642
5025 521 4504 0 5025
4945 491 4454 0 4945
5200 511 4689 0 5200
5339 519 4820 0 5339
5320 564 4756 0 5320
5159 550 4609 0 5159
4827 484 4343 0 4827
5726 603 5123 0 5726
5345 544 4801 0 5345
4906 551 4355 0 4906
4535 462 4073 0 4535
5057 488 4569 0 5057
5250 519 4731 0 5250
5446 553 4893 0 5446
4837 498 4339 0 4837
5086 525 4561 0 5086
5425 566 4859 0 5425
5162 545 4617 0 5162
5206 511 4695 0 5206
5063 520 4543 0 5063
5103 531 4572 0 5103
5105 506 4599 0 5105
5248 545 4703 0 5248
4922 502 4420 0 4922
5321 586 4735 0 5321
4983 497 4486 0 4983
5302 529 4773 0 5302
5042 488 4554 0 5042
5306 527 4779 0 5306
5043 507 4536 0 5043
5561 524 5037 0 5561
5242 552 4690 0 5242
4957 518 4439 0 4957
5158 527 4631 0 5158
4815 491 4324 0 4815
5112 515 4597 0 5112
5259 575 4684 0 5259
5386 557 4829 0 5386
4930 463 4467 0 4930
5235 524 4711 0 5235
5474 583 4891 0 5474
5298 564 4734 0 5298
5563 593 4970 0 5563
5098 504 4594 0 5098
4838 495 4343 0 4838
5156 478 4678 0 5156
5350 574 4776 0 5350
5015 503 4512 0 5015
5428 573 4855 0 5428
4982 502 4480 0 4982
5297 540 4757 0 5297
5419 514 4905 0 5419
5076 547 4529 0 5076
5045 469 4576 0 5045
5403 580 4823 0 5403
4956 501 4455 0 4956
5140 565 4575 0 5140
5014 514 4500 0 5014
5433 537 4896 0 5433
5129 522 4607 0 5129
5319 517 4802 0 5319
5404 560 4844 0 5404
5280 555 4725 0 5280
5600 598 5002 0 5600
5272 521 4751 0 5272
5465 560 4905 0 5465
4659 453 4206 0 4659
5002 496 4506 0 5002
5337 561 4776 0 5337
4756 486 4270 0 4756
5279 544 4735 0 5279
5045 531 4514 0 5045
4917 469 4448 0 4917
4867 483 4384 0 4867
5144 559 4585 0 5144
4885 503 4382 0 4885
5329 559 4770 0 5329
5088 508 4580 0 5088
5029 542 4487 0 5029
4994 516 4478 0 4994
5226 517 4709 0 5226
5267 559 4708 0 5267
5246 570 4676 0 5246
5162 509 4653 0 5162
4995 511 4484 0 4995
5076 470 4606 0 5076
4926 487 4439 0 4926
5277 556 4721 0 5277
4950 497 4453 0 4950
4951 520 4431 0 4951
5203 540 4663 0 5203
5567 585 4982 0 5567
5266 551 4715 0 5266
5557 563 4994 0 5557
5518 566 4952 0 5518
5307 561 4746 0 5307
5165 532 4633 0 5165
5147 566 4581 0 5147
5298 550 4748 0 5298
5089 514 4575 0 5089
4762 483 4279 0 4762
5364 527 4837 0 5364
4887 468 4419 0 4887
5358 546 4812 0 5358
5231 571 4660 0 5231
5357 555 4802 0 5357
5041 508 4533 0 5041
5247 497 4750 0 5247
5483 533 4950 0 5483
4949 490 4459 0 4949
5128 501 4627 0 5128
5310 565 4745 0 5310
4860 475 4385 0 4860
5293 555 4738 0 5293
4988 518 4470 0 4988
5261 525 4736 0 5261
5319 584 4735 0 5319
5064 492 4572 0 5064
4901 501 4400 0 4901
4975 516 4459 0 4975
4852 479 4373 0 4852
5354 552 4802 0 5354
5503 569 4934 0 5503
5281 549 4732 0 5281
5095 516 4579 0 5095
5022 489 4533 0 5022
5000 526 4474 0 5000
4836 511 4325 0 4836
5018 540 4478 0 5018
4974 510 4464 0 4974
5428 587 4841 0 5428
5007 517 4490 0 5007
4820 500 4320 0 4820
5147 529 4618 0 5147
5302 563 4739 0 5302
5277 535 4742 0 5277
5545 600 4945 0 5545
4972 506 4466 0 4972
5350 483 4867 0 5350
4886 508 4378 0 4886
5343 589 4754 0 5343
4823 505 4318 0 4823
5266 544 4722 0 5266
5139 480 4659 0 5139
5183 496 4687 0 5183
4990 499 4491 0 4990
5199 488 4711 0 5199
5214 508 4706 0 5214
5165 526 4639 0 5165
5644 586 5058 0 5644
5101 506 4595 0 5101
5876 570 5306 0 5876
4958 452 4506 0 4958
5192 508 4684 0 5192
4439 444 3995 0 4439
5146 481 4665 0 5146
5172 537 4635 0 5172
5199 556 4643 0 5199
5243 528 4715 0 5243
5056 507 4549 0 5056
5292 508 4784 0 5292
4911 510 4401 0 4911
5554 600 4954 0 5554
5148 524 4624 0 5148
4955 510 4445 0 4955
5199 560 4639 0 5199
5268 528 4740 0 5268
5039 514 4525 0 5039
5342 545 4797 0 5342
4745 475 4270 0 4745
4663 483 4180 0 4663
5088 529 4559 0 5088
4774 485 4289 0 4774
5007 509 4498 0 5007
5146 540 4606 0 5146
5129 521 4608 0 5129
5303 564 4739 0 5303
5453 560 4893 0 5453
5086 522 4564 0 5086
5176 549 4627 0 5176
5347 561 4786 0 5347
5139 546 4593 0 5139
5065 545 4520 0 5065
4848 494 4354 0 4848
5270 534 4736 0 5270
5067 525 4542 0 5067
5041 480 4561 0 5041
4860 479 4381 0 4860
5484 560 4924 0 5484
5153 504 4649 0 5153
5391 534 4857 0 5391
5303 511 4792 0 5303
4621 456 4165 0 4621
5063 480 4583 0 5063
5206 541 4665 0 5206
5788 605 5183 0 5788
5180 540 4640 0 5180
4638 453 4185 0 4638
4928 518 4410 0 4928
4999 514 4485 0 4999
5005 515 4490 0 5005
5223 543 4680 0 5223
5117 527 4590 0 5117
5068 491 4577 0 5068
5182 514 4668 0 5182
4951 506 4445 0 4951
5440 560 4880 0 5440
4822 506 4316 0 4822
4832 531 4301 0 4832
5632 579 5053 0 5632
5208 550 4658 0 5208
4971 469 4502 0 4971
5088 483 4605 0 5088
5201 511 4690 0 5201
5443 584 4859 0 5443
5529 544 4985 0 5529
5429 558 4871 0 5429
5711 555 5156 0 5711
5373 541 4832 0 5373
5349 543 4806 0 5349
4928 508 4420 0 4928
5287 523 4764 0 5287
5181 533 4648 0 5181
5262 542 4720 0 5262
5306 555 4751 0 5306
5388 556 4832 0 5388
5294 555 4739 0 5294
5186 532 4654 0 5186
5122 533 4589 0 5122
5086 489 4597 0 5086
4801 472 4329 0 4801
5058 493 4565 0 5058
4832 488 4344 0 4832
5121 487 4634 0 5121
4962 485 4477 0 4962
5040 546 4494 0 5040
4740 478 4262 0 4740
5121 486 4635 0 5121
5280 552 4728 0 5280
5001 477 4524 0 5001
5257 535 4722 0 5257
5110 475 4635 0 5110
5556 512 5044 0 5556
4997 525 4472 0 4997
5351 541 4810 0 5351
5120 528 4592 0 5120
5134 535 4599 0 5134
4884 489 4395 0 4884
5094 546 4548 0 5094
5143 536 4607 0 5143
4852 505 4347 0 4852
5321 542 4779 0 5321
5286 566 4720 0 5286
5158 533 4625 0 5158
5071 506 4565 0 5071
5297 520 4777 0 5297
5265 538 4727 0 5265
5102 487 4615 0 5102
4985 484 4501 0 4985
4985 559 4426 0 4985
5558 524 5034 0 5558
5298 510 4788 0 5298
5012 485 4527 0 5012
5381 513 4868 0 5381
5184 534 4650 0 5184
4944 507 4437 0 4944
5111 549 4562 0 5111
4921 551 4370 0 4921
4984 502 4482 0 4984
5250 539 4711 0 5250
5305 595 4710 0 5305
5387 527 4860 0 5387
5010 524 4486 0 5010
5169 538 4631 0 5169
5228 529 4699 0 5228
5155 523 4632 0 5155
5370 539 4831 0 5370
4793 469 4324 0 4793
4840 491 4349 0 4840
5042 501 4541 0 5042
5481 539 4942 0 5481
5222 506 4716 0 5222
4941 519 4422 0 4941
5135 547 4588 0 5135
5243 521 4722 0 5243
5172 516 4656 0 5172
5590 530 5060 0 5590
5435 582 4853 0 5435
5198 504 4694 0 5198
5437 528 4909 0 5437
5353 537 4816 0 5353
5204 539 4665 0 5204
5085 546 4539 0 5085
5270 565 4705 0 5270
5088 516 4572 0 5088
5271 530 4741 0 5271
5435 582 4853 0 5435
5214 543 4671 0 5214
5193 527 4666 0 5193
5584 563 5021 0 5584
5412 532 4880 0 5412
5051 527 4524 0 5051
5024 522 4502 0 5024
4994 522 4472 0 4994
5312 551 4761 0 5312
4983 526 4457 0 4983
5172 526 4646 0 5172
5208 531 4677 0 5208
4915 532 4383 0 4915
4942 494 4448 0 4942
5361 613 4748 0 5361
5236 560 4676 0 5236
4824 508 4316 0 4824
5306 521 4785 0 5306
5099 533 4566 0 5099
4946 517 4429 0 4946
5481 556 4925 0 5481
5326 544 4782 0 5326
5494 576 4918 0 5494
4944 468 4476 0 4944
4895 496 4399 0 4895
4763 504 4259 0 4763
5369 575 4794 0 5369
4704 485 4219 0 4704
5181 512 4669 0 5181
5076 513 4563 0 5076
5255 534 4721 0 5255
4985 494 4491 0 4985
4969 497 4472 0 4969
5031 478 4553 0 5031
4676 465 4211 0 4676
4819 498 4321 0 4819
5200 531 4669 0 5200
4849 529 4320 0 4849
5144 571 4573 0 5144
5353 518 4835 0 5353
5040 521 4519 0 5040
5152 537 4615 0 5152
5282 488 4794 0 5282
4757 491 4266 0 4757
4802 491 4311 0 4802
4693 458 4235 0 4693
5182 500 4682 0 5182
5268 516 4752 0 5268
5047 486 4561 0 5047
5378 531 4847 0 5378
5240 494 4746 0 5240
4979 531 4448 0 4979
5428 545 4883 0 5428
4886 484 4402 0 4886
4913 530 4383 0 4913
5074 578 4496 0 5074
5079 518 4561 0 5079
4865 487 4378 0 4865
5045 536 4509 0 5045
5078 532 4546 0 5078
5190 519 4671 0 5190
5255 531 4724 0 5255
5359 547 4812 0 5359
4935 475 4460 0 4935
5267 552 4715 0 5267
5197 562 4635 0 5197
5202 526 4676 0 5202
5012 546 4466 0 5012
4995 539 4456 0 4995
5168 492 4676 0 5168
5522 554 4968 0 5522
4969 512 4457 0 4969
5151 546 4605 0 5151
5241 520 4721 0 5241
4825 468 4357 0 4825
4994 539 4455 0 4994
4990 514 4476 0 4990
5274 529 4745 0 5274
4931 495 4436 0 4931
4935 492 4443 0 4935
4772 502 4270 0 4772
4925 497 4428 0 4925
4670 474 4196 0 4670
5153 551 4602 0 5153
5221 539 4682 0 5221
5362 533 4829 0 5362
5194 519 4675 0 5194
5000 502 4498 0 5000
5263 546 4717 0 5263
4906 489 4417 0 4906
5572 560 5012 0 5572
5172 542 4630 0 5172
4835 468 4367 0 4835
5028 495 4533 0 5028
5590 630 4960 0 5590
5029 525 4504 0 5029
4694 421 4273 0 4694
4853 468 4385 0 4853
4909 489 4420 0 4909
4947 539 4408 0 4947
5260 528 4732 0 5260
4927 481 4446 0 4927
5000 528 4472 0 5000
4949 524 4425 0 4949
5147 527 4620 0 5147
5616 588 5028 0 5616
5057 532 4525 0 5057
5120 536 4584 0 5120
5276 505 4771 0 5276
4559 455 4104 0 4559
5137 554 4583 0 5137
4981 500 4481 0 4981
4832 501 4331 0 4832
5376 526 4850 0 5376
4961 489 4472 0 4961
5271 520 4751 0 5271
4934 517 4417 0 4934
5012 513 4499 0 5012
4948 519 4429 0 4948
5126 512 4614 0 5126
5111 523 4588 0 5111
5241 535 4706 0 5241
4766 480 4286 0 4766
5120 551 4569 0 5120
5039 492 4547 0 5039
5588 627 4961 0 5588
5244 506 4738 1 5243
5887 615 5272 0 5887
5425 524 4901 0 5425
5522 561 4961 0 5522
5284 546 4738 0 5284
5171 534 4637 0 5171
5099 501 4598 0 5099
5346 552 4794 0 5346
5019 497 4522 0 5019
5809 627 5182 0 5809
4782 460 4322 0 4782
5014 495 4519 0 5014
5069 499 4570 0 5069
5157 540 4617 0 5157
5440 551 4889 0 5440
4781 490 4291 0 4781
4655 461 4194 0 4655
5328 530 4798 0 5328
4874 480 4394 0 4874
5152 501 4651 0 5152
5346 509 4837 0 5346
5338 505 4833 0 5338
5241 506 4735 0 5241
4948 503 4445 0 4948
5264 509 4755 0 5264
5453 549 4904 0 5453
5057 510 4547 0 5057
5092 526 4566 0 5092
5269 535 4734 0 5269
5270 528 4742 0 5270
5411 523 4888 0 5411
5086 550 4536 0 5086
5149 512 4637 0 5149
4745 467 4278 0 4745
5985 652 5333 0 5985
5413 570 4843 0 5413
5417 518 4899 0 5417
4972 505 4467 0 4972
4975 467 4508 0 4975
4884 471 4413 0 4884
5416 541 4875 0 5416
5027 496 4531 0 5027
5202 563 4639 0 5202
4754 492 4262 0 4754
5130 540 4590 0 5130
5334 541 4793 0 5334
4697 482 4215 0 4697
5157 525 4632 0 5157
5230 534 4696 0 5230
5090 498 4592 0 5090
5091 517 4574 0 5091
5103 514 4589 0 5103
5173 541 4632 0 5173
5657 600 5057 0 5657
4976 492 4484 0 4976
5262 550 4712 0 5262
5445 536 4909 0 5445
5031 520 4511 0 5031
5382 545 4837 0 5382
5180 515 4665 0 5180
5374 530 4844 0 5374
5233 479 4754 0 5233
5430 547 4883 0 5430
5370 579 4791 0 5370
5185 553 4632 0 5185
5078 513 4565 0 5078
5895 606 5289 0 5895
4942 477 4465 0 4942
5171 548 4623 0 5171
5055 498 4557 0 5055
5097 517 4580 0 5097
5019 530 4489 0 5019
4893 469 4424 0 4893
4784 519 4265 0 4784
5716 594 5122 0 5716
4941 522 4419 0 4941
5485 548 4937 0 5485
5122 532 4590 0 5122
5133 521 4612 0 5133
5302 515 4787 0 5302
5457 545 4912 0 5457
4868 513 4355 0 4868
4901 476 4425 0 4901
5321 522 4799 0 5321
5169 505 4664 0 5169
5400 565 4835 0 5400
5002 481 4521 0 5002
5010 475 4535 0 5010
5356 548 4808 0 5356
4868 498 4370 0 4868
5170 533 4637 0 5170
4704 475 4229 0 4704
5140 523 4617 0 5140
5384 525 4859 0 5384
5145 570 4575 0 5145
5130 515 4615 0 5130
5186 535 4651 0 5186
4748 488 4260 0 4748
4757 451 4306 0 4757
5392 548 4844 0 5392
4942 511 4431 0 4942
5160 532 4628 0 5160
4809 480 4329 0 4809
4979 484 4495 0 4979
5078 498 4580 0 5078
5103 535 4568 0 5103
5224 524 4700 0 5224
5182 528 4654 0 5182
5247 541 4706 0 5247
5227 551 4676 0 5227
5107 495 4612 0 5107
5405 532 4873 0 5405
5695 540 5155 0 5695
4995 502 4493 0 4995
4998 510 4488 0 4998
4985 488 4497 0 4985
5194 543 4651 0 5194
4855 522 4333 0 4855
5506 593 4913 0 5506
5371 531 4840 0 5371
5525 574 4951 0 5525
5236 529 4707 0 5236
5263 531 4732 0 5263
5022 503 4519 0 5022
5265 531 4734 0 5265
5084 519 4565 0 5084
4918 503 4415 0 4918
5130 541 4589 0 5130
5457 576 4881 0 5457
5106 543 4563 0 5106
5622 562 5060 0 5622
5198 535 4663 0 5198
5293 549 4744 0 5293
5141 535 4606 0 5141
5091 512 4579 0 5091
5452 518 4934 0 5452
5201 550 4651 0 5201
5312 551 4761 0 5312
4928 517 4411 0 4928
5205 537 4668 0 5205
4619 460 4159 0 4619
5591 577 5014 0 5591
4831 497 4334 0 4831
4978 488 4490 0 4978
4905 500 4405 0 4905
5114 508 4606 0 5114
5002 508 4494 0 5002
5109 525 4584 0 5109
5169 531 4638 0 5169
5119 511 4608 0 5119
5135 528 4607 0 5135
5264 535 4729 0 5264
5225 523 4702 0 5225
5150 542 4608 0 5150
4946 540 4406 0 4946
5398 572 4826 0 5398
5212 491 4721 0 5212
5235 504 4731 0 5235
5363 525 4838 0 5363
5160 557 4603 0 5160
5280 548 4732 0 5280
5291 548 4743 0 5291
5080 528 4552 0 5080
4887 517 4370 0 4887
5294 561 4733 0 5294
5509 534 4975 0 5509
5564 546 5018 0 5564
4962 467 4495 0 4962
5241 525 4716 0 5241
5267 531 4736 0 5267
5098 557 4541 0 5098
5282 492 4790 0 5282
5464 527 4937 0 5464
5047 511 4536 0 5047
5420 538 4882 0 5420
4957 526 4431 0 4957
5152 577 4575 0 5152
5188 574 4614 0 5188
5237 533 4704 0 5237
5389 559 4830 0 5389
5908 602 5306 0 5908
5171 510 4661 0 5171
4881 487 4394 0 4881
5453 556 4897 0 5453
5112 512 4600 0 5112
5059 510 4549 0 5059
4751 443 4308 0 4751
5478 575 4903 0 5478
4925 459 4466 0 4925
5159 547 4612 0 5159
4662 494 4168 0 4662
5066 534 4532 0 5066
4995 526 4469 0 4995
5392 516 4876 0 5392
4965 489 4476 0 4965
5198 533 4665 0 5198
5320 523 4797 0 5320
5095 489 4606 0 5095
5316 500 4816 0 5316
5175 511 4664 0 5175
5286 583 4703 0 5286
5089 532 4557 0 5089
5065 513 4552 0 5065
5381 533 4848 0 5381
5081 528 4553 0 5081
5412 562 4850 0 5412
5320 508 4812 0 5320
5202 513 4689 0 5202
5178 540 4638 0 5178
5121 516 4605 0 5121
4930 555 4375 0 4930
5388 568 4820 0 5388
5680 558 5122 0 5680
5425 539 4886 0 5425
5088 498 4590 0 5088
4794 511 4283 0 4794
5484 560 4924 0 5484
5093 523 4570 0 5093
5221 543 4678 0 5221
5513 578 4935 0 5513
5049 520 4529 0 5049
4815 489 4326 0 4815
5821 578 5243 0 5821
5173 493 4680 0 5173
4917 505 4412 0 4917
5373 546 4827 0 5373
5526 565 4961 0 5526
5675 546 5129 0 5675
5248 527 4721 0 5248
5466 556 4910 0 5466
5168 507 4661 0 5168
5180 500 4680 0 5180
5023 531 4492 0 5023
5231 540 4691 0 5231
4976 507 4469 0 4976
5055 527 4528 0 5055
5168 559 4609 0 5168
5309 551 4758 0 5309
5220 557 4663 0 5220
4865 467 4398 0 4865
5231 499 4732 0 5231
5111 481 4630 0 5111
5408 544 4864 0 5408
5044 506 4538 0 5044
5157 571 4586 0 5157
5717 599 5118 0 5717
5102 532 4570 0 5102
5220 515 4705 0 5220
5353 538 4815 0 5353
5120 498 4622 0 5120
5017 512 4505 0 5017
5313 518 4795 0 5313
5173 522 4651 0 5173
5291 542 4749 0 5291
5111 468 4643 0 5111
5314 509 4805 0 5314
5299 518 4781 0 5299
5589 511 5078 0 5589
5049 504 4545 0 5049
5099 484 4615 0 5099
5487 551 4936 0 5487
5073 515 4558 0 5073
5092 538 4554 0 5092
4889 517 4372 0 4889
5358 540 4818 0 5358
5161 506 4655 0 5161
4982 468 4514 0 4982
4950 492 4458 0 4950
5541 557 4984 0 5541
5330 555 4775 0 5330
5197 524 4673 0 5197
4808 487 4321 0 4808
5100 502 4598 0 5100
