5578 3564 2014 3228 2350
5442 3517 1925 3131 2311
5595 3612 1983 3249 2346
5448 3487 1961 3167 2281
5562 3494 2068 3128 2434
5466 3480 1986 3136 2330
5536 3550 1986 3183 2353
5408 3462 1946 3112 2296
5419 3549 1870 3178 2241
5330 3439 1891 3074 2256
5340 3459 1881 3104 2236
5430 3541 1889 3154 2276
5718 3647 2071 3281 2437
5811 3767 2044 3342 2469
5383 3412 1971 3055 2328
5519 3523 1996 3161 2358
5451 3527 1924 3165 2286
5300 3398 1902 3045 2255
5633 3599 2034 3228 2405
5333 3372 1961 3017 2316
5221 3321 1900 3000 2221
5519 3556 1963 3187 2332
5610 3528 2082 3138 2472
5044 3250 1794 2928 2116
5579 3609 1970 3263 2316
5613 3569 2044 3212 2401
5790 3718 2072 3327 2463
5136 3272 1864 2927 2209
5131 3310 1821 2956 2175
5626 3586 2040 3198 2428
5698 3699 1999 3294 2404
5684 3661 2023 3274 2410
5319 3394 1925 3085 2234
5425 3405 2020 3049 2376
5316 3418 1898 3028 2288
5799 3740 2059 3339 2460
5393 3417 1976 3072 2321
5256 3375 1881 3011 2245
4981 3205 1776 2865 2116
5139 3387 1752 3060 2079
5323 3384 1939 3026 2297
5399 3375 2024 3003 2396
5277 3339 1938 2971 2306
5590 3569 2021 3212 2378
5355 3409 1946 3043 2312
5853 3706 2147 3350 2503
5252 3346 1906 2998 2254
5545 3526 2019 3152 2393
5453 3402 2051 3039 2414
5520 3556 1964 3155 2365
5255 3315 1940 2998 2257
5195 3308 1887 2929 2266
5207 3379 1828 3032 2175
5686 3572 2114 3181 2505
5468 3465 2003 3102 2366
5366 3419 1947 3108 2258
5033 3227 1806 2868 2165
5456 3463 1993 3092 2364
5177 3300 1877 2930 2247
5285 3429 1856 3087 2198
5099 3241 1858 2897 2202
5120 3269 1851 2917 2203
5301 3429 1872 3102 2199
5269 3350 1919 3006 2263
5135 3344 1791 2994 2141
4837 3142 1695 2794 2043
5119 3260 1859 2933 2186
5166 3261 1905 2931 2235
4846 3124 1722 2798 2048
5491 3515 1976 3137 2354
5221 3377 1844 3050 2171
4685 3047 1638 2732 1953
4924 3208 1716 2867 2057
5166 3282 1884 2940 2226
5114 3197 1917 2842 2272
5493 3512 1981 3161 2332
4966 3242 1724 2896 2070
4872 3147 1725 2843 2029
5029 3158 1871 2805 2224
4847 3067 1780 2754 2093
4809 3006 1803 2705 2104
4931 3209 1722 2853 2078
4973 3169 1804 2852 2121
5008 3129 1879 2823 2185
5155 3290 1865 2935 2220
5478 3528 1950 3169 2309
5222 3315 1907 2992 2230
4961 3133 1828 2855 2106
5420 3431 1989 3068 2352
5381 3404 1977 3018 2363
5076 3255 1821 2920 2156
5177 3339 1838 3012 2165
5075 3208 1867 2896 2179
5253 3292 1961 2944 2309
5151 3345 1806 3016 2135
5015 3184 1831 2856 2159
5041 3234 1807 2906 2135
5185 3293 1892 2967 2218
4951 3166 1785 2852 2099
5324 3397 1927 3051 2273
4974 3188 1786 2866 2108
4925 3215 1710 2855 2070
4876 3133 1743 2810 2066
5090 3307 1783 2955 2135
5633 3636 1997 3251 2382
4856 3191 1665 2851 2005
5134 3275 1859 2960 2174
4780 3076 1704 2780 2000
5161 3265 1896 2941 2220
4994 3226 1768 2888 2106
5369 3425 1944 3091 2278
5113 3245 1868 2889 2224
5288 3388 1900 3023 2265
5018 3207 1811 2884 2134
5518 3471 2047 3125 2393
5431 3459 1972 3102 2329
5081 3258 1823 2891 2190
5376 3500 1876 3150 2226
4724 2991 1733 2712 2012
5071 3283 1788 2946 2125
4931 3165 1766 2792 2139
4915 3146 1769 2842 2073
4899 3149 1750 2832 2067
5107 3346 1761 3011 2096
4982 3195 1787 2865 2117
4767 3058 1709 2721 2046
5056 3273 1783 2917 2139
5229 3381 1848 3020 2209
5449 3533 1916 3166 2283
5343 3446 1897 3099 2244
5158 3290 1868 2942 2216
5612 3611 2001 3251 2361
5231 3305 1926 2968 2263
5079 3254 1825 2947 2132
5324 3392 1932 3045 2279
5066 3215 1851 2895 2171
4980 3182 1798 2831 2149
5241 3295 1946 2971 2270
5271 3338 1933 2972 2299
5209 3342 1867 2991 2218
5046 3221 1825 2900 2146
4935 3200 1735 2879 2056
5208 3329 1879 3003 2205
5020 3149 1871 2850 2170
4963 3204 1759 2867 2096
5449 3515 1934 3166 2283
5082 3252 1830 2952 2130
5101 3278 1823 2948 2153
5368 3458 1910 3093 2275
5398 3430 1968 3073 2325
5538 3506 2032 3163 2375
5630 3620 2010 3233 2397
5580 3604 1976 3213 2367
4948 3189 1759 2846 2102
5483 3495 1988 3141 2342
5393 3440 1953 3078 2315
5562 3583 1979 3162 2400
5819 3766 2053 3402 2417
5704 3631 2073 3223 2481
5538 3494 2044 3123 2415
5517 3550 1967 3205 2312
5667 3540 2127 3160 2507
5529 3506 2023 3152 2377
5479 3504 1975 3163 2316
5807 3695 2112 3306 2501
4794 3092 1702 2790 2004
5452 3504 1948 3157 2295
5353 3413 1940 3059 2294
5531 3568 1963 3212 2319
4828 3052 1776 2760 2068
5733 3671 2062 3309 2424
5652 3637 2015 3282 2370
5836 3756 2080 3351 2485
5237 3351 1886 3022 2215
5111 3277 1834 2950 2161
5785 3742 2043 3401 2384
5384 3436 1948 3094 2290
5484 3520 1964 3192 2292
5414 3445 1969 3076 2338
5722 3659 2063 3322 2400
5795 3674 2121 3291 2504
4666 2921 1745 2630 2036
5504 3538 1966 3164 2340
5533 3549 1984 3174 2359
5123 3249 1874 2933 2190
5336 3371 1965 3028 2308
5145 3306 1839 2997 2148
5517 3475 2042 3084 2433
5064 3163 1901 2840 2224
4959 3157 1802 2857 2102
5855 3698 2157 3327 2528
5335 3403 1932 3040 2295
5415 3453 1962 3075 2340
4940 3190 1750 2823 2117
5043 3225 1818 2880 2163
5103 3190 1913 2852 2251
5167 3351 1816 2986 2181
5366 3404 1962 3023 2343
5005 3201 1804 2868 2137
5349 3372 1977 3007 2342
5891 3829 2062 3425 2466
5123 3297 1826 2959 2164
5630 3654 1976 3253 2377
5565 3564 2001 3168 2397
5616 3609 2007 3257 2359
5154 3328 1826 2954 2200
5389 3492 1897 3124 2265
5562 3516 2046 3152 2410
4829 3082 1747 2766 2063
5005 3192 1813 2848 2157
5022 3218 1804 2908 2114
5496 3542 1954 3173 2323
5633 3581 2052 3183 2450
5403 3406 1997 3055 2348
5295 3322 1973 2981 2314
5367 3404 1963 3055 2312
5037 3276 1761 2924 2113
4992 3190 1802 2848 2144
5242 3292 1950 2963 2279
5511 3561 1950 3172 2339
5287 3334 1953 3000 2287
5017 3143 1874 2793 2224
5063 3292 1771 2957 2106
5499 3589 1910 3229 2270
5345 3426 1919 3058 2287
5186 3311 1875 2996 2190
5273 3334 1939 2975 2298
5382 3471 1911 3119 2263
5441 3419 2022 3075 2366
5180 3395 1785 3020 2160
5121 3261 1860 2929 2192
4714 3004 1710 2674 2040
5082 3272 1810 2929 2153
5167 3297 1870 2960 2207
5566 3529 2037 3153 2413
5169 3280 1889 2969 2200
5435 3432 2003 3063 2372
4910 3168 1742 2850 2060
5708 3640 2068 3257 2451
5857 3737 2120 3375 2482
5592 3576 2016 3205 2387
5012 3210 1802 2884 2128
4998 3182 1816 2858 2140
5397 3457 1940 3126 2271
5376 3406 1970 3024 2352
4932 3138 1794 2833 2099
5392 3461 1931 3137 2255
5370 3484 1886 3130 2240
5166 3403 1763 3078 2088
4873 3122 1751 2802 2071
5214 3349 1865 2987 2227
5211 3360 1851 3007 2204
5180 3339 1841 2991 2189
5061 3244 1817 2900 2161
5242 3396 1846 3051 2191
4780 3018 1762 2688 2092
5322 3434 1888 3073 2249
5184 3252 1932 2890 2294
5232 3330 1902 2965 2267
5290 3324 1966 2982 2308
5001 3162 1839 2833 2168
5311 3354 1957 3025 2286
5126 3312 1814 2963 2163
5340 3422 1918 3087 2253
5124 3224 1900 2926 2198
5070 3270 1800 2925 2145
5324 3328 1996 2971 2353
5280 3412 1868 3030 2250
5598 3544 2054 3184 2414
5150 3289 1861 2957 2193
5032 3210 1822 2870 2162
5175 3329 1846 2986 2189
5219 3355 1864 3016 2203
4939 3193 1746 2881 2058
5381 3465 1916 3098 2283
5351 3411 1940 3008 2343
5395 3522 1873 3168 2227
5159 3286 1873 2937 2222
5110 3241 1869 2919 2191
5503 3536 1967 3162 2341
5551 3499 2052 3132 2419
5373 3478 1895 3113 2260
5512 3603 1909 3254 2258
5475 3528 1947 3143 2332
5154 3282 1872 2949 2205
5276 3420 1856 3056 2220
5755 3665 2090 3295 2460
5379 3409 1970 3070 2309
5245 3351 1894 3013 2232
4786 3037 1749 2763 2023
5397 3446 1951 3099 2298
5654 3623 2031 3281 2373
5132 3275 1857 2932 2200
5155 3277 1878 2955 2200
5333 3448 1885 3073 2260
5336 3375 1961 3009 2327
5416 3436 1980 3076 2340
5006 3179 1827 2853 2153
5101 3240 1861 2937 2164
5316 3415 1901 3062 2254
5331 3388 1943 3017 2314
5131 3308 1823 2954 2177
5193 3347 1846 2982 2211
5305 3350 1955 3001 2304
5642 3610 2032 3228 2414
5025 3222 1803 2844 2181
4945 3152 1793 2824 2121
5200 3318 1882 2969 2231
5339 3407 1932 3057 2282
5320 3413 1907 3058 2262
5159 3279 1880 2937 2222
4827 3103 1724 2758 2069
5726 3648 2078 3260 2466
5345 3401 1944 3067 2278
4906 3159 1747 2821 2085
4535 2941 1594 2658 1877
5057 3197 1860 2870 2187
5250 3347 1903 2999 2251
5446 3497 1949 3136 2310
4837 3142 1695 2849 1988
5086 3264 1822 2859 2227
5425 3465 1960 3088 2337
5162 3254 1908 2941 2221
5206 3344 1862 3010 2196
5063 3222 1841 2870 2193
5103 3285 1818 2944 2159
5105 3268 1837 2897 2208
5248 3325 1923 2972 2276
4922 3120 1802 2840 2082
5321 3396 1925 3050 2271
4983 3206 1777 2884 2099
5302 3389 1913 3018 2284
5042 3235 1807 2895 2147
5306 3428 1878 3082 2224
5043 3195 1848 2856 2187
5561 3545 2016 3187 2374
5242 3374 1868 3022 2220
4957 3192 1765 2894 2063
5158 3190 1968 2871 2287
4815 3051 1764 2742 2073
5112 3241 1871 2911 2201
5259 3332 1927 3019 2240
5386 3441 1945 3073 2313
4930 3170 1760 2862 2068
5235 3349 1886 3009 2226
5474 3478 1996 3128 2346
5298 3384 1914 3025 2273
5563 3568 1995 3196 2367
5098 3254 1844 2909 2189
4838 3147 1691 2838 2000
5156 3325 1831 2979 2177
5350 3375 1975 3031 2319
5015 3173 1842 2844 2171
5428 3481 1947 3101 2327
4982 3157 1825 2845 2137
5297 3381 1916 3024 2273
5419 3403 2016 3064 2355
5076 3199 1877 2883 2193
5045 3237 1808 2932 2113
5403 3394 2009 3036 2367
4956 3192 1764 2863 2093
5140 3272 1868 2947 2193
5014 3178 1836 2874 2140
5433 3543 1890 3193 2240
5129 3275 1854 2974 2155
5319 3416 1903 3084 2235
5404 3485 1919 3126 2278
5280 3289 1991 2988 2292
5600 3571 2029 3175 2425
5272 3316 1956 2980 2292
5465 3538 1927 3169 2296
4659 2941 1718 2627 2032
5002 3237 1765 2910 2092
5337 3443 1894 3084 2253
4756 2999 1757 2714 2042
5279 3362 1917 3007 2272
5045 3269 1776 2910 2135
4917 3135 1782 2799 2118
4867 3136 1731 2832 2035
5144 3290 1854 2953 2191
4885 3089 1796 2776 2109
5329 3406 1923 3037 2292
5088 3204 1884 2885 2203
5029 3241 1788 2922 2107
4994 3192 1802 2870 2124
5226 3308 1918 2969 2257
5267 3372 1895 3028 2239
5246 3344 1902 3006 2240
5162 3353 1809 2988 2174
4995 3242 1753 2928 2067
5076 3192 1884 2840 2236
4926 3200 1726 2862 2064
5277 3414 1863 3066 2211
4950 3171 1779 2860 2090
4951 3179 1772 2835 2116
5203 3351 1852 3025 2178
5567 3443 2124 3077 2490
5266 3329 1937 2993 2273
5557 3577 1980 3206 2351
5518 3521 1997 3146 2372
5307 3413 1894 3057 2250
5165 3291 1874 2937 2228
5147 3297 1850 2944 2203
5298 3422 1876 3109 2189
5089 3230 1859 2883 2206
4762 3049 1713 2732 2030
5364 3470 1894 3109 2255
4887 3098 1789 2806 2081
5358 3398 1960 3045 2313
5231 3310 1921 2946 2285
5357 3432 1925 3068 2289
5041 3208 1833 2862 2179
5247 3426 1821 3104 2143
5483 3539 1944 3157 2326
4949 3156 1793 2837 2112
5128 3309 1819 2965 2163
5310 3432 1878 3110 2200
4860 3122 1738 2807 2053
5293 3386 1907 3053 2240
4988 3228 1760 2927 2061
5261 3362 1899 3008 2253
5319 3373 1946 3050 2269
5064 3276 1788 2943 2121
4901 3160 1741 2835 2066
4975 3188 1787 2859 2116
4852 3097 1755 2775 2077
5354 3360 1994 3027 2327
5503 3511 1992 3145 2358
5281 3470 1811 3130 2151
5095 3244 1851 2914 2181
5022 3236 1786 2895 2127
5000 3226 1774 2905 2095
4836 3105 1731 2797 2039
5018 3203 1815 2862 2156
4974 3177 1797 2871 2103
5428 3426 2002 3085 2343
5007 3201 1806 2893 2114
4820 3085 1735 2771 2049
5147 3239 1908 2898 2249
5302 3417 1885 3049 2253
5277 3363 1914 3021 2256
5545 3549 1996 3195 2350
4972 3176 1796 2868 2104
5350 3463 1887 3121 2229
4886 3133 1753 2823 2063
5343 3399 1944 3042 2301
4823 3075 1748 2770 2053
5266 3342 1924 2999 2267
5139 3273 1866 2936 2203
5183 3242 1941 2935 2248
4990 3221 1769 2886 2104
5199 3336 1863 2983 2216
5214 3306 1908 2972 2242
5165 3260 1905 2929 2236
5644 3562 2082 3212 2432
5101 3271 1830 2899 2202
5876 3806 2070 3408 2468
4958 3133 1825 2844 2114
5192 3299 1893 2940 2252
4439 2840 1599 2535 1904
5146 3294 1852 2973 2173
5172 3300 1872 2950 2222
5199 3352 1847 3022 2177
5243 3374 1869 3028 2215
5056 3290 1766 2951 2105
5292 3330 1962 2990 2302
4911 3172 1739 2836 2075
5554 3570 1984 3168 2386
5148 3313 1835 2972 2176
4955 3155 1800 2830 2125
5199 3348 1851 2997 2202
5268 3330 1938 2969 2299
5039 3224 1815 2902 2137
5342 3399 1943 3040 2302
4745 3045 1700 2748 1997
4663 3002 1661 2673 1990
5088 3302 1786 2938 2150
4774 3050 1724 2759 2015
5007 3190 1817 2825 2182
5146 3306 1840 2914 2232
5129 3256 1873 2921 2208
5303 3391 1912 3055 2248
5453 3425 2028 3050 2403
5086 3297 1789 2951 2135
5176 3323 1853 2978 2198
5347 3429 1918 3097 2250
5139 3287 1852 2906 2233
5065 3243 1822 2909 2156
4848 3097 1751 2762 2086
5270 3362 1908 2993 2277
5067 3196 1871 2881 2186
5041 3192 1849 2869 2172
4860 3110 1750 2818 2042
5484 3499 1985 3110 2374
5153 3311 1842 2960 2193
5391 3462 1929 3122 2269
5303 3401 1902 3054 2249
4621 2959 1662 2652 1969
5063 3187 1876 2866 2197
5206 3346 1860 3008 2198
5788 3659 2129 3274 2514
5180 3362 1818 3015 2165
4638 2969 1669 2681 1957
4928 3089 1839 2775 2153
4999 3230 1769 2902 2097
5005 3197 1808 2853 2152
5223 3324 1899 3006 2217
5117 3279 1838 2928 2189
5068 3268 1800 2942 2126
5182 3378 1804 2998 2184
4951 3180 1771 2864 2087
5440 3526 1914 3145 2295
4822 3080 1742 2780 2042
4832 3059 1773 2757 2075
5632 3609 2023 3224 2408
5208 3312 1896 2975 2233
4971 3240 1731 2881 2090
5088 3171 1917 2840 2248
5201 3300 1901 2967 2234
5443 3490 1953 3113 2330
5529 3474 2055 3144 2385
5429 3504 1925 3177 2252
5711 3692 2019 3309 2402
5373 3494 1879 3120 2253
5349 3412 1937 3043 2306
4928 3167 1761 2859 2069
5287 3379 1908 3054 2233
5181 3335 1846 3017 2164
5262 3333 1929 2982 2280
5306 3370 1936 3020 2286
5388 3441 1947 3102 2286
5294 3383 1911 3045 2249
5186 3256 1930 2918 2268
5122 3271 1851 2947 2175
5086 3236 1850 2916 2170
4801 3081 1720 2744 2057
5058 3182 1876 2832 2226
4832 3038 1794 2721 2111
5121 3338 1783 2993 2128
4962 3181 1781 2875 2087
5040 3198 1842 2865 2175
4740 2993 1747 2671 2069
5121 3344 1777 2990 2131
5280 3380 1900 2982 2298
5001 3244 1757 2936 2065
5257 3424 1833 3090 2167
5110 3248 1862 2912 2198
5556 3517 2039 3149 2407
4997 3160 1837 2843 2154
5351 3420 1931 3053 2298
5120 3225 1895 2880 2240
5134 3332 1802 2980 2154
4884 3133 1751 2811 2073
5094 3219 1875 2875 2219
5143 3231 1912 2889 2254
4852 2993 1859 2704 2148
5321 3333 1988 2993 2328
5286 3422 1864 3039 2247
5158 3329 1829 2970 2188
5071 3240 1831 2893 2178
5297 3422 1875 3055 2242
5265 3370 1895 2986 2279
5102 3238 1864 2878 2224
4985 3200 1785 2896 2089
4985 3162 1823 2853 2132
5558 3520 2038 3114 2444
5298 3382 1916 3030 2268
5012 3127 1885 2798 2214
5381 3456 1925 3105 2276
5184 3309 1875 2989 2195
4944 3152 1792 2826 2118
5111 3333 1778 2962 2149
4921 3067 1854 2740 2181
4984 3151 1833 2783 2201
5250 3323 1927 2996 2254
5305 3420 1885 3076 2229
5387 3464 1923 3109 2278
5010 3178 1832 2849 2161
5169 3303 1866 2960 2209
5228 3370 1858 3014 2214
5155 3199 1956 2843 2312
5370 3422 1948 3063 2307
4793 3042 1751 2737 2056
4840 3076 1764 2745 2095
5042 3214 1828 2884 2158
5481 3525 1956 3168 2313
5222 3366 1856 3016 2206
4941 3122 1819 2804 2137
5135 3341 1794 2987 2148
5243 3385 1858 3052 2191
5172 3299 1873 2966 2206
5590 3564 2026 3181 2409
5435 3419 2016 3068 2367
5198 3306 1892 2958 2240
5437 3460 1977 3124 2313
5353 3388 1965 3005 2348
5204 3306 1898 2978 2226
5085 3251 1834 2921 2164
5270 3402 1868 3042 2228
5088 3197 1891 2864 2224
5271 3318 1953 2969 2302
5435 3474 1961 3133 2302
5214 3278 1936 2938 2276
5193 3309 1884 2967 2226
5584 3628 1956 3244 2340
5412 3455 1957 3046 2366
5051 3258 1793 2929 2122
5024 3232 1792 2929 2095
4994 3219 1775 2892 2102
5312 3423 1889 3071 2241
4983 3169 1814 2840 2143
5172 3304 1868 2920 2252
5208 3313 1895 2966 2242
4915 3213 1702 2847 2068
4942 3180 1762 2815 2127
5361 3413 1948 3036 2325
5236 3365 1871 3035 2201
4824 3017 1807 2691 2133
5306 3380 1926 3034 2272
5099 3188 1911 2855 2244
4946 3198 1748 2865 2081
5481 3444 2037 3086 2395
5326 3422 1904 3030 2296
5494 3497 1997 3144 2350
4944 3132 1812 2821 2123
4895 3138 1757 2824 2071
4763 3066 1697 2763 2000
5369 3467 1902 3124 2245
4704 3020 1684 2683 2021
5181 3294 1887 2903 2278
5076 3244 1832 2926 2150
5255 3426 1829 3062 2193
4985 3113 1872 2758 2227
4969 3137 1832 2834 2135
5031 3238 1793 2920 2111
4676 2996 1680 2679 1997
4819 3135 1684 2807 2012
5200 3332 1868 3007 2193
4849 3155 1694 2825 2024
5144 3316 1828 2990 2154
5353 3459 1894 3118 2235
5040 3178 1862 2854 2186
5152 3294 1858 2953 2199
5282 3334 1948 2989 2293
4757 3017 1740 2705 2052
4802 3099 1703 2779 2023
4693 2996 1697 2688 2005
5182 3230 1952 2900 2282
5268 3353 1915 3011 2257
5047 3197 1850 2891 2156
5378 3419 1959 3044 2334
5240 3380 1860 3019 2221
4979 3103 1876 2799 2180
5428 3546 1882 3167 2261
4886 3042 1844 2734 2152
4913 3178 1735 2839 2074
5074 3266 1808 2948 2126
5079 3232 1847 2900 2179
4865 3129 1736 2818 2047
5045 3226 1819 2929 2116
5078 3219 1859 2919 2159
5190 3360 1830 3044 2146
5255 3392 1863 3053 2202
5359 3373 1986 3028 2331
4935 3153 1782 2851 2084
5267 3392 1875 3052 2215
5197 3240 1957 2904 2293
5202 3363 1839 3015 2187
5012 3278 1734 2957 2055
4995 3247 1748 2908 2087
5168 3348 1820 2990 2178
5522 3521 2001 3151 2371
4969 3173 1796 2804 2165
5151 3342 1809 2990 2161
5241 3359 1882 3004 2237
4825 3085 1740 2770 2055
4994 3198 1796 2847 2147
4990 3197 1793 2899 2091
5274 3380 1894 3037 2237
4931 3181 1750 2867 2064
4935 3129 1806 2782 2153
4772 3015 1757 2723 2049
4925 3175 1750 2827 2098
4670 3015 1655 2717 1953
5153 3316 1837 2968 2185
5221 3338 1883 2986 2235
5362 3443 1919 3090 2272
5194 3356 1838 3020 2174
5000 3168 1832 2831 2169
5263 3331 1932 2952 2311
4906 3129 1777 2819 2087
5572 3527 2045 3194 2378
5172 3308 1864 2981 2191
4835 3078 1757 2757 2078
5028 3226 1802 2856 2172
5590 3602 1988 3229 2361
5029 3244 1785 2907 2122
4694 2908 1786 2623 2071
4853 3092 1761 2773 2080
4909 3135 1774 2825 2084
4947 3212 1735 2886 2061
5260 3376 1884 3033 2227
4927 3109 1818 2796 2131
5000 3191 1809 2831 2169
4949 3129 1820 2813 2136
5147 3298 1849 2959 2188
5616 3616 2000 3252 2364
5057 3269 1788 2922 2135
5120 3307 1813 2952 2168
5276 3462 1814 3112 2164
4559 2901 1658 2616 1943
5137 3314 1823 2959 2178
4981 3160 1821 2849 2132
4832 3119 1713 2798 2034
5376 3414 1962 3063 2313
4961 3154 1807 2810 2151
5271 3354 1917 3018 2253
4934 3166 1768 2830 2104
5012 3183 1829 2855 2157
4948 3110 1838 2784 2164
5126 3283 1843 2954 2172
5111 3270 1841 2921 2190
5241 3346 1895 2989 2252
4766 3106 1660 2790 1976
5120 3199 1921 2868 2252
5039 3233 1806 2891 2148
5588 3597 1991 3218 2370
5244 3309 1935 2955 2289
5887 3797 2090 3411 2476
5425 3440 1985 3079 2346
5522 3553 1969 3196 2326
5284 3379 1905 3033 2251
5171 3291 1880 2964 2207
5099 3248 1851 2913 2186
5346 3399 1947 3067 2279
5019 3181 1838 2891 2128
5809 3645 2164 3270 2539
4782 3064 1718 2758 2024
5014 3170 1844 2845 2169
5069 3263 1806 2901 2168
5157 3315 1842 2974 2183
5440 3487 1953 3111 2329
4781 3032 1749 2683 2098
4655 3042 1613 2742 1913
5328 3428 1900 3039 2289
4874 3140 1734 2839 2035
5152 3322 1830 2991 2161
5346 3365 1981 2995 2351
5338 3420 1918 3092 2246
5241 3380 1861 3056 2185
4948 3166 1782 2837 2111
5264 3399 1865 3036 2228
5453 3469 1984 3132 2321
5057 3218 1839 2896 2161
5092 3239 1853 2882 2210
5269 3329 1940 2983 2286
5270 3327 1943 2959 2311
5411 3443 1968 3107 2304
5086 3239 1847 2910 2176
5149 3315 1834 2974 2175
4745 2990 1755 2691 2054
5985 3857 2128 3455 2530
5413 3512 1901 3155 2258
5417 3453 1964 3085 2332
4972 3176 1796 2857 2115
4975 3218 1757 2858 2117
4884 3199 1685 2829 2055
5416 3466 1950 3112 2304
5027 3218 1809 2859 2168
5202 3303 1899 2951 2251
4754 3055 1699 2741 2013
5130 3217 1913 2842 2288
5334 3391 1943 3080 2254
4697 3041 1656 2718 1979
5157 3309 1848 2974 2183
5230 3374 1856 3015 2215
5090 3297 1793 2969 2121
5091 3201 1890 2868 2223
5103 3219 1884 2877 2226
5173 3310 1863 2997 2176
5657 3610 2047 3220 2437
4976 3177 1799 2818 2158
5262 3350 1912 3011 2251
5445 3472 1973 3115 2330
5031 3249 1782 2897 2134
5382 3472 1910 3112 2270
5180 3322 1858 2970 2210
5374 3460 1914 3100 2274
5233 3332 1901 3019 2214
5430 3495 1935 3141 2289
5370 3382 1988 3033 2337
5185 3269 1916 2939 2246
5078 3190 1888 2836 2242
5895 3747 2148 3378 2517
4942 3203 1739 2868 2074
5171 3289 1882 2961 2210
5055 3218 1837 2906 2149
5097 3230 1867 2898 2199
5019 3195 1824 2880 2139
4893 3105 1788 2800 2093
4784 3113 1671 2794 1990
5716 3621 2095 3260 2456
4941 3087 1854 2777 2164
5485 3589 1896 3202 2283
5122 3273 1849 2955 2167
5133 3295 1838 2927 2206
5302 3378 1924 3027 2275
5457 3455 2002 3072 2385
4868 3118 1750 2799 2069
4901 3146 1755 2838 2063
5321 3435 1886 3079 2242
5169 3375 1794 2994 2175
5400 3400 2000 3057 2343
5002 3230 1772 2891 2111
5010 3167 1843 2836 2174
5356 3415 1941 3079 2277
4868 3036 1832 2703 2165
5170 3333 1837 2989 2181
4704 2987 1717 2683 2021
5140 3307 1833 2972 2168
5384 3425 1959 3064 2320
5145 3233 1912 2886 2259
5130 3286 1844 2966 2164
5186 3343 1843 2995 2191
4748 3026 1722 2711 2037
4757 3089 1668 2763 1994
5392 3421 1971 3059 2333
4942 3128 1814 2806 2136
5160 3353 1807 2987 2173
4809 3025 1784 2709 2100
4979 3163 1816 2833 2146
5078 3236 1842 2891 2187
5103 3256 1847 2926 2177
5224 3287 1937 2934 2290
5182 3332 1850 2964 2218
5247 3342 1905 2997 2250
5227 3328 1899 2985 2242
5107 3268 1839 2910 2197
5405 3471 1934 3098 2307
5695 3684 2011 3300 2395
4995 3151 1844 2800 2195
4998 3214 1784 2843 2155
4985 3086 1899 2762 2223
5194 3311 1883 2985 2209
4855 3133 1722 2789 2066
5506 3483 2023 3111 2395
5371 3433 1938 3087 2284
5525 3464 2061 3098 2427
5236 3376 1860 3033 2203
5263 3364 1899 2997 2266
5022 3246 1776 2894 2128
5265 3392 1873 3062 2203
5084 3221 1863 2875 2209
4918 3091 1827 2784 2134
5130 3274 1856 2947 2183
5457 3434 2023 3094 2363
5106 3252 1854 2950 2156
5622 3564 2058 3208 2414
5198 3292 1906 2922 2276
5293 3350 1943 2992 2301
5141 3253 1888 2944 2197
5091 3205 1886 2897 2194
5452 3470 1982 3113 2339
5201 3289 1912 2929 2272
5312 3414 1898 3044 2268
4928 3126 1802 2780 2148
5205 3321 1884 2996 2209
4619 2978 1641 2672 1947
5591 3569 2022 3188 2403
4831 3068 1763 2751 2080
4978 3222 1756 2887 2091
4905 3143 1762 2853 2052
5114 3210 1904 2874 2240
5002 3210 1792 2880 2122
5109 3236 1873 2912 2197
5169 3284 1885 2966 2203
5119 3216 1903 2880 2239
5135 3282 1853 2964 2171
5264 3371 1893 3045 2219
5225 3336 1889 2965 2260
5150 3271 1879 2936 2214
4946 3132 1814 2793 2153
5398 3459 1939 3139 2259
5212 3235 1977 2877 2335
5235 3364 1871 3048 2187
5363 3384 1979 3057 2306
5160 3246 1914 2944 2216
5280 3385 1895 3021 2259
5291 3391 1900 3022 2269
5080 3239 1841 2898 2182
4887 3091 1796 2785 2102
5294 3389 1905 3033 2261
5509 3518 1991 3146 2363
5564 3544 2020 3168 2396
4962 3161 1801 2847 2115
5241 3303 1938 2954 2287
5267 3375 1892 3002 2265
5098 3277 1821 2932 2166
5282 3440 1842 3108 2174
5464 3476 1988 3124 2340
5047 3217 1830 2882 2165
5420 3404 2016 3053 2367
4957 3197 1760 2876 2081
5152 3232 1920 2915 2237
5188 3344 1844 3008 2180
5237 3371 1866 3011 2226
5389 3475 1914 3139 2250
5908 3711 2197 3371 2537
5171 3282 1889 2928 2243
4881 3154 1727 2835 2046
5453 3452 2001 3093 2360
5112 3308 1804 2924 2188
5059 3222 1837 2868 2191
4751 3061 1690 2744 2007
5478 3510 1968 3120 2358
4925 3145 1780 2844 2081
5159 3290 1869 2933 2226
4662 3010 1652 2678 1984
5066 3232 1834 2924 2142
4995 3200 1795 2892 2103
5392 3411 1981 3084 2308
4965 3183 1782 2862 2103
5198 3391 1807 3009 2189
5320 3382 1938 3014 2306
5095 3230 1865 2861 2234
5316 3390 1926 3024 2292
5175 3263 1912 2951 2224
5286 3399 1887 3028 2258
5089 3246 1843 2898 2191
5065 3264 1801 2957 2108
5381 3430 1951 3071 2310
5081 3300 1781 2955 2126
5412 3426 1986 3084 2328
5320 3346 1974 3001 2319
5202 3319 1883 2939 2263
5178 3303 1875 2977 2201
5121 3348 1773 2996 2125
4930 3126 1804 2788 2142
5388 3400 1988 3027 2361
5680 3628 2052 3266 2414
5425 3450 1975 3090 2335
5088 3278 1810 2952 2136
4794 3083 1711 2777 2017
5484 3521 1963 3172 2312
5093 3268 1825 2934 2159
5221 3331 1890 2968 2253
5513 3492 2021 3125 2388
5049 3220 1829 2884 2165
4815 3121 1694 2789 2026
5821 3702 2119 3321 2500
5173 3327 1846 3000 2173
4917 3119 1798 2804 2113
5373 3455 1918 3108 2265
5526 3535 1991 3187 2339
5675 3690 1985 3299 2376
5248 3358 1890 3026 2222
5466 3439 2027 3078 2388
5168 3316 1852 2947 2221
5180 3340 1840 3016 2164
5023 3177 1846 2860 2163
5231 3334 1897 2981 2250
4976 3134 1842 2807 2169
5055 3244 1811 2914 2141
5168 3280 1888 2916 2252
5309 3412 1897 3062 2247
5220 3369 1851 3019 2201
4865 3079 1786 2758 2107
5231 3343 1888 3010 2221
5111 3222 1889 2875 2236
5408 3432 1976 3039 2369
5044 3213 1831 2860 2184
5157 3323 1834 2968 2189
5717 3634 2083 3275 2442
5102 3257 1845 2918 2184
5220 3396 1824 3054 2166
5353 3449 1904 3068 2285
5120 3277 1843 2924 2196
5017 3236 1781 2897 2120
5313 3366 1947 3025 2288
5173 3313 1860 2970 2203
5291 3391 1900 3047 2244
5111 3241 1870 2924 2187
5314 3405 1909 3057 2257
5299 3411 1888 3069 2230
5589 3582 2007 3181 2408
5049 3303 1746 2968 2081
5099 3240 1859 2924 2175
5487 3476 2011 3113 2374
5073 3272 1801 2930 2143
5092 3317 1775 2968 2124
4889 3125 1764 2803 2086
5358 3395 1963 3045 2313
5161 3370 1791 3028 2133
4982 3220 1762 2876 2106
4950 3206 1744 2898 2052
5541 3542 1999 3176 2365
5330 3376 1954 3036 2294
5197 3251 1946 2902 2295
4808 3074 1734 2749 2059
5100 3201 1899 2864 2236
