5578 2055 3523 387 5191
5442 2098 3344 426 5016
5595 2116 3479 441 5154
5448 2009 3439 391 5057
5562 2097 3465 404 5158
5466 2081 3385 416 5050
5536 2001 3535 375 5161
5408 2081 3327 446 4962
5419 2041 3378 432 4987
5330 2025 3305 396 4934
5340 2005 3335 425 4915
5430 2019 3411 399 5031
5718 2161 3557 432 5286
5811 2179 3632 394 5417
5383 1995 3388 409 4974
5519 2162 3357 445 5074
5451 2036 3415 420 5031
5300 1986 3314 413 4887
5633 2091 3542 435 5198
5333 2045 3288 423 4910
5221 1959 3262 386 4835
5519 2087 3432 405 5114
5610 2080 3530 403 5207
5044 1889 3155 393 4651
5579 2121 3458 457 5122
5613 2124 3489 411 5202
5790 2242 3548 435 5355
5136 1982 3154 399 4737
5131 1981 3150 390 4741
5626 2107 3519 405 5221
5698 2103 3595 415 5283
5684 2147 3537 418 5266
5319 1976 3343 420 4899
5425 2036 3389 406 5019
5316 1988 3328 424 4892
5799 2234 3565 455 5344
5393 2069 3324 403 4990
5256 2030 3226 420 4836
4981 1822 3159 345 4636
5139 1994 3145 419 4720
5323 1932 3391 403 4920
5399 2045 3354 411 4988
5277 2059 3218 416 4861
5590 2161 3429 441 5149
5355 2052 3303 439 4916
5853 2210 3643 437 5416
5252 1998 3254 404 4848
5545 2097 3448 429 5116
5453 2071 3382 392 5061
5520 2073 3447 410 5110
5255 2015 3240 415 4840
5195 2018 3177 432 4763
5207 1900 3307 385 4822
5686 2182 3504 418 5268
5468 2047 3421 407 5061
5366 2003 3363 398 4968
5033 1915 3118 385 4648
5456 2079 3377 442 5014
5177 2019 3158 413 4764
5285 1936 3349 389 4896
5099 1920 3179 347 4752
5120 1900 3220 371 4749
5301 2009 3292 372 4929
5269 1938 3331 416 4853
5135 1874 3261 387 4748
4837 1822 3015 355 4482
5119 1921 3198 375 4744
5166 1931 3235 382 4784
4846 1878 2968 413 4433
5491 2050 3441 420 5071
5221 1992 3229 375 4846
4685 1765 2920 320 4365
4924 1921 3003 348 4576
5166 1950 3216 389 4777
5114 1954 3160 398 4716
5493 2123 3370 450 5043
4966 1901 3065 366 4600
4872 1850 3022 392 4480
5029 1909 3120 360 4669
4847 1831 3016 343 4504
4809 1721 3088 338 4471
4931 1870 3061 360 4571
4973 1853 3120 330 4643
5008 1896 3112 371 4637
5155 1933 3222 397 4758
5478 2067 3411 427 5051
5222 1988 3234 405 4817
4961 1899 3062 358 4603
5420 2071 3349 423 4997
5381 1974 3407 390 4991
5076 1900 3176 366 4710
5177 1902 3275 380 4797
5075 1911 3164 375 4700
5253 1995 3258 379 4874
5151 1906 3245 414 4737
5015 1841 3174 359 4656
5041 1903 3138 392 4649
5185 1957 3228 404 4781
4951 1865 3086 371 4580
5324 1977 3347 434 4890
4974 1917 3057 400 4574
4925 1861 3064 386 4539
4876 1831 3045 372 4504
5090 1950 3140 370 4720
5633 2050 3583 403 5230
4856 1825 3031 376 4480
5134 1947 3187 370 4764
4780 1828 2952 382 4398
5161 1928 3233 374 4787
4994 1859 3135 357 4637
5369 2127 3242 428 4941
5113 1876 3237 390 4723
5288 1989 3299 399 4889
5018 1925 3093 394 4624
5518 2060 3458 400 5118
5431 2065 3366 430 5001
5081 1921 3160 391 4690
5376 2037 3339 401 4975
4724 1804 2920 349 4375
5071 1916 3155 379 4692
4931 1857 3074 378 4553
4915 1846 3069 379 4536
4899 1784 3115 354 4545
5107 1917 3190 347 4760
4982 1897 3085 375 4607
4767 1762 3005 361 4406
5056 1813 3243 367 4689
5229 2019 3210 373 4856
5449 2023 3426 437 5012
5343 1992 3351 386 4957
5158 1914 3244 375 4783
5612 2109 3503 394 5218
5231 2038 3193 426 4805
5079 1947 3132 390 4689
5324 1979 3345 384 4940
5066 1866 3200 372 4694
4980 1835 3145 388 4592
5241 1970 3271 394 4847
5271 1980 3291 381 4890
5209 1966 3243 400 4809
5046 1907 3139 388 4658
4935 1843 3092 377 4558
5208 1971 3237 381 4827
5020 1929 3091 384 4636
4963 1880 3083 380 4583
5449 2041 3408 397 5052
5082 1919 3163 409 4673
5101 1855 3246 391 4710
5368 2078 3290 396 4972
5398 2023 3375 403 4995
5538 2053 3485 400 5138
5630 2188 3442 412 5218
5580 2116 3464 422 5158
4948 1863 3085 373 4575
5483 2065 3418 429 5054
5393 2024 3369 409 4984
5562 2085 3477 428 5134
5819 2147 3672 435 5384
5704 2102 3602 426 5278
5538 2084 3454 432 5106
5517 2103 3414 463 5054
5667 2110 3557 425 5242
5529 2042 3487 403 5126
5479 2051 3428 405 5074
5807 2182 3625 486 5321
4794 1808 2986 361 4433
5452 2054 3398 408 5044
5353 2017 3336 407 4946
5531 2086 3445 422 5109
4828 1836 2992 395 4433
5733 2161 3572 436 5297
5652 2096 3556 430 5222
5836 2225 3611 421 5415
5237 1970 3267 397 4840
5111 1900 3211 355 4756
5785 2126 3659 449 5336
5384 2075 3309 418 4966
5484 2023 3461 413 5071
5414 2006 3408 401 5013
5722 2120 3602 406 5316
5795 2215 3580 448 5347
4666 1813 2853 399 4267
5504 2046 3458 389 5115
5533 2078 3455 435 5098
5123 2017 3106 380 4743
5336 1994 3342 434 4902
5145 1960 3185 379 4766
5517 2070 3447 414 5103
5064 1868 3196 371 4693
4959 1890 3069 370 4589
5855 2185 3670 418 5437
5335 2038 3297 401 4934
5415 2053 3362 419 4996
4940 1861 3079 334 4606
5043 1914 3129 388 4655
5103 1957 3146 383 4720
5167 1954 3213 409 4758
5366 2069 3297 402 4964
5005 1866 3139 380 4625
5349 2044 3305 402 4947
5891 2241 3650 451 5440
5123 1935 3188 391 4732
5630 2091 3539 409 5221
5565 2068 3497 429 5136
5616 2121 3495 418 5198
5154 1925 3229 372 4782
5389 2028 3361 383 5006
5562 2095 3467 437 5125
4829 1786 3043 326 4503
5005 1888 3117 416 4589
5022 1893 3129 381 4641
5496 2047 3449 448 5048
5633 2145 3488 432 5201
5403 1974 3429 425 4978
5295 2061 3234 429 4866
5367 2014 3353 386 4981
5037 1912 3125 395 4642
4992 1854 3138 352 4640
5242 2012 3230 391 4851
5511 1982 3529 376 5135
5287 1991 3296 393 4894
5017 1933 3084 352 4665
5063 1842 3221 333 4730
5499 2100 3399 403 5096
5345 2063 3282 416 4929
5186 1975 3211 393 4793
5273 1991 3282 379 4894
5382 2014 3368 400 4982
5441 2011 3430 409 5032
5180 1921 3259 386 4794
5121 1910 3211 372 4749
4714 1751 2963 344 4370
5082 1888 3194 370 4712
5167 1955 3212 377 4790
5566 2073 3493 448 5118
5169 2020 3149 432 4737
5435 2089 3346 424 5011
4910 1898 3012 376 4534
5708 2140 3568 421 5287
5857 2225 3632 483 5374
5592 2120 3472 395 5197
5012 1884 3128 383 4629
4998 1887 3111 356 4642
5397 2002 3395 401 4996
5376 2074 3302 412 4964
4932 1873 3059 378 4554
5392 2048 3344 406 4986
5370 2019 3351 387 4983
5166 1977 3189 387 4779
4873 1874 2999 388 4485
5214 1965 3249 402 4812
5211 1946 3265 390 4821
5180 1929 3251 379 4801
5061 1928 3133 407 4654
5242 1866 3376 353 4889
4780 1758 3022 343 4437
5322 1993 3329 433 4889
5184 1979 3205 385 4799
5232 1992 3240 407 4825
5290 1935 3355 375 4915
5001 1872 3129 357 4644
5311 2041 3270 400 4911
5126 1910 3216 380 4746
5340 1988 3352 395 4945
5124 1859 3265 349 4775
5070 1911 3159 364 4706
5324 1988 3336 428 4896
5280 2003 3277 388 4892
5598 2076 3522 371 5227
5150 1957 3193 396 4754
5032 1867 3165 397 4635
5175 1941 3234 358 4817
5219 2006 3213 413 4806
4939 1872 3067 398 4541
5381 2025 3356 390 4991
5351 1992 3359 403 4948
5395 2013 3382 397 4998
5159 1950 3209 380 4779
5110 1890 3220 377 4733
5503 2054 3449 410 5093
5551 2072 3479 427 5124
5373 2078 3295 450 4923
5512 2089 3423 412 5100
5475 2033 3442 387 5088
5154 1982 3172 384 4770
5276 1942 3334 382 4894
5755 2191 3564 431 5324
5379 2018 3361 415 4964
5245 1998 3247 417 4828
4786 1808 2978 362 4424
5397 2088 3309 426 4971
5654 2125 3529 432 5222
5132 1902 3230 400 4732
5155 1934 3221 338 4817
5333 2006 3327 424 4909
5336 1986 3350 377 4959
5416 2049 3367 418 4998
5006 1846 3160 356 4650
5101 1901 3200 378 4723
5316 2021 3295 394 4922
5331 2004 3327 396 4935
5131 1961 3170 398 4733
5193 1931 3262 385 4808
5305 1922 3383 346 4959
5642 2098 3544 425 5217
5025 1918 3107 398 4627
4945 1865 3080 382 4563
5200 1953 3247 367 4833
5339 2017 3322 444 4895
5320 2006 3314 385 4935
5159 1990 3169 394 4765
4827 1823 3004 382 4445
5726 2115 3611 423 5303
5345 2016 3329 413 4932
4906 1826 3080 407 4499
4535 1748 2787 338 4197
5057 1901 3156 340 4717
5250 2011 3239 433 4817
5446 2043 3403 396 5050
4837 1813 3024 357 4480
5086 1920 3166 384 4702
5425 1995 3430 396 5029
5162 1949 3213 361 4801
5206 1925 3281 356 4850
5063 1968 3095 367 4696
5103 1962 3141 387 4716
5105 1909 3196 381 4724
5248 1922 3326 359 4889
4922 1900 3022 384 4538
5321 1979 3342 398 4923
4983 1930 3053 359 4624
5302 2022 3280 396 4906
5042 1917 3125 361 4681
5306 2016 3290 383 4923
5043 1869 3174 376 4667
5561 2113 3448 409 5152
5242 1984 3258 394 4848
4957 1846 3111 376 4581
5158 1976 3182 391 4767
4815 1747 3068 366 4449
5112 1876 3236 362 4750
5259 2027 3232 403 4856
5386 1997 3389 387 4999
4930 1821 3109 373 4557
5235 2004 3231 426 4809
5474 2003 3471 378 5096
5298 1996 3302 420 4878
5563 2060 3503 400 5163
5098 1860 3238 352 4746
4838 1872 2966 382 4456
5156 1912 3244 403 4753
5350 2010 3340 350 5000
5015 1918 3097 374 4641
5428 2079 3349 428 5000
4982 1891 3091 397 4585
5297 2013 3284 418 4879
5419 2005 3414 398 5021
5076 1933 3143 395 4681
5045 1902 3143 358 4687
5403 2010 3393 415 4988
4956 1863 3093 355 4601
5140 1902 3238 395 4745
5014 1888 3126 352 4662
5433 2033 3400 366 5067
5129 1878 3251 382 4747
5319 2035 3284 398 4921
5404 1990 3414 375 5029
5280 2023 3257 397 4883
5600 2174 3426 441 5159
5272 2046 3226 400 4872
5465 2036 3429 432 5033
4659 1709 2950 346 4313
5002 1854 3148 396 4606
5337 1985 3352 416 4921
4756 1801 2955 352 4404
5279 1970 3309 398 4881
5045 1916 3129 404 4641
4917 1889 3028 372 4545
4867 1875 2992 348 4519
5144 1950 3194 436 4708
4885 1823 3062 374 4511
5329 2045 3284 426 4903
5088 1925 3163 405 4683
5029 1904 3125 365 4664
4994 1908 3086 336 4658
5226 1984 3242 412 4814
5267 1946 3321 385 4882
5246 1928 3318 377 4869
5162 1934 3228 397 4765
4995 1871 3124 366 4629
5076 1942 3134 370 4706
4926 1855 3071 362 4564
5277 1979 3298 374 4903
4950 1828 3122 352 4598
4951 1856 3095 379 4572
5203 1941 3262 375 4828
5567 2140 3427 423 5144
5266 1954 3312 394 4872
5557 2106 3451 439 5118
5518 2110 3408 411 5107
5307 1942 3365 357 4950
5165 1938 3227 402 4763
5147 1928 3219 356 4791
5298 2002 3296 408 4890
5089 1908 3181 391 4698
4762 1795 2967 370 4392
5364 2007 3357 414 4950
4887 1860 3027 354 4533
5358 2048 3310 395 4963
5231 1943 3288 385 4846
5357 2011 3346 379 4978
5041 1896 3145 365 4676
5247 1999 3248 405 4842
5483 2078 3405 434 5049
4949 1818 3131 376 4573
5128 1905 3223 374 4754
5310 2080 3230 386 4924
4860 1857 3003 389 4471
5293 1983 3310 370 4923
4988 1849 3139 349 4639
5261 1964 3297 408 4853
5319 2027 3292 419 4900
5064 1906 3158 392 4672
4901 1871 3030 377 4524
4975 1866 3109 351 4624
4852 1832 3020 331 4521
5354 2000 3354 364 4990
5503 2055 3448 401 5102
5281 1970 3311 393 4888
5095 1866 3229 334 4761
5022 1850 3172 374 4648
5000 1923 3077 378 4622
4836 1799 3037 344 4492
5018 1905 3113 372 4646
4974 1894 3080 369 4605
5428 2036 3392 420 5008
5007 1913 3094 391 4616
4820 1783 3037 354 4466
5147 1949 3198 397 4750
5302 2010 3292 404 4898
5277 1962 3315 406 4871
5545 2055 3490 411 5134
4972 1856 3116 351 4621
5350 1953 3397 391 4959
4886 1778 3108 376 4510
5343 2003 3340 391 4952
4823 1871 2952 399 4424
5266 1962 3304 404 4862
5139 1978 3161 388 4751
5183 1904 3279 378 4805
4990 1926 3064 411 4579
5199 1966 3233 380 4819
5214 1950 3264 407 4807
5165 1929 3236 372 4793
5644 2101 3543 427 5217
5101 1950 3151 385 4716
5876 2186 3690 388 5488
4958 1886 3072 375 4583
5192 1931 3261 392 4800
4439 1606 2833 327 4112
5146 1944 3202 419 4727
5172 1921 3251 362 4810
5199 1982 3217 379 4820
5243 1988 3255 407 4836
5056 1909 3147 409 4647
5292 1926 3366 350 4942
4911 1833 3078 365 4546
5554 2106 3448 403 5151
5148 1902 3246 405 4743
4955 1883 3072 368 4587
5199 1969 3230 432 4767
5268 2020 3248 379 4889
5039 1861 3178 376 4663
5342 2050 3292 390 4952
4745 1830 2915 363 4382
4663 1740 2923 363 4300
5088 1855 3233 387 4701
4774 1811 2963 341 4433
5007 1945 3062 399 4608
5146 1925 3221 384 4762
5129 1924 3205 375 4754
5303 1993 3310 394 4909
5453 2015 3438 417 5036
5086 1838 3248 352 4734
5176 1976 3200 394 4782
5347 2077 3270 385 4962
5139 1894 3245 364 4775
5065 1897 3168 376 4689
4848 1810 3038 360 4488
5270 1901 3369 344 4926
5067 2006 3061 395 4672
5041 1937 3104 361 4680
4860 1801 3059 365 4495
5484 2129 3355 439 5045
5153 1905 3248 393 4760
5391 2038 3353 380 5011
5303 1946 3357 393 4910
4621 1709 2912 318 4303
5063 1890 3173 388 4675
5206 1955 3251 391 4815
5788 2172 3616 419 5369
5180 1991 3189 420 4760
4638 1729 2909 355 4283
4928 1914 3014 391 4537
4999 1868 3131 389 4610
5005 1905 3100 392 4613
5223 1928 3295 379 4844
5117 1924 3193 374 4743
5068 1834 3234 372 4696
5182 1935 3247 381 4801
4951 1839 3112 379 4572
5440 2017 3423 402 5038
4822 1859 2963 391 4431
4832 1781 3051 327 4505
5632 2097 3535 421 5211
5208 1976 3232 387 4821
4971 1914 3057 374 4597
5088 1972 3116 376 4712
5201 1968 3233 387 4814
5443 1998 3445 417 5026
5529 2072 3457 434 5095
5429 1999 3430 405 5024
5711 2192 3519 468 5243
5373 1967 3406 390 4983
5349 1946 3403 382 4967
4928 1878 3050 373 4555
5287 2031 3256 433 4854
5181 1968 3213 381 4800
5262 1985 3277 434 4828
5306 2011 3295 408 4898
5388 2071 3317 403 4985
5294 2011 3283 385 4909
5186 1908 3278 349 4837
5122 1917 3205 374 4748
5086 1886 3200 381 4705
4801 1842 2959 366 4435
5058 1850 3208 377 4681
4832 1882 2950 387 4445
5121 1956 3165 403 4718
4962 1898 3064 401 4561
5040 1897 3143 369 4671
4740 1808 2932 363 4377
5121 1926 3195 385 4736
5280 2015 3265 372 4908
5001 1874 3127 356 4645
5257 1959 3298 392 4865
5110 1846 3264 389 4721
5556 2061 3495 412 5144
4997 1852 3145 369 4628
5351 1979 3372 395 4956
5120 1917 3203 374 4746
5134 1928 3206 369 4765
4884 1835 3049 359 4525
5094 1925 3169 419 4675
5143 1911 3232 377 4766
4852 1847 3005 355 4497
5321 2080 3241 403 4918
5286 2033 3253 396 4890
5158 1945 3213 418 4740
5071 1941 3130 378 4693
5297 2035 3262 409 4888
5265 1965 3300 418 4847
5102 1931 3171 410 4692
4985 1828 3157 372 4613
4985 1909 3076 374 4611
5558 2064 3494 417 5141
5298 1958 3340 407 4891
5012 1852 3160 341 4671
5381 1977 3404 381 5000
5184 1954 3230 379 4805
4944 1827 3117 379 4565
5111 1859 3252 374 4737
4921 1833 3088 358 4563
4984 1887 3097 362 4622
5250 1997 3253 373 4877
5305 1975 3330 426 4879
5387 2047 3340 399 4988
5010 1866 3144 371 4639
5169 1943 3226 376 4793
5228 1899 3329 343 4885
5155 1904 3251 383 4772
5370 2004 3366 408 4962
4793 1811 2982 331 4462
4840 1913 2927 395 4445
5042 1900 3142 380 4662
5481 2082 3399 433 5048
5222 1916 3306 359 4863
4941 1878 3063 365 4576
5135 1947 3188 379 4756
5243 1977 3266 407 4836
5172 1892 3280 342 4830
5590 2079 3511 411 5179
5435 2045 3390 386 5049
5198 1941 3257 430 4768
5437 1998 3439 413 5024
5353 2017 3336 376 4977
5204 1994 3210 376 4828
5085 1987 3098 376 4709
5270 2011 3259 411 4859
5088 1911 3177 374 4714
5271 1992 3279 381 4890
5435 2041 3394 396 5039
5214 1930 3284 364 4850
5193 1969 3224 412 4781
5584 2164 3420 422 5162
5412 2032 3380 393 5019
5051 1977 3074 384 4667
5024 1873 3151 361 4663
4994 1853 3141 385 4609
5312 2043 3269 403 4909
4983 1872 3111 368 4615
5172 1948 3224 371 4801
5208 1949 3259 346 4862
4915 1842 3073 347 4568
4942 1891 3051 358 4584
5361 2061 3300 439 4922
5236 2027 3209 397 4839
4824 1786 3038 346 4478
5306 1907 3399 356 4950
5099 1839 3260 356 4743
4946 1903 3043 374 4572
5481 2055 3426 430 5051
5326 2037 3289 408 4918
5494 2008 3486 396 5098
4944 1841 3103 363 4581
4895 1880 3015 375 4520
4763 1771 2992 357 4406
5369 2031 3338 397 4972
4704 1823 2881 375 4329
5181 1903 3278 374 4807
5076 1968 3108 372 4704
5255 1998 3257 400 4855
4985 1884 3101 379 4606
4969 1900 3069 358 4611
5031 1906 3125 400 4631
4676 1750 2926 390 4286
4819 1846 2973 350 4469
5200 1947 3253 376 4824
4849 1878 2971 361 4488
5144 1983 3161 405 4739
5353 2063 3290 393 4960
5040 1883 3157 382 4658
5152 1957 3195 383 4769
5282 2013 3269 408 4874
4757 1835 2922 375 4382
4802 1833 2969 360 4442
4693 1810 2883 377 4316
5182 1935 3247 396 4786
5268 1970 3298 379 4889
5047 1897 3150 356 4691
5378 1964 3414 392 4986
5240 1903 3337 363 4877
4979 1903 3076 372 4607
5428 2049 3379 400 5028
4886 1904 2982 382 4504
4913 1875 3038 388 4525
5074 1945 3129 400 4674
5079 1857 3222 365 4714
4865 1845 3020 354 4511
5045 1902 3143 392 4653
5078 1931 3147 378 4700
5190 1989 3201 407 4783
5255 1999 3256 420 4835
5359 2009 3350 432 4927
4935 1900 3035 404 4531
5267 2022 3245 395 4872
5197 1986 3211 432 4765
5202 1960 3242 400 4802
5012 1888 3124 374 4638
4995 1921 3074 374 4621
5168 1966 3202 379 4789
5522 2112 3410 434 5088
4969 1916 3053 411 4558
5151 1937 3214 360 4791
5241 1969 3272 387 4854
4825 1778 3047 360 4465
4994 1876 3118 382 4612
4990 1896 3094 393 4597
5274 2010 3264 395 4879
4931 1870 3061 410 4521
4935 1912 3023 401 4534
4772 1859 2913 384 4388
4925 1922 3003 414 4511
4670 1757 2913 366 4304
5153 1927 3226 403 4750
5221 1943 3278 388 4833
5362 2018 3344 395 4967
5194 1970 3224 397 4797
5000 1868 3132 409 4591
5263 1988 3275 404 4859
4906 1843 3063 366 4540
5572 2111 3461 425 5147
5172 1907 3265 353 4819
4835 1873 2962 393 4442
5028 1852 3176 369 4659
5590 2131 3459 403 5187
5029 1918 3111 384 4645
4694 1723 2971 340 4354
4853 1859 2994 336 4517
4909 1855 3054 368 4541
4947 1910 3037 395 4552
5260 1974 3286 401 4859
4927 1853 3074 349 4578
5000 1920 3080 381 4619
4949 1844 3105 383 4566
5147 1888 3259 395 4752
5616 2082 3534 400 5216
5057 1871 3186 394 4663
5120 1924 3196 364 4756
5276 1999 3277 397 4879
4559 1689 2870 356 4203
5137 1923 3214 367 4770
4981 1866 3115 369 4612
4832 1857 2975 368 4464
5376 2015 3361 408 4968
4961 1862 3099 351 4610
5271 2004 3267 398 4873
4934 1849 3085 358 4576
5012 1826 3186 394 4618
4948 1886 3062 355 4593
5126 1885 3241 399 4727
5111 1926 3185 404 4707
5241 1994 3247 405 4836
4766 1873 2893 394 4372
5120 1926 3194 404 4716
5039 1924 3115 351 4688
5588 2086 3502 415 5173
5244 1997 3247 400 4844
5887 2224 3663 429 5458
5425 2063 3362 434 4991
5522 2060 3462 413 5109
5284 2017 3267 416 4868
5171 2023 3148 418 4753
5099 1949 3150 378 4721
5346 2061 3285 415 4931
5019 1851 3168 358 4661
5809 2260 3549 449 5360
4782 1813 2969 382 4400
5014 1904 3110 376 4638
5069 1944 3125 361 4708
5157 1914 3243 398 4759
5440 2056 3384 385 5055
4781 1841 2940 354 4427
4655 1711 2944 340 4315
5328 1999 3329 388 4940
4874 1844 3030 351 4523
5152 1960 3192 405 4747
5346 2011 3335 416 4930
5338 1979 3359 406 4932
5241 1979 3262 382 4859
4948 1890 3058 390 4558
5264 1990 3274 403 4861
5453 2119 3334 438 5015
5057 1840 3217 389 4668
5092 1886 3206 350 4742
5269 2016 3253 433 4836
5270 2036 3234 433 4837
5411 1987 3424 418 4993
5086 1898 3188 383 4703
5149 1967 3182 393 4756
4745 1882 2863 401 4344
5985 2231 3754 461 5524
5413 2034 3379 380 5033
5417 2047 3370 414 5003
4972 1881 3091 389 4583
4975 1840 3135 373 4602
4884 1876 3008 375 4509
5416 2029 3387 381 5035
5027 1878 3149 407 4620
5202 1956 3246 375 4827
4754 1790 2964 356 4398
5130 1947 3183 410 4720
5334 2017 3317 380 4954
4697 1815 2882 381 4316
5157 1965 3192 385 4772
5230 1943 3287 390 4840
5090 1928 3162 374 4716
5091 1907 3184 387 4704
5103 1888 3215 354 4749
5173 1950 3223 373 4800
5657 2120 3537 454 5203
4976 1870 3106 391 4585
5262 2010 3252 404 4858
5445 2049 3396 440 5005
5031 1928 3103 403 4628
5382 1991 3391 359 5023
5180 1911 3269 366 4814
5374 2007 3367 404 4970
5233 2002 3231 388 4845
5430 2014 3416 397 5033
5370 1991 3379 400 4970
5185 1911 3274 352 4833
5078 1913 3165 371 4707
5895 2252 3643 461 5434
4942 1857 3085 377 4565
5171 1934 3237 383 4788
5055 1872 3183 379 4676
5097 1931 3166 398 4699
5019 1892 3127 362 4657
4893 1803 3090 350 4543
4784 1783 3001 340 4444
5716 2122 3594 435 5281
4941 1878 3063 393 4548
5485 2085 3400 443 5042
5122 1960 3162 386 4736
5133 1898 3235 381 4752
5302 2097 3205 425 4877
5457 2070 3387 411 5046
4868 1802 3066 355 4513
4901 1839 3062 365 4536
5321 1962 3359 396 4925
5169 1961 3208 364 4805
5400 2042 3358 375 5025
5002 1856 3146 349 4653
5010 1888 3122 374 4636
5356 2016 3340 402 4954
4868 1786 3082 351 4517
5170 1930 3240 389 4781
4704 1797 2907 352 4352
5140 1922 3218 349 4791
5384 1991 3393 408 4976
5145 1948 3197 361 4784
5130 1956 3174 383 4747
5186 1978 3208 392 4794
4748 1738 3010 353 4395
4757 1775 2982 343 4414
5392 1965 3427 394 4998
4942 1831 3111 344 4598
5160 1912 3248 387 4773
4809 1778 3031 368 4441
4979 1869 3110 386 4593
5078 1935 3143 411 4667
5103 1877 3226 389 4714
5224 1906 3318 378 4846
5182 1919 3263 378 4804
5247 1886 3361 383 4864
5227 1981 3246 405 4822
5107 1924 3183 416 4691
5405 2105 3300 394 5011
5695 2131 3564 421 5274
4995 1939 3056 396 4599
4998 1891 3107 373 4625
4985 1905 3080 379 4606
5194 1906 3288 392 4802
4855 1793 3062 349 4506
5506 2119 3387 409 5097
5371 2062 3309 421 4950
5525 2009 3516 398 5127
5236 1957 3279 379 4857
5263 2026 3237 380 4883
5022 1901 3121 382 4640
5265 1925 3340 412 4853
5084 1913 3171 392 4692
4918 1844 3074 377 4541
5130 1953 3177 398 4732
5457 2036 3421 407 5050
5106 1899 3207 384 4722
5622 2126 3496 409 5213
5198 1961 3237 397 4801
5293 1968 3325 403 4890
5141 1957 3184 384 4757
5091 1901 3190 376 4715
5452 1981 3471 417 5035
5201 1983 3218 380 4821
5312 1995 3317 410 4902
4928 1804 3124 353 4575
5205 1965 3240 378 4827
4619 1722 2897 338 4281
5591 2161 3430 408 5183
4831 1869 2962 400 4431
4978 1909 3069 376 4602
4905 1869 3036 374 4531
5114 1935 3179 391 4723
5002 1907 3095 367 4635
5109 1942 3167 390 4719
5169 1964 3205 392 4777
5119 1921 3198 391 4728
5135 1935 3200 407 4728
5264 1984 3280 375 4889
5225 1973 3252 379 4846
5150 1971 3179 372 4778
4946 1880 3066 346 4600
5398 2075 3323 433 4965
5212 1951 3261 400 4812
5235 1943 3292 379 4856
5363 1991 3372 382 4981
5160 1897 3263 404 4756
5280 1945 3335 383 4897
5291 1968 3323 399 4892
5080 1894 3186 378 4702
4887 1841 3046 351 4536
5294 1984 3310 396 4898
5509 2073 3436 422 5087
5564 2059 3505 424 5140
4962 1844 3118 388 4574
5241 1950 3291 412 4829
5267 2027 3240 387 4880
5098 1926 3172 369 4729
5282 2041 3241 417 4865
5464 2097 3367 387 5077
5047 1890 3157 388 4659
5420 2021 3399 371 5049
4957 1887 3070 403 4554
5152 1929 3223 392 4760
5188 1943 3245 332 4856
5237 1972 3265 376 4861
5389 2006 3383 391 4998
5908 2195 3713 433 5475
5171 1940 3231 418 4753
4881 1872 3009 373 4508
5453 2030 3423 396 5057
5112 1867 3245 367 4745
5059 1856 3203 356 4703
4751 1803 2948 327 4424
5478 2063 3415 406 5072
4925 1832 3093 341 4584
5159 1987 3172 374 4785
4662 1776 2886 342 4320
5066 1928 3138 395 4671
4995 1860 3135 382 4613
5392 2041 3351 427 4965
4965 1889 3076 376 4589
5198 1882 3316 382 4816
5320 1988 3332 398 4922
5095 1847 3248 370 4725
5316 2016 3300 390 4926
5175 1943 3232 406 4769
5286 2000 3286 384 4902
5089 1918 3171 379 4710
5065 1882 3183 357 4708
5381 2015 3366 402 4979
5081 1876 3205 400 4681
5412 2034 3378 388 5024
5320 1968 3352 387 4933
5202 1932 3270 368 4834
5178 1869 3309 356 4822
5121 1977 3144 392 4729
4930 1811 3119 396 4534
5388 2084 3304 432 4956
5680 2083 3597 400 5280
5425 2016 3409 390 5035
5088 1881 3207 380 4708
4794 1745 3049 334 4460
5484 2078 3406 419 5065
5093 1900 3193 367 4726
5221 1927 3294 365 4856
5513 2059 3454 418 5095
5049 1891 3158 349 4700
4815 1834 2981 370 4445
5821 2210 3611 452 5369
5173 1984 3189 370 4803
4917 1843 3074 327 4590
5373 2068 3305 425 4948
5526 2083 3443 418 5108
5675 2140 3535 441 5234
5248 1997 3251 395 4853
5466 2060 3406 432 5034
5168 1937 3231 405 4763
5180 1991 3189 389 4791
5023 1912 3111 384 4639
5231 1924 3307 366 4865
4976 1885 3091 350 4626
5055 1869 3186 377 4678
5168 2000 3168 417 4751
5309 1932 3377 374 4935
5220 1979 3241 374 4846
4865 1846 3019 398 4467
5231 1993 3238 419 4812
5111 1872 3239 386 4725
5408 2072 3336 424 4984
5044 1945 3099 392 4652
5157 1923 3234 382 4775
5717 2208 3509 462 5255
5102 1920 3182 376 4726
5220 1982 3238 382 4838
5353 2002 3351 393 4960
5120 1899 3221 386 4734
5017 1929 3088 398 4619
5313 1985 3328 405 4908
5173 1970 3203 383 4790
5291 2000 3291 429 4862
5111 1964 3147 392 4719
5314 2008 3306 395 4919
5299 2009 3290 390 4909
5589 2097 3492 383 5206
5049 1891 3158 397 4652
5099 1937 3162 378 4721
5487 2069 3418 407 5080
5073 1912 3161 405 4668
5092 1939 3153 421 4671
4889 1830 3059 366 4523
5358 2015 3343 411 4947
5161 1909 3252 369 4792
4982 1885 3097 353 4629
4950 1830 3120 363 4587
5541 2066 3475 427 5114
5330 2013 3317 374 4956
5197 1977 3220 387 4810
4808 1821 2987 374 4434
5100 1948 3152 401 4699
