5578 0 5578 0 5578
5442 0 5442 0 5442
5595 0 5595 0 5595
5448 0 5448 0 5448
5562 0 5562 0 5562
5466 0 5466 0 5466
5536 0 5536 0 5536
5408 0 5408 0 5408
5419 0 5419 0 5419
5330 0 5330 0 5330
5340 0 5340 0 5340
5430 0 5430 0 5430
5718 0 5718 0 5718
5811 0 5811 0 5811
5383 0 5383 0 5383
5519 0 5519 0 5519
5451 0 5451 0 5451
5300 0 5300 0 5300
5633 0 5633 0 5633
5333 0 5333 0 5333
5221 0 5221 0 5221
5519 0 5519 0 5519
5610 0 5610 0 5610
5044 0 5044 0 5044
5579 0 5579 0 5579
5613 0 5613 0 5613
5790 0 5790 0 5790
5136 0 5136 0 5136
5131 0 5131 0 5131
5626 0 5626 0 5626
5698 0 5698 0 5698
5684 0 5684 0 5684
5319 0 5319 0 5319
5425 0 5425 0 5425
5316 0 5316 0 5316
5799 0 5799 0 5799
5393 0 5393 0 5393
5256 0 5256 0 5256
4981 0 4981 0 4981
5139 0 5139 0 5139
5323 0 5323 0 5323
5399 0 5399 0 5399
5277 0 5277 0 5277
5590 0 5590 0 5590
5355 0 5355 0 5355
5853 0 5853 0 5853
5252 0 5252 0 5252
5545 0 5545 0 5545
5453 0 5453 0 5453
5520 0 5520 0 5520
5255 0 5255 0 5255
5195 0 5195 0 5195
5207 0 5207 0 5207
5686 0 5686 0 5686
5468 0 5468 0 5468
5366 0 5366 0 5366
5033 0 5033 0 5033
5456 0 5456 0 5456
5177 0 5177 0 5177
5285 0 5285 0 5285
5099 0 5099 0 5099
5120 0 5120 0 5120
5301 0 5301 0 5301
5269 0 5269 0 5269
5135 0 5135 0 5135
4837 0 4837 0 4837
5119 0 5119 0 5119
5166 0 5166 0 5166
4846 0 4846 0 4846
5491 0 5491 0 5491
5221 0 5221 0 5221
4685 0 4685 0 4685
4924 0 4924 0 4924
5166 0 5166 0 5166
5114 0 5114 0 5114
5493 0 5493 0 5493
4966 0 4966 0 4966
4872 0 4872 0 4872
5029 0 5029 0 5029
4847 0 4847 0 4847
4809 0 4809 0 4809
4931 0 4931 0 4931
4973 0 4973 0 4973
5008 0 5008 0 5008
5155 0 5155 0 5155
5478 0 5478 0 5478
5222 0 5222 0 5222
4961 0 4961 0 4961
5420 0 5420 0 5420
5381 0 5381 0 5381
5076 0 5076 0 5076
5177 0 5177 0 5177
5075 0 5075 0 5075
5253 0 5253 0 5253
5151 0 5151 0 5151
5015 0 5015 0 5015
5041 0 5041 0 5041
5185 0 5185 0 5185
4951 0 4951 0 4951
5324 0 5324 0 5324
4974 0 4974 0 4974
4925 0 4925 0 4925
4876 0 4876 0 4876
5090 0 5090 0 5090
5633 0 5633 0 5633
4856 0 4856 0 4856
5134 0 5134 0 5134
4780 0 4780 0 4780
5161 0 5161 0 5161
4994 0 4994 0 4994
5369 0 5369 0 5369
5113 0 5113 0 5113
5288 0 5288 0 5288
5018 0 5018 0 5018
5518 0 5518 0 5518
5431 0 5431 0 5431
5081 0 5081 0 5081
5376 0 5376 0 5376
4724 0 4724 0 4724
5071 0 5071 0 5071
4931 0 4931 0 4931
4915 0 4915 0 4915
4899 0 4899 0 4899
5107 0 5107 0 5107
4982 0 4982 0 4982
4767 0 4767 0 4767
5056 0 5056 0 5056
5229 0 5229 0 5229
5449 0 5449 0 5449
5343 0 5343 0 5343
5158 0 5158 0 5158
5612 0 5612 0 5612
5231 0 5231 0 5231
5079 0 5079 0 5079
5324 0 5324 0 5324
5066 0 5066 0 5066
4980 0 4980 0 4980
5241 0 5241 0 5241
5271 0 5271 0 5271
5209 0 5209 0 5209
5046 0 5046 0 5046
4935 0 4935 0 4935
5208 0 5208 0 5208
5020 0 5020 0 5020
4963 0 4963 0 4963
5449 0 5449 0 5449
5082 0 5082 0 5082
5101 0 5101 0 5101
5368 0 5368 0 5368
5398 0 5398 0 5398
5538 0 5538 0 5538
5630 0 5630 0 5630
5580 0 5580 0 5580
4948 0 4948 0 4948
5483 0 5483 0 5483
5393 0 5393 0 5393
5562 0 5562 0 5562
5819 0 5819 0 5819
5704 0 5704 0 5704
5538 0 5538 0 5538
5517 0 5517 0 5517
5667 0 5667 0 5667
5529 0 5529 0 5529
5479 0 5479 0 5479
5807 0 5807 0 5807
4794 0 4794 0 4794
5452 0 5452 0 5452
5353 0 5353 0 5353
5531 0 5531 0 5531
4828 0 4828 0 4828
5733 0 5733 0 5733
5652 0 5652 0 5652
5836 0 5836 0 5836
5237 0 5237 0 5237
5111 0 5111 0 5111
5785 0 5785 0 5785
5384 0 5384 0 5384
5484 0 5484 0 5484
5414 0 5414 0 5414
5722 0 5722 0 5722
5795 0 5795 0 5795
4666 0 4666 0 4666
5504 0 5504 0 5504
5533 0 5533 0 5533
5123 0 5123 0 5123
5336 0 5336 0 5336
5145 0 5145 0 5145
5517 0 5517 0 5517
5064 0 5064 0 5064
4959 0 4959 0 4959
5855 0 5855 0 5855
5335 0 5335 0 5335
5415 0 5415 0 5415
4940 0 4940 0 4940
5043 0 5043 0 5043
5103 0 5103 0 5103
5167 0 5167 0 5167
5366 0 5366 0 5366
5005 0 5005 0 5005
5349 0 5349 0 5349
5891 0 5891 0 5891
5123 0 5123 0 5123
5630 0 5630 0 5630
5565 0 5565 0 5565
5616 0 5616 0 5616
5154 0 5154 0 5154
5389 0 5389 0 5389
5562 0 5562 0 5562
4829 0 4829 0 4829
5005 0 5005 0 5005
5022 0 5022 0 5022
5496 0 5496 0 5496
5633 0 5633 0 5633
5403 0 5403 0 5403
5295 0 5295 0 5295
5367 0 5367 0 5367
5037 0 5037 0 5037
4992 0 4992 0 4992
5242 0 5242 0 5242
5511 0 5511 0 5511
5287 0 5287 0 5287
5017 0 5017 0 5017
5063 0 5063 0 5063
5499 0 5499 0 5499
5345 0 5345 0 5345
5186 0 5186 0 5186
5273 0 5273 0 5273
5382 0 5382 0 5382
5441 0 5441 0 5441
5180 0 5180 0 5180
5121 0 5121 0 5121
4714 0 4714 0 4714
5082 0 5082 0 5082
5167 0 5167 0 5167
5566 0 5566 0 5566
5169 0 5169 0 5169
5435 0 5435 0 5435
4910 0 4910 0 4910
5708 0 5708 0 5708
5857 0 5857 0 5857
5592 0 5592 0 5592
5012 0 5012 0 5012
4998 0 4998 0 4998
5397 0 5397 0 5397
5376 0 5376 0 5376
4932 0 4932 0 4932
5392 0 5392 0 5392
5370 0 5370 0 5370
5166 0 5166 0 5166
4873 0 4873 0 4873
5214 0 5214 0 5214
5211 0 5211 0 5211
5180 0 5180 0 5180
5061 0 5061 0 5061
5242 0 5242 0 5242
4780 0 4780 0 4780
5322 0 5322 0 5322
5184 0 5184 0 5184
5232 0 5232 0 5232
5290 0 5290 0 5290
5001 0 5001 0 5001
5311 0 5311 0 5311
5126 0 5126 0 5126
5340 0 5340 0 5340
5124 0 5124 0 5124
5070 0 5070 0 5070
5324 0 5324 0 5324
5280 0 5280 0 5280
5598 0 5598 0 5598
5150 0 5150 0 5150
5032 0 5032 0 5032
5175 0 5175 0 5175
5219 0 5219 0 5219
4939 0 4939 0 4939
5381 0 5381 0 5381
5351 0 5351 0 5351
5395 0 5395 0 5395
5159 0 5159 0 5159
5110 0 5110 0 5110
5503 0 5503 0 5503
5551 0 5551 0 5551
5373 0 5373 0 5373
5512 0 5512 0 5512
5475 0 5475 0 5475
5154 0 5154 0 5154
5276 0 5276 0 5276
5755 0 5755 0 5755
5379 0 5379 0 5379
5245 0 5245 0 5245
4786 0 4786 0 4786
5397 0 5397 0 5397
5654 0 5654 0 5654
5132 0 5132 0 5132
5155 0 5155 0 5155
5333 0 5333 0 5333
5336 0 5336 0 5336
5416 0 5416 0 5416
5006 0 5006 0 5006
5101 0 5101 0 5101
5316 0 5316 0 5316
5331 0 5331 0 5331
5131 0 5131 0 5131
5193 0 5193 0 5193
5305 0 5305 0 5305
5642 0 5642 0 5642
5025 0 5025 0 5025
4945 0 4945 0 4945
5200 0 5200 0 5200
5339 0 5339 0 5339
5320 0 5320 0 5320
5159 0 5159 0 5159
4827 0 4827 0 4827
5726 0 5726 0 5726
5345 0 5345 0 5345
4906 0 4906 0 4906
4535 0 4535 0 4535
5057 0 5057 0 5057
5250 0 5250 0 5250
5446 0 5446 0 5446
4837 0 4837 0 4837
5086 0 5086 0 5086
5425 0 5425 0 5425
5162 0 5162 0 5162
5206 0 5206 0 5206
5063 0 5063 0 5063
5103 0 5103 0 5103
5105 0 5105 0 5105
5248 0 5248 0 5248
4922 0 4922 0 4922
5321 0 5321 0 5321
4983 0 4983 0 4983
5302 0 5302 0 5302
5042 0 5042 0 5042
5306 0 5306 0 5306
5043 0 5043 0 5043
5561 0 5561 0 5561
5242 0 5242 0 5242
4957 0 4957 0 4957
5158 0 5158 0 5158
4815 0 4815 0 4815
5112 0 5112 0 5112
5259 0 5259 0 5259
5386 0 5386 0 5386
4930 0 4930 0 4930
5235 0 5235 0 5235
5474 0 5474 0 5474
5298 0 5298 0 5298
5563 0 5563 0 5563
5098 0 5098 0 5098
4838 0 4838 0 4838
5156 0 5156 0 5156
5350 0 5350 0 5350
5015 0 5015 0 5015
5428 0 5428 0 5428
4982 0 4982 0 4982
5297 0 5297 0 5297
5419 0 5419 0 5419
5076 0 5076 0 5076
5045 0 5045 0 5045
5403 0 5403 0 5403
4956 0 4956 0 4956
5140 0 5140 0 5140
5014 0 5014 0 5014
5433 0 5433 0 5433
5129 0 5129 0 5129
5319 0 5319 0 5319
5404 0 5404 0 5404
5280 0 5280 0 5280
5600 0 5600 0 5600
5272 0 5272 0 5272
5465 0 5465 0 5465
4659 0 4659 0 4659
5002 0 5002 0 5002
5337 0 5337 0 5337
4756 0 4756 0 4756
5279 0 5279 0 5279
5045 0 5045 0 5045
4917 0 4917 0 4917
4867 0 4867 0 4867
5144 0 5144 0 5144
4885 0 4885 0 4885
5329 0 5329 0 5329
5088 0 5088 0 5088
5029 0 5029 0 5029
4994 0 4994 0 4994
5226 0 5226 0 5226
5267 0 5267 0 5267
5246 0 5246 0 5246
5162 0 5162 0 5162
4995 0 4995 0 4995
5076 0 5076 0 5076
4926 0 4926 0 4926
5277 0 5277 0 5277
4950 0 4950 0 4950
4951 0 4951 0 4951
5203 0 5203 0 5203
5567 0 5567 0 5567
5266 0 5266 0 5266
5557 0 5557 0 5557
5518 0 5518 0 5518
5307 0 5307 0 5307
5165 0 5165 0 5165
5147 0 5147 0 5147
5298 0 5298 0 5298
5089 0 5089 0 5089
4762 0 4762 0 4762
5364 0 5364 0 5364
4887 0 4887 0 4887
5358 0 5358 0 5358
5231 0 5231 0 5231
5357 0 5357 0 5357
5041 0 5041 0 5041
5247 0 5247 0 5247
5483 0 5483 0 5483
4949 0 4949 0 4949
5128 0 5128 0 5128
5310 0 5310 0 5310
4860 0 4860 0 4860
5293 0 5293 0 5293
4988 0 4988 0 4988
5261 0 5261 0 5261
5319 0 5319 0 5319
5064 0 5064 0 5064
4901 0 4901 0 4901
4975 0 4975 0 4975
4852 0 4852 0 4852
5354 0 5354 0 5354
5503 0 5503 0 5503
5281 0 5281 0 5281
5095 0 5095 0 5095
5022 0 5022 0 5022
5000 0 5000 0 5000
4836 0 4836 0 4836
5018 0 5018 0 5018
4974 0 4974 0 4974
5428 0 5428 0 5428
5007 0 5007 0 5007
4820 0 4820 0 4820
5147 0 5147 0 5147
5302 0 5302 0 5302
5277 0 5277 0 5277
5545 0 5545 0 5545
4972 0 4972 0 4972
5350 0 5350 0 5350
4886 0 4886 0 4886
5343 0 5343 0 5343
4823 0 4823 0 4823
5266 0 5266 0 5266
5139 0 5139 0 5139
5183 0 5183 0 5183
4990 0 4990 0 4990
5199 0 5199 0 5199
5214 0 5214 0 5214
5165 0 5165 0 5165
5644 0 5644 0 5644
5101 0 5101 0 5101
5876 0 5876 0 5876
4958 0 4958 0 4958
5192 0 5192 0 5192
4439 0 4439 0 4439
5146 0 5146 0 5146
5172 0 5172 0 5172
5199 0 5199 0 5199
5243 0 5243 0 5243
5056 0 5056 0 5056
5292 0 5292 0 5292
4911 0 4911 0 4911
5554 0 5554 0 5554
5148 0 5148 0 5148
4955 0 4955 0 4955
5199 0 5199 0 5199
5268 0 5268 0 5268
5039 0 5039 0 5039
5342 0 5342 0 5342
4745 0 4745 0 4745
4663 0 4663 0 4663
5088 0 5088 0 5088
4774 0 4774 0 4774
5007 0 5007 0 5007
5146 0 5146 0 5146
5129 0 5129 0 5129
5303 0 5303 0 5303
5453 0 5453 0 5453
5086 0 5086 0 5086
5176 0 5176 0 5176
5347 0 5347 0 5347
5139 0 5139 0 5139
5065 0 5065 0 5065
4848 0 4848 0 4848
5270 0 5270 0 5270
5067 0 5067 0 5067
5041 0 5041 0 5041
4860 0 4860 0 4860
5484 0 5484 0 5484
5153 0 5153 0 5153
5391 0 5391 0 5391
5303 0 5303 0 5303
4621 0 4621 0 4621
5063 0 5063 0 5063
5206 0 5206 0 5206
5788 0 5788 0 5788
5180 0 5180 0 5180
4638 0 4638 0 4638
4928 0 4928 0 4928
4999 0 4999 0 4999
5005 0 5005 0 5005
5223 0 5223 0 5223
5117 0 5117 0 5117
5068 0 5068 0 5068
5182 0 5182 0 5182
4951 0 4951 0 4951
5440 0 5440 0 5440
4822 0 4822 0 4822
4832 0 4832 0 4832
5632 0 5632 0 5632
5208 0 5208 0 5208
4971 0 4971 0 4971
5088 0 5088 0 5088
5201 0 5201 0 5201
5443 0 5443 0 5443
5529 0 5529 0 5529
5429 0 5429 0 5429
5711 0 5711 0 5711
5373 0 5373 0 5373
5349 0 5349 0 5349
4928 0 4928 0 4928
5287 0 5287 0 5287
5181 0 5181 0 5181
5262 0 5262 0 5262
5306 0 5306 0 5306
5388 0 5388 0 5388
5294 0 5294 0 5294
5186 0 5186 0 5186
5122 0 5122 0 5122
5086 0 5086 0 5086
4801 0 4801 0 4801
5058 0 5058 0 5058
4832 0 4832 0 4832
5121 0 5121 0 5121
4962 0 4962 0 4962
5040 0 5040 0 5040
4740 0 4740 0 4740
5121 0 5121 0 5121
5280 0 5280 0 5280
5001 0 5001 0 5001
5257 0 5257 0 5257
5110 0 5110 0 5110
5556 0 5556 0 5556
4997 0 4997 0 4997
5351 0 5351 0 5351
5120 0 5120 0 5120
5134 0 5134 0 5134
4884 0 4884 0 4884
5094 0 5094 0 5094
5143 0 5143 0 5143
4852 0 4852 0 4852
5321 0 5321 0 5321
5286 0 5286 0 5286
5158 0 5158 0 5158
5071 0 5071 0 5071
5297 0 5297 0 5297
5265 0 5265 0 5265
5102 0 5102 0 5102
4985 0 4985 0 4985
4985 0 4985 0 4985
5558 0 5558 0 5558
5298 0 5298 0 5298
5012 0 5012 0 5012
5381 0 5381 0 5381
5184 0 5184 0 5184
4944 0 4944 0 4944
5111 0 5111 0 5111
4921 0 4921 0 4921
4984 0 4984 0 4984
5250 0 5250 0 5250
5305 0 5305 0 5305
5387 0 5387 0 5387
5010 0 5010 0 5010
5169 0 5169 0 5169
5228 0 5228 0 5228
5155 0 5155 0 5155
5370 0 5370 0 5370
4793 0 4793 0 4793
4840 0 4840 0 4840
5042 0 5042 0 5042
5481 0 5481 0 5481
5222 0 5222 0 5222
4941 0 4941 0 4941
5135 0 5135 0 5135
5243 0 5243 0 5243
5172 0 5172 0 5172
5590 0 5590 0 5590
5435 0 5435 0 5435
5198 0 5198 0 5198
5437 0 5437 0 5437
5353 0 5353 0 5353
5204 0 5204 0 5204
5085 0 5085 0 5085
5270 0 5270 0 5270
5088 0 5088 0 5088
5271 0 5271 0 5271
5435 0 5435 0 5435
5214 0 5214 0 5214
5193 0 5193 0 5193
5584 0 5584 0 5584
5412 0 5412 0 5412
5051 0 5051 0 5051
5024 0 5024 0 5024
4994 0 4994 0 4994
5312 0 5312 0 5312
4983 0 4983 0 4983
5172 0 5172 0 5172
5208 0 5208 0 5208
4915 0 4915 0 4915
4942 0 4942 0 4942
5361 0 5361 0 5361
5236 0 5236 0 5236
4824 0 4824 0 4824
5306 0 5306 0 5306
5099 0 5099 0 5099
4946 0 4946 0 4946
5481 0 5481 0 5481
5326 0 5326 0 5326
5494 0 5494 0 5494
4944 0 4944 0 4944
4895 0 4895 0 4895
4763 0 4763 0 4763
5369 0 5369 0 5369
4704 0 4704 0 4704
5181 0 5181 0 5181
5076 0 5076 0 5076
5255 0 5255 0 5255
4985 0 4985 0 4985
4969 0 4969 0 4969
5031 0 5031 0 5031
4676 0 4676 0 4676
4819 0 4819 0 4819
5200 0 5200 0 5200
4849 0 4849 0 4849
5144 0 5144 0 5144
5353 0 5353 0 5353
5040 0 5040 0 5040
5152 0 5152 0 5152
5282 0 5282 0 5282
4757 0 4757 0 4757
4802 0 4802 0 4802
4693 0 4693 0 4693
5182 0 5182 0 5182
5268 0 5268 0 5268
5047 0 5047 0 5047
5378 0 5378 0 5378
5240 0 5240 0 5240
4979 0 4979 0 4979
5428 0 5428 0 5428
4886 0 4886 0 4886
4913 0 4913 0 4913
5074 0 5074 0 5074
5079 0 5079 0 5079
4865 0 4865 0 4865
5045 0 5045 0 5045
5078 0 5078 0 5078
5190 0 5190 0 5190
5255 0 5255 0 5255
5359 0 5359 0 5359
4935 0 4935 0 4935
5267 0 5267 0 5267
5197 0 5197 0 5197
5202 0 5202 0 5202
5012 0 5012 0 5012
4995 0 4995 0 4995
5168 0 5168 0 5168
5522 0 5522 0 5522
4969 0 4969 0 4969
5151 0 5151 0 5151
5241 0 5241 0 5241
4825 0 4825 0 4825
4994 0 4994 0 4994
4990 0 4990 0 4990
5274 0 5274 0 5274
4931 0 4931 0 4931
4935 0 4935 0 4935
4772 0 4772 0 4772
4925 0 4925 0 4925
4670 0 4670 0 4670
5153 0 5153 0 5153
5221 0 5221 0 5221
5362 0 5362 0 5362
5194 0 5194 0 5194
5000 0 5000 0 5000
5263 0 5263 0 5263
4906 0 4906 0 4906
5572 0 5572 0 5572
5172 0 5172 0 5172
4835 0 4835 0 4835
5028 0 5028 0 5028
5590 0 5590 0 5590
5029 0 5029 0 5029
4694 0 4694 0 4694
4853 0 4853 0 4853
4909 0 4909 0 4909
4947 0 4947 0 4947
5260 0 5260 0 5260
4927 0 4927 0 4927
5000 0 5000 0 5000
4949 0 4949 0 4949
5147 0 5147 0 5147
5616 0 5616 0 5616
5057 0 5057 0 5057
5120 0 5120 0 5120
5276 0 5276 0 5276
4559 0 4559 0 4559
5137 0 5137 0 5137
4981 0 4981 0 4981
4832 0 4832 0 4832
5376 0 5376 0 5376
4961 0 4961 0 4961
5271 0 5271 0 5271
4934 0 4934 0 4934
5012 0 5012 0 5012
4948 0 4948 0 4948
5126 0 5126 0 5126
5111 0 5111 0 5111
5241 0 5241 0 5241
4766 0 4766 0 4766
5120 0 5120 0 5120
5039 0 5039 0 5039
5588 0 5588 0 5588
5244 0 5244 0 5244
5887 0 5887 0 5887
5425 0 5425 0 5425
5522 0 5522 0 5522
5284 0 5284 0 5284
5171 0 5171 0 5171
5099 0 5099 0 5099
5346 0 5346 0 5346
5019 0 5019 0 5019
5809 0 5809 0 5809
4782 0 4782 0 4782
5014 0 5014 0 5014
5069 0 5069 0 5069
5157 0 5157 0 5157
5440 0 5440 0 5440
4781 0 4781 0 4781
4655 0 4655 0 4655
5328 0 5328 0 5328
4874 0 4874 0 4874
5152 0 5152 0 5152
5346 0 5346 0 5346
5338 0 5338 0 5338
5241 0 5241 0 5241
4948 0 4948 0 4948
5264 0 5264 0 5264
5453 0 5453 0 5453
5057 0 5057 0 5057
5092 0 5092 0 5092
5269 0 5269 0 5269
5270 0 5270 0 5270
5411 0 5411 0 5411
5086 0 5086 0 5086
5149 0 5149 0 5149
4745 0 4745 0 4745
5985 0 5985 0 5985
5413 0 5413 0 5413
5417 0 5417 0 5417
4972 0 4972 0 4972
4975 0 4975 0 4975
4884 0 4884 0 4884
5416 0 5416 0 5416
5027 0 5027 0 5027
5202 0 5202 0 5202
4754 0 4754 0 4754
5130 0 5130 0 5130
5334 0 5334 0 5334
4697 0 4697 0 4697
5157 0 5157 0 5157
5230 0 5230 0 5230
5090 0 5090 0 5090
5091 0 5091 0 5091
5103 0 5103 0 5103
5173 0 5173 0 5173
5657 0 5657 0 5657
4976 0 4976 0 4976
5262 0 5262 0 5262
5445 0 5445 0 5445
5031 0 5031 0 5031
5382 0 5382 0 5382
5180 0 5180 0 5180
5374 0 5374 0 5374
5233 0 5233 0 5233
5430 0 5430 0 5430
5370 0 5370 0 5370
5185 0 5185 0 5185
5078 0 5078 0 5078
5895 0 5895 0 5895
4942 0 4942 0 4942
5171 0 5171 0 5171
5055 0 5055 0 5055
5097 0 5097 0 5097
5019 0 5019 0 5019
4893 0 4893 0 4893
4784 0 4784 0 4784
5716 0 5716 0 5716
4941 0 4941 0 4941
5485 0 5485 0 5485
5122 0 5122 0 5122
5133 0 5133 0 5133
5302 0 5302 0 5302
5457 0 5457 0 5457
4868 0 4868 0 4868
4901 0 4901 0 4901
5321 0 5321 0 5321
5169 0 5169 0 5169
5400 0 5400 0 5400
5002 0 5002 0 5002
5010 0 5010 0 5010
5356 0 5356 0 5356
4868 0 4868 0 4868
5170 0 5170 0 5170
4704 0 4704 0 4704
5140 0 5140 0 5140
5384 0 5384 0 5384
5145 0 5145 0 5145
5130 0 5130 0 5130
5186 0 5186 0 5186
4748 0 4748 0 4748
4757 0 4757 0 4757
5392 0 5392 0 5392
4942 0 4942 0 4942
5160 0 5160 0 5160
4809 0 4809 0 4809
4979 0 4979 0 4979
5078 0 5078 0 5078
5103 0 5103 0 5103
5224 0 5224 0 5224
5182 0 5182 0 5182
5247 0 5247 0 5247
5227 0 5227 0 5227
5107 0 5107 0 5107
5405 0 5405 0 5405
5695 0 5695 0 5695
4995 0 4995 0 4995
4998 0 4998 0 4998
4985 0 4985 0 4985
5194 0 5194 0 5194
4855 0 4855 0 4855
5506 0 5506 0 5506
5371 0 5371 0 5371
5525 0 5525 0 5525
5236 0 5236 0 5236
5263 0 5263 0 5263
5022 0 5022 0 5022
5265 0 5265 0 5265
5084 0 5084 0 5084
4918 0 4918 0 4918
5130 0 5130 0 5130
5457 0 5457 0 5457
5106 0 5106 0 5106
5622 0 5622 0 5622
5198 0 5198 0 5198
5293 0 5293 0 5293
5141 0 5141 0 5141
5091 0 5091 0 5091
5452 0 5452 0 5452
5201 0 5201 0 5201
5312 0 5312 0 5312
4928 0 4928 0 4928
5205 0 5205 0 5205
4619 0 4619 0 4619
5591 0 5591 0 5591
4831 0 4831 0 4831
4978 0 4978 0 4978
4905 0 4905 0 4905
5114 0 5114 0 5114
5002 0 5002 0 5002
5109 0 5109 0 5109
5169 0 5169 0 5169
5119 0 5119 0 5119
5135 0 5135 0 5135
5264 0 5264 0 5264
5225 0 5225 0 5225
5150 0 5150 0 5150
4946 0 4946 0 4946
5398 0 5398 0 5398
5212 0 5212 0 5212
5235 0 5235 0 5235
5363 0 5363 0 5363
5160 0 5160 0 5160
5280 0 5280 0 5280
5291 0 5291 0 5291
5080 0 5080 0 5080
4887 0 4887 0 4887
5294 0 5294 0 5294
5509 0 5509 0 5509
5564 0 5564 0 5564
4962 0 4962 0 4962
5241 0 5241 0 5241
5267 0 5267 0 5267
5098 0 5098 0 5098
5282 0 5282 0 5282
5464 0 5464 0 5464
5047 0 5047 0 5047
5420 0 5420 0 5420
4957 0 4957 0 4957
5152 0 5152 0 5152
5188 0 5188 0 5188
5237 0 5237 0 5237
5389 0 5389 0 5389
5908 0 5908 0 5908
5171 0 5171 0 5171
4881 0 4881 0 4881
5453 0 5453 0 5453
5112 0 5112 0 5112
5059 0 5059 0 5059
4751 0 4751 0 4751
5478 0 5478 0 5478
4925 0 4925 0 4925
5159 0 5159 0 5159
4662 0 4662 0 4662
5066 0 5066 0 5066
4995 0 4995 0 4995
5392 0 5392 0 5392
4965 0 4965 0 4965
5198 0 5198 0 5198
5320 0 5320 0 5320
5095 0 5095 0 5095
5316 0 5316 0 5316
5175 0 5175 0 5175
5286 0 5286 0 5286
5089 0 5089 0 5089
5065 0 5065 0 5065
5381 0 5381 0 5381
5081 0 5081 0 5081
5412 0 5412 0 5412
5320 0 5320 0 5320
5202 0 5202 0 5202
5178 0 5178 0 5178
5121 0 5121 0 5121
4930 0 4930 0 4930
5388 0 5388 0 5388
5680 0 5680 0 5680
5425 0 5425 0 5425
5088 0 5088 0 5088
4794 0 4794 0 4794
5484 0 5484 0 5484
5093 0 5093 0 5093
5221 0 5221 0 5221
5513 0 5513 0 5513
5049 0 5049 0 5049
4815 0 4815 0 4815
5821 0 5821 0 5821
5173 0 5173 0 5173
4917 0 4917 0 4917
5373 0 5373 0 5373
5526 0 5526 0 5526
5675 0 5675 0 5675
5248 0 5248 0 5248
5466 0 5466 0 5466
5168 0 5168 0 5168
5180 0 5180 0 5180
5023 0 5023 0 5023
5231 0 5231 0 5231
4976 0 4976 0 4976
5055 0 5055 0 5055
5168 0 5168 0 5168
5309 0 5309 0 5309
5220 0 5220 0 5220
4865 0 4865 0 4865
5231 0 5231 0 5231
5111 0 5111 0 5111
5408 0 5408 0 5408
5044 0 5044 0 5044
5157 0 5157 0 5157
5717 0 5717 0 5717
5102 0 5102 0 5102
5220 0 5220 0 5220
5353 0 5353 0 5353
5120 0 5120 0 5120
5017 0 5017 0 5017
5313 0 5313 0 5313
5173 0 5173 0 5173
5291 0 5291 0 5291
5111 0 5111 0 5111
5314 0 5314 0 5314
5299 0 5299 0 5299
5589 0 5589 0 5589
5049 0 5049 0 5049
5099 0 5099 0 5099
5487 0 5487 0 5487
5073 0 5073 0 5073
5092 0 5092 0 5092
4889 0 4889 0 4889
5358 0 5358 0 5358
5161 0 5161 0 5161
4982 0 4982 0 4982
4950 0 4950 0 4950
5541 0 5541 0 5541
5330 0 5330 0 5330
5197 0 5197 0 5197
4808 0 4808 0 4808
5100 0 5100 0 5100
