5578 3058 2520 2414 3164
5442 3044 2398 2378 3064
5595 2987 2608 2340 3255
5448 2989 2459 2299 3149
5562 3050 2512 2435 3127
5466 2992 2474 2333 3133
5536 3026 2510 2381 3155
5408 2966 2442 2267 3141
5419 3017 2402 2307 3112
5330 2942 2388 2327 3003
5340 2920 2420 2280 3060
5430 2931 2499 2222 3208
5718 3172 2546 2477 3241
5811 3143 2668 2387 3424
5383 2952 2431 2313 3070
5519 2943 2576 2339 3180
5451 2999 2452 2334 3117
5300 2914 2386 2326 2974
5633 3055 2578 2396 3237
5333 2905 2428 2254 3079
5221 2872 2349 2245 2976
5519 3057 2462 2375 3144
5610 3135 2475 2414 3196
5044 2809 2235 2190 2854
5579 3061 2518 2376 3203
5613 3110 2503 2483 3130
5790 3188 2602 2494 3296
5136 2842 2294 2240 2896
5131 2818 2313 2232 2899
5626 3116 2510 2443 3183
5698 3073 2625 2419 3279
5684 3078 2606 2388 3296
5319 2939 2380 2269 3050
5425 3077 2348 2452 2973
5316 2873 2443 2209 3107
5799 3156 2643 2457 3342
5393 2997 2396 2313 3080
5256 2906 2350 2269 2987
4981 2756 2225 2194 2787
5139 2783 2356 2157 2982
5323 2928 2395 2298 3025
5399 2964 2435 2338 3061
5277 2901 2376 2205 3072
5590 3100 2490 2383 3207
5355 2896 2459 2238 3117
5853 3266 2587 2550 3303
5252 2882 2370 2238 3014
5545 3031 2514 2375 3170
5453 2967 2486 2310 3143
5520 3052 2468 2380 3140
5255 2920 2335 2309 2946
5195 2903 2292 2304 2891
5207 2862 2345 2250 2957
5686 3178 2508 2448 3238
5468 3078 2390 2342 3126
5366 2963 2403 2327 3039
5033 2726 2307 2124 2909
5456 2981 2475 2353 3103
5177 2871 2306 2249 2928
5285 2910 2375 2248 3037
5099 2785 2314 2184 2915
5120 2793 2327 2181 2939
5301 2900 2401 2274 3027
5269 2929 2340 2311 2958
5135 2784 2351 2193 2942
4837 2709 2128 2090 2747
5119 2786 2333 2203 2916
5166 2839 2327 2192 2974
4846 2665 2181 2088 2758
5491 3010 2481 2357 3134
5221 2795 2426 2204 3017
4685 2577 2108 1979 2706
4924 2717 2207 2149 2775
5166 2840 2326 2203 2963
5114 2840 2274 2232 2882
5493 2958 2535 2311 3182
4966 2716 2250 2106 2860
4872 2670 2202 2055 2817
5029 2779 2250 2203 2826
4847 2674 2173 2108 2739
4809 2569 2240 2013 2796
4931 2746 2185 2111 2820
4973 2659 2314 2046 2927
5008 2755 2253 2147 2861
5155 2800 2355 2198 2957
5478 2937 2541 2245 3233
5222 2902 2320 2289 2933
4961 2718 2243 2154 2807
5420 2961 2459 2330 3090
5381 2982 2399 2322 3059
5076 2806 2270 2182 2894
5177 2876 2301 2210 2967
5075 2713 2362 2137 2938
5253 2965 2288 2338 2915
5151 2790 2361 2142 3009
5015 2769 2246 2167 2848
5041 2825 2216 2225 2816
5185 2889 2296 2274 2911
4951 2668 2283 2079 2872
5324 2914 2410 2271 3053
4974 2706 2268 2145 2829
4925 2634 2291 2057 2868
4876 2633 2243 2039 2837
5090 2740 2350 2136 2954
5633 3073 2560 2399 3234
4856 2663 2193 2067 2789
5134 2834 2300 2197 2937
4780 2649 2131 2082 2698
5161 2801 2360 2207 2954
4994 2726 2268 2118 2876
5369 2926 2443 2273 3096
5113 2800 2313 2156 2957
5288 2877 2411 2300 2988
5018 2689 2329 2087 2931
5518 3081 2437 2373 3145
5431 2993 2438 2343 3088
5081 2792 2289 2153 2928
5376 2980 2396 2302 3074
4724 2604 2120 2005 2719
5071 2795 2276 2219 2852
4931 2704 2227 2081 2850
4915 2730 2185 2151 2764
4899 2702 2197 2115 2784
5107 2792 2315 2176 2931
4982 2779 2203 2123 2859
4767 2606 2161 2066 2701
5056 2813 2243 2204 2852
5229 2942 2287 2306 2923
5449 3007 2442 2319 3130
5343 2905 2438 2273 3070
5158 2768 2390 2162 2996
5612 3054 2558 2364 3248
5231 2854 2377 2257 2974
5079 2762 2317 2150 2929
5324 2900 2424 2279 3045
5066 2819 2247 2192 2874
4980 2691 2289 2090 2890
5241 2836 2405 2203 3038
5271 2939 2332 2318 2953
5209 2849 2360 2254 2955
5046 2753 2293 2135 2911
4935 2720 2215 2134 2801
5208 2821 2387 2230 2978
5020 2710 2310 2108 2912
4963 2721 2242 2119 2844
5449 2944 2505 2270 3179
5082 2825 2257 2197 2885
5101 2827 2274 2200 2901
5368 2963 2405 2259 3109
5398 2906 2492 2305 3093
5538 3077 2461 2439 3099
5630 3057 2573 2354 3276
5580 3034 2546 2346 3234
4948 2737 2211 2123 2825
5483 2914 2569 2318 3165
5393 2935 2458 2303 3090
5562 3029 2533 2365 3197
5819 3176 2643 2494 3325
5704 3047 2657 2408 3296
5538 2973 2565 2327 3211
5517 3019 2498 2344 3173
5667 3042 2625 2385 3282
5529 3056 2473 2405 3124
5479 2998 2481 2359 3120
5807 3295 2512 2563 3244
4794 2649 2145 2071 2723
5452 2974 2478 2334 3118
5353 2876 2477 2238 3115
5531 3078 2453 2398 3133
4828 2699 2129 2100 2728
5733 3113 2620 2409 3324
5652 3092 2560 2416 3236
5836 3252 2584 2515 3321
5237 2905 2332 2317 2920
5111 2777 2334 2134 2977
5785 3138 2647 2483 3302
5384 2938 2446 2325 3059
5484 2967 2517 2314 3170
5414 2919 2495 2271 3143
5722 3125 2597 2490 3232
5795 3174 2621 2496 3299
4666 2586 2080 2014 2652
5504 3018 2486 2330 3174
5533 3044 2489 2373 3160
5123 2780 2343 2160 2963
5336 2878 2458 2290 3046
5145 2888 2257 2250 2895
5517 3001 2516 2363 3154
5064 2739 2325 2116 2948
4959 2715 2244 2135 2824
5855 3232 2623 2509 3346
5335 2922 2413 2266 3069
5415 2950 2465 2320 3095
4940 2674 2266 2073 2867
5043 2828 2215 2218 2825
5103 2781 2322 2137 2966
5167 2824 2343 2201 2966
5366 2943 2423 2316 3050
5005 2730 2275 2184 2821
5349 2976 2373 2301 3048
5891 3190 2701 2495 3396
5123 2863 2260 2204 2919
5630 3026 2604 2378 3252
5565 3088 2477 2454 3111
5616 3091 2525 2434 3182
5154 2806 2348 2185 2969
5389 2979 2410 2338 3051
5562 3084 2478 2404 3158
4829 2679 2150 2101 2728
5005 2719 2286 2150 2855
5022 2762 2260 2180 2842
5496 2982 2514 2277 3219
5633 3032 2601 2391 3242
5403 2975 2428 2304 3099
5295 2936 2359 2272 3023
5367 2930 2437 2252 3115
5037 2731 2306 2115 2922
4992 2784 2208 2175 2817
5242 2801 2441 2210 3032
5511 3087 2424 2413 3098
5287 2884 2403 2260 3027
5017 2754 2263 2159 2858
5063 2802 2261 2201 2862
5499 2967 2532 2318 3181
5345 2936 2409 2316 3029
5186 2863 2323 2234 2952
5273 2890 2383 2250 3023
5382 2971 2411 2286 3096
5441 3014 2427 2342 3099
5180 2851 2329 2188 2992
5121 2876 2245 2243 2878
4714 2521 2193 1990 2724
5082 2762 2320 2150 2932
5167 2813 2354 2219 2948
5566 3060 2506 2392 3174
5169 2828 2341 2185 2984
5435 2975 2460 2330 3105
4910 2674 2236 2095 2815
5708 3070 2638 2430 3278
5857 3242 2615 2569 3288
5592 3099 2493 2441 3151
5012 2708 2304 2109 2903
4998 2722 2276 2150 2848
5397 2935 2462 2257 3140
5376 2942 2434 2307 3069
4932 2705 2227 2108 2824
5392 2870 2522 2250 3142
5370 2948 2422 2287 3083
5166 2835 2331 2213 2953
4873 2629 2244 2027 2846
5214 2826 2388 2233 2981
5211 2765 2446 2144 3067
5180 2850 2330 2203 2977
5061 2733 2328 2167 2894
5242 2843 2399 2187 3055
4780 2670 2110 2131 2649
5322 2902 2420 2240 3082
5184 2784 2400 2170 3014
5232 2816 2416 2195 3037
5290 2921 2369 2295 2995
5001 2721 2280 2124 2877
5311 2896 2415 2287 3024
5126 2794 2332 2192 2934
5340 2946 2394 2304 3036
5124 2798 2326 2187 2937
5070 2715 2355 2111 2959
5324 2911 2413 2255 3069
5280 2904 2376 2253 3027
5598 3110 2488 2432 3166
5150 2807 2343 2195 2955
5032 2797 2235 2153 2879
5175 2798 2377 2176 2999
5219 2843 2376 2189 3030
4939 2715 2224 2112 2827
5381 2914 2467 2255 3126
5351 2911 2440 2261 3090
5395 2888 2507 2268 3127
5159 2792 2367 2156 3003
5110 2736 2374 2149 2961
5503 2945 2558 2314 3189
5551 3040 2511 2354 3197
5373 2967 2406 2283 3090
5512 2963 2549 2295 3217
5475 3021 2454 2303 3172
5154 2790 2364 2155 2999
5276 2905 2371 2253 3023
5755 3166 2589 2441 3314
5379 2923 2456 2278 3101
5245 2838 2407 2189 3056
4786 2608 2178 2010 2776
5397 2957 2440 2341 3056
5654 3106 2548 2409 3245
5132 2771 2361 2133 2999
5155 2843 2312 2229 2926
5333 2890 2443 2264 3069
5336 2902 2434 2289 3047
5416 2896 2520 2248 3168
5006 2779 2227 2127 2879
5101 2765 2336 2143 2958
5316 2964 2352 2318 2998
5331 2836 2495 2174 3157
5131 2828 2303 2221 2910
5193 2828 2365 2172 3021
5305 2921 2384 2289 3016
5642 3070 2572 2364 3278
5025 2764 2261 2187 2838
4945 2654 2291 2065 2880
5200 2811 2389 2171 3029
5339 2969 2370 2338 3001
5320 2857 2463 2239 3081
5159 2833 2326 2202 2957
4827 2641 2186 2068 2759
5726 3073 2653 2391 3335
5345 2937 2408 2310 3035
4906 2681 2225 2076 2830
4535 2517 2018 1956 2579
5057 2763 2294 2117 2940
5250 2848 2402 2223 3027
5446 3015 2431 2353 3093
4837 2638 2199 2037 2800
5086 2762 2324 2170 2916
5425 2989 2436 2322 3103
5162 2806 2356 2211 2951
5206 2886 2320 2268 2938
5063 2733 2330 2112 2951
5103 2800 2303 2153 2950
5105 2857 2248 2253 2852
5248 2879 2369 2268 2980
4922 2651 2271 2065 2857
5321 2971 2350 2347 2974
4983 2757 2226 2163 2820
5302 2862 2440 2228 3074
5042 2775 2267 2154 2888
5306 2913 2393 2276 3030
5043 2741 2302 2175 2868
5561 3043 2518 2390 3171
5242 2919 2323 2275 2967
4957 2713 2244 2111 2846
5158 2878 2280 2302 2856
4815 2672 2143 2073 2742
5112 2839 2273 2209 2903
5259 2873 2386 2244 3015
5386 2956 2430 2323 3063
4930 2688 2242 2100 2830
5235 2946 2289 2280 2955
5474 3055 2419 2380 3094
5298 2826 2472 2232 3066
5563 3010 2553 2330 3233
5098 2798 2300 2184 2914
4838 2696 2142 2090 2748
5156 2888 2268 2299 2857
5350 2930 2420 2293 3057
5015 2778 2237 2168 2847
5428 2945 2483 2332 3096
4982 2768 2214 2119 2863
5297 2912 2385 2249 3048
5419 2968 2451 2333 3086
5076 2846 2230 2239 2837
5045 2721 2324 2104 2941
5403 2915 2488 2277 3126
4956 2691 2265 2114 2842
5140 2816 2324 2221 2919
5014 2775 2239 2188 2826
5433 2947 2486 2311 3122
5129 2840 2289 2213 2916
5319 2929 2390 2299 3020
5404 2941 2463 2296 3108
5280 2902 2378 2305 2975
5600 3075 2525 2358 3242
5272 2847 2425 2174 3098
5465 3002 2463 2340 3125
4659 2561 2098 1976 2683
5002 2712 2290 2071 2931
5337 2896 2441 2219 3118
4756 2558 2198 2004 2752
5279 2914 2365 2260 3019
5045 2731 2314 2114 2931
4917 2685 2232 2062 2855
4867 2686 2181 2097 2770
5144 2852 2292 2219 2925
4885 2707 2178 2128 2757
5329 2879 2450 2256 3073
5088 2803 2285 2219 2869
5029 2760 2269 2164 2865
4994 2732 2262 2102 2892
5226 2824 2402 2210 3016
5267 2939 2328 2265 3002
5246 2862 2384 2259 2987
5162 2788 2374 2123 3039
4995 2712 2283 2081 2914
5076 2735 2341 2151 2925
4926 2765 2161 2125 2801
5277 2867 2410 2246 3031
4950 2733 2217 2140 2810
4951 2689 2262 2090 2861
5203 2760 2443 2156 3047
5567 3090 2477 2445 3122
5266 2897 2369 2241 3025
5557 3060 2497 2381 3176
5518 3021 2497 2373 3145
5307 2894 2413 2263 3044
5165 2817 2348 2157 3008
5147 2883 2264 2265 2882
5298 2933 2365 2299 2999
5089 2739 2350 2121 2968
4762 2593 2169 2018 2744
5364 2966 2398 2295 3069
4887 2704 2183 2070 2817
5358 2891 2467 2269 3089
5231 2824 2407 2213 3018
5357 2922 2435 2243 3114
5041 2795 2246 2199 2842
5247 2944 2303 2251 2996
5483 2995 2488 2326 3157
4949 2702 2247 2106 2843
5128 2726 2402 2105 3023
5310 2924 2386 2274 3036
4860 2663 2197 2071 2789
5293 2888 2405 2280 3013
4988 2689 2299 2095 2893
5261 2882 2379 2233 3028
5319 2901 2418 2262 3057
5064 2827 2237 2229 2835
4901 2696 2205 2117 2784
4975 2734 2241 2136 2839
4852 2625 2227 2036 2816
5354 2866 2488 2270 3084
5503 2981 2522 2252 3251
5281 2876 2405 2272 3009
5095 2863 2232 2202 2893
5022 2663 2359 2060 2962
5000 2756 2244 2163 2837
4836 2644 2192 2071 2765
5018 2735 2283 2101 2917
4974 2738 2236 2139 2835
5428 2980 2448 2305 3123
5007 2764 2243 2161 2846
4820 2668 2152 2069 2751
5147 2824 2323 2210 2937
5302 2865 2437 2249 3053
5277 2932 2345 2320 2957
5545 3103 2442 2444 3101
4972 2704 2268 2114 2858
5350 2912 2438 2276 3074
4886 2723 2163 2153 2733
5343 2971 2372 2343 3000
4823 2666 2157 2091 2732
5266 2886 2380 2283 2983
5139 2866 2273 2254 2885
5183 2852 2331 2216 2967
4990 2780 2210 2162 2828
5199 2873 2326 2243 2956
5214 2839 2375 2248 2966
5165 2785 2380 2170 2995
5644 3107 2537 2433 3211
5101 2845 2256 2231 2870
5876 3250 2626 2519 3357
4958 2755 2203 2132 2826
5192 2904 2288 2260 2932
4439 2412 2027 1862 2577
5146 2831 2315 2204 2942
5172 2832 2340 2237 2935
5199 2861 2338 2192 3007
5243 2904 2339 2299 2944
5056 2808 2248 2164 2892
5292 2906 2386 2260 3032
4911 2666 2245 2051 2860
5554 3046 2508 2364 3190
5148 2838 2310 2207 2941
4955 2743 2212 2141 2814
5199 2911 2288 2269 2930
5268 2832 2436 2190 3078
5039 2787 2252 2195 2844
5342 2939 2403 2302 3040
4745 2567 2178 1981 2764
4663 2568 2095 2016 2647
5088 2766 2322 2133 2955
4774 2593 2181 2040 2734
5007 2681 2326 2061 2946
5146 2872 2274 2230 2916
5129 2792 2337 2144 2985
5303 2900 2403 2292 3011
5453 3012 2441 2335 3118
5086 2842 2244 2247 2839
5176 2819 2357 2222 2954
5347 2954 2393 2312 3035
5139 2741 2398 2137 3002
5065 2807 2258 2169 2896
4848 2661 2187 2084 2764
5270 2871 2399 2256 3014
5067 2835 2232 2201 2866
5041 2779 2262 2209 2832
4860 2670 2190 2088 2772
5484 2988 2496 2320 3164
5153 2866 2287 2268 2885
5391 2900 2491 2267 3124
5303 2905 2398 2278 3025
4621 2570 2051 1990 2631
5063 2756 2307 2148 2915
5206 2877 2329 2259 2947
5788 3193 2595 2491 3297
5180 2859 2321 2218 2962
4638 2530 2108 1974 2664
4928 2703 2225 2113 2815
4999 2755 2244 2149 2850
5005 2762 2243 2180 2825
5223 2884 2339 2251 2972
5117 2822 2295 2245 2872
5068 2745 2323 2152 2916
5182 2831 2351 2189 2993
4951 2711 2240 2117 2834
5440 2912 2528 2307 3133
4822 2612 2210 2061 2761
4832 2680 2152 2096 2736
5632 3107 2525 2435 3197
5208 2882 2326 2258 2950
4971 2752 2219 2178 2793
5088 2734 2354 2115 2973
5201 2763 2438 2158 3043
5443 2919 2524 2302 3141
5529 2962 2567 2331 3198
5429 2974 2455 2351 3078
5711 3153 2558 2439 3272
5373 2934 2439 2303 3070
5349 2947 2402 2298 3051
4928 2629 2299 2034 2894
5287 2871 2416 2214 3073
5181 2884 2297 2230 2951
5262 2835 2427 2180 3082
5306 2897 2409 2236 3070
5388 2981 2407 2323 3065
5294 2928 2366 2295 2999
5186 2835 2351 2197 2989
5122 2779 2343 2170 2952
5086 2846 2240 2248 2838
4801 2573 2228 1991 2810
5058 2806 2252 2215 2843
4832 2692 2140 2086 2746
5121 2758 2363 2162 2959
4962 2764 2198 2170 2792
5040 2774 2266 2209 2831
4740 2658 2082 2093 2647
5121 2782 2339 2163 2958
5280 2867 2413 2196 3084
5001 2687 2314 2094 2907
5257 2834 2423 2215 3042
5110 2863 2247 2236 2874
5556 2953 2603 2338 3218
4997 2729 2268 2107 2890
5351 2901 2450 2270 3081
5120 2801 2319 2181 2939
5134 2781 2353 2187 2947
4884 2657 2227 2043 2841
5094 2859 2235 2225 2869
5143 2764 2379 2135 3008
4852 2623 2229 2026 2826
5321 2969 2352 2339 2982
5286 2835 2451 2227 3059
5158 2854 2304 2221 2937
5071 2751 2320 2179 2892
5297 2841 2456 2202 3095
5265 2890 2375 2261 3004
5102 2797 2305 2139 2963
4985 2763 2222 2109 2876
4985 2720 2265 2115 2870
5558 3124 2434 2416 3142
5298 2917 2381 2269 3029
5012 2827 2185 2207 2805
5381 2854 2527 2209 3172
5184 2855 2329 2195 2989
4944 2715 2229 2121 2823
5111 2797 2314 2178 2933
4921 2750 2171 2134 2787
4984 2756 2228 2167 2817
5250 2949 2301 2307 2943
5305 2874 2431 2270 3035
5387 3006 2381 2377 3010
5010 2741 2269 2152 2858
5169 2793 2376 2197 2972
5228 2874 2354 2254 2974
5155 2827 2328 2214 2941
5370 2959 2411 2302 3068
4793 2577 2216 2029 2764
4840 2679 2161 2099 2741
5042 2796 2246 2167 2875
5481 2998 2483 2356 3125
5222 2903 2319 2263 2959
4941 2690 2251 2091 2850
5135 2816 2319 2219 2916
5243 2890 2353 2256 2987
5172 2799 2373 2197 2975
5590 3074 2516 2392 3198
5435 2962 2473 2319 3116
5198 2865 2333 2254 2944
5437 2952 2485 2320 3117
5353 2958 2395 2296 3057
5204 2833 2371 2211 2993
5085 2802 2283 2201 2884
5270 2880 2390 2216 3054
5088 2840 2248 2221 2867
5271 2899 2372 2275 2996
5435 2987 2448 2355 3080
5214 2789 2425 2191 3023
5193 2760 2433 2130 3063
5584 3044 2540 2336 3248
5412 2923 2489 2276 3136
5051 2813 2238 2240 2811
5024 2712 2312 2074 2950
4994 2714 2280 2083 2911
5312 2956 2356 2325 2987
4983 2821 2162 2199 2784
5172 2826 2346 2218 2954
5208 2887 2321 2227 2981
4915 2665 2250 2063 2852
4942 2686 2256 2075 2867
5361 2981 2380 2351 3010
5236 2873 2363 2256 2980
4824 2667 2157 2084 2740
5306 2915 2391 2290 3016
5099 2739 2360 2173 2926
4946 2764 2182 2166 2780
5481 2996 2485 2356 3125
5326 2911 2415 2246 3080
5494 2986 2508 2325 3169
4944 2696 2248 2105 2839
4895 2650 2245 2069 2826
4763 2590 2173 2044 2719
5369 2895 2474 2255 3114
4704 2548 2156 1996 2708
5181 2861 2320 2204 2977
5076 2827 2249 2260 2816
5255 2883 2372 2237 3018
4985 2737 2248 2121 2864
4969 2711 2258 2106 2863
5031 2711 2320 2114 2917
4676 2603 2073 2055 2621
4819 2577 2242 2049 2770
5200 2911 2289 2239 2961
4849 2688 2161 2075 2774
5144 2804 2340 2163 2981
5353 2931 2422 2287 3066
5040 2723 2317 2101 2939
5152 2759 2393 2154 2998
5282 2929 2353 2253 3029
4757 2698 2059 2060 2697
4802 2631 2171 2059 2743
4693 2584 2109 2003 2690
5182 2819 2363 2221 2961
5268 2929 2339 2327 2941
5047 2785 2262 2175 2872
5378 2929 2449 2287 3091
5240 2866 2374 2206 3034
4979 2777 2202 2207 2772
5428 2956 2472 2315 3113
4886 2685 2201 2118 2768
4913 2732 2181 2173 2740
5074 2768 2306 2192 2882
5079 2880 2199 2258 2821
4865 2725 2140 2099 2766
5045 2774 2271 2215 2830
5078 2746 2332 2152 2926
5190 2824 2366 2213 2977
5255 2872 2383 2209 3046
5359 2835 2524 2220 3139
4935 2703 2232 2100 2835
5267 2893 2374 2269 2998
5197 2823 2374 2211 2986
5202 2896 2306 2241 2961
5012 2723 2289 2109 2903
4995 2763 2232 2142 2853
5168 2828 2340 2178 2990
5522 3002 2520 2348 3174
4969 2762 2207 2171 2798
5151 2783 2368 2153 2998
5241 2866 2375 2257 2984
4825 2629 2196 2091 2734
4994 2783 2211 2215 2779
4990 2780 2210 2147 2843
5274 2891 2383 2310 2964
4931 2666 2265 2090 2841
4935 2685 2250 2143 2792
4772 2566 2206 2002 2770
4925 2613 2312 2057 2868
4670 2553 2117 2020 2650
5153 2743 2410 2141 3012
5221 2838 2383 2199 3022
5362 2893 2469 2288 3074
5194 2837 2357 2225 2969
5000 2772 2228 2184 2816
5263 2859 2404 2269 2994
4906 2710 2196 2093 2813
5572 3012 2560 2303 3269
5172 2826 2346 2252 2920
4835 2638 2197 2068 2767
5028 2801 2227 2179 2849
5590 3026 2564 2356 3234
5029 2704 2325 2100 2929
4694 2604 2090 2058 2636
4853 2659 2194 2071 2782
4909 2742 2167 2104 2805
4947 2697 2250 2097 2850
5260 2789 2471 2183 3077
4927 2700 2227 2155 2772
5000 2678 2322 2045 2955
4949 2663 2286 2076 2873
5147 2847 2300 2217 2930
5616 3032 2584 2363 3253
5057 2765 2292 2143 2914
5120 2819 2301 2196 2924
5276 2929 2347 2285 2991
4559 2498 2061 1965 2594
5137 2812 2325 2202 2935
4981 2705 2276 2109 2872
4832 2686 2146 2069 2763
5376 2892 2484 2281 3095
4961 2696 2265 2096 2865
5271 2894 2377 2261 3010
4934 2673 2261 2087 2847
5012 2796 2216 2187 2825
4948 2687 2261 2097 2851
5126 2804 2322 2195 2931
5111 2827 2284 2187 2924
5241 2902 2339 2281 2960
4766 2562 2204 1977 2789
5120 2820 2300 2194 2926
5039 2785 2254 2198 2841
5588 3046 2542 2385 3203
5244 2830 2414 2207 3037
5887 3217 2670 2520 3367
5425 3065 2360 2370 3055
5522 3036 2486 2384 3138
5284 2833 2451 2198 3086
5171 2868 2303 2181 2990
5099 2742 2357 2153 2946
5346 2898 2448 2247 3099
5019 2782 2237 2206 2813
5809 3221 2588 2513 3296
4782 2556 2226 1994 2788
5014 2711 2303 2118 2896
5069 2798 2271 2218 2851
5157 2835 2322 2224 2933
5440 3004 2436 2350 3090
4781 2666 2115 2084 2697
4655 2547 2108 2007 2648
5328 2900 2428 2261 3067
4874 2664 2210 2091 2783
5152 2792 2360 2206 2946
5346 2924 2422 2299 3047
5338 2955 2383 2325 3013
5241 2892 2349 2226 3015
4948 2739 2209 2113 2835
5264 2892 2372 2267 2997
5453 2931 2522 2252 3201
5057 2752 2305 2148 2909
5092 2846 2246 2226 2866
5269 2885 2384 2264 3005
5270 2861 2409 2261 3009
5411 2943 2468 2304 3107
5086 2709 2377 2148 2938
5149 2852 2297 2215 2934
4745 2577 2168 2038 2707
5985 3241 2744 2538 3447
5413 2952 2461 2309 3104
5417 2953 2464 2305 3112
4972 2744 2228 2139 2833
4975 2661 2314 2104 2871
4884 2647 2237 2112 2772
5416 2952 2464 2295 3121
5027 2677 2350 2117 2910
5202 2898 2304 2236 2966
4754 2635 2119 2062 2692
5130 2819 2311 2227 2903
5334 2887 2447 2253 3081
4697 2651 2046 2103 2594
5157 2790 2367 2197 2960
5230 2864 2366 2256 2974
5090 2802 2288 2205 2885
5091 2753 2338 2130 2961
5103 2800 2303 2179 2924
5173 2851 2322 2209 2964
5657 3134 2523 2483 3174
4976 2702 2274 2139 2837
5262 2943 2319 2318 2944
5445 2970 2475 2324 3121
5031 2753 2278 2151 2880
5382 2992 2390 2338 3044
5180 2856 2324 2227 2953
5374 2997 2377 2353 3021
5233 2845 2388 2169 3064
5430 2987 2443 2306 3124
5370 2964 2406 2301 3069
5185 2823 2362 2217 2968
5078 2811 2267 2176 2902
5895 3208 2687 2492 3403
4942 2698 2244 2077 2865
5171 2837 2334 2218 2953
5055 2750 2305 2141 2914
5097 2751 2346 2157 2940
5019 2720 2299 2088 2931
4893 2645 2248 2079 2814
4784 2665 2119 2047 2737
5716 3128 2588 2437 3279
4941 2741 2200 2129 2812
5485 2981 2504 2338 3147
5122 2755 2367 2126 2996
5133 2769 2364 2169 2964
5302 2854 2448 2214 3088
5457 2955 2502 2306 3151
4868 2669 2199 2103 2765
4901 2720 2181 2135 2766
5321 2874 2447 2226 3095
5169 2827 2342 2209 2960
5400 2923 2477 2311 3089
5002 2790 2212 2205 2797
5010 2766 2244 2138 2872
5356 2953 2403 2279 3077
4868 2635 2233 2084 2784
5170 2836 2334 2224 2946
4704 2501 2203 1939 2765
5140 2739 2401 2141 2999
5384 2941 2443 2288 3096
5145 2804 2341 2183 2962
5130 2802 2328 2188 2942
5186 2804 2382 2204 2982
4748 2608 2140 2028 2720
4757 2640 2117 2064 2693
5392 2998 2394 2349 3043
4942 2687 2255 2106 2836
5160 2844 2316 2209 2951
4809 2564 2245 1982 2827
4979 2724 2255 2159 2820
5078 2778 2300 2173 2905
5103 2784 2319 2151 2952
5224 2868 2356 2223 3001
5182 2884 2298 2267 2915
5247 2840 2407 2204 3043
5227 2897 2330 2262 2965
5107 2761 2346 2161 2946
5405 3051 2354 2380 3025
5695 3082 2613 2441 3254
4995 2762 2233 2158 2837
4998 2716 2282 2080 2918
4985 2739 2246 2124 2861
5194 2866 2328 2221 2973
4855 2617 2238 2039 2816
5506 3053 2453 2374 3132
5371 2925 2446 2275 3096
5525 2987 2538 2325 3200
5236 2941 2295 2309 2927
5263 2880 2383 2278 2985
5022 2747 2275 2112 2910
5265 2886 2379 2241 3024
5084 2762 2322 2141 2943
4918 2657 2261 2086 2832
5130 2821 2309 2211 2919
5457 2971 2486 2287 3170
5106 2772 2334 2155 2951
5622 3101 2521 2456 3166
5198 2829 2369 2244 2954
5293 2864 2429 2238 3055
5141 2841 2300 2232 2909
5091 2798 2293 2160 2931
5452 3014 2438 2335 3117
5201 2881 2320 2214 2987
5312 2853 2459 2235 3077
4928 2632 2296 2069 2859
5205 2856 2349 2216 2989
4619 2519 2100 1941 2678
5591 3070 2521 2400 3191
4831 2603 2228 2034 2797
4978 2755 2223 2183 2795
4905 2708 2197 2080 2825
5114 2827 2287 2170 2944
5002 2801 2201 2173 2829
5109 2772 2337 2160 2949
5169 2837 2332 2207 2962
5119 2821 2298 2192 2927
5135 2856 2279 2235 2900
5264 2888 2376 2252 3012
5225 2899 2326 2298 2927
5150 2780 2370 2167 2983
4946 2751 2195 2159 2787
5398 2982 2416 2346 3052
5212 2851 2361 2199 3013
5235 2870 2365 2262 2973
5363 2986 2377 2314 3049
5160 2810 2350 2202 2958
5280 2860 2420 2239 3041
5291 2882 2409 2254 3037
5080 2782 2298 2183 2897
4887 2664 2223 2095 2792
5294 2904 2390 2284 3010
5509 3001 2508 2360 3149
5564 3024 2540 2364 3200
4962 2648 2314 2043 2919
5241 2880 2361 2272 2969
5267 2902 2365 2257 3010
5098 2793 2305 2191 2907
5282 2855 2427 2226 3056
5464 3055 2409 2398 3066
5047 2753 2294 2146 2901
5420 2948 2472 2295 3125
4957 2687 2270 2093 2864
5152 2861 2291 2227 2925
5188 2733 2455 2098 3090
5237 2900 2337 2289 2948
5389 2924 2465 2252 3137
5908 3219 2689 2531 3377
5171 2873 2298 2260 2911
4881 2670 2211 2077 2804
5453 2908 2545 2270 3183
5112 2761 2351 2124 2988
5059 2778 2281 2181 2878
4751 2574 2177 1978 2773
5478 3009 2469 2363 3115
4925 2730 2195 2115 2810
5159 2824 2335 2236 2923
4662 2562 2100 2025 2637
5066 2797 2269 2179 2887
4995 2760 2235 2178 2817
5392 2956 2436 2320 3072
4965 2697 2268 2132 2833
5198 2822 2376 2206 2992
5320 2910 2410 2300 3020
5095 2750 2345 2127 2968
5316 2959 2357 2296 3020
5175 2894 2281 2276 2899
5286 2899 2387 2231 3055
5089 2801 2288 2132 2957
5065 2741 2324 2119 2946
5381 2941 2440 2333 3048
5081 2846 2235 2208 2873
5412 2961 2451 2305 3107
5320 2955 2365 2314 3006
5202 2846 2356 2228 2974
5178 2860 2318 2224 2954
5121 2814 2307 2208 2913
4930 2741 2189 2140 2790
5388 2882 2506 2255 3133
5680 3154 2526 2495 3185
5425 3006 2419 2309 3116
5088 2778 2310 2203 2885
4794 2674 2120 2120 2674
5484 3055 2429 2362 3122
5093 2783 2310 2192 2901
5221 2854 2367 2244 2977
5513 3005 2508 2386 3127
5049 2787 2262 2206 2843
4815 2645 2170 2077 2738
5821 3171 2650 2505 3316
5173 2875 2298 2261 2912
4917 2715 2202 2098 2819
5373 2934 2439 2290 3083
5526 3028 2498 2395 3131
5675 3168 2507 2528 3147
5248 2937 2311 2278 2970
5466 2927 2539 2296 3170
5168 2858 2310 2224 2944
5180 2821 2359 2191 2989
5023 2746 2277 2147 2876
5231 2847 2384 2220 3011
4976 2747 2229 2144 2832
5055 2746 2309 2143 2912
5168 2791 2377 2182 2986
5309 2914 2395 2288 3021
5220 2866 2354 2230 2990
4865 2675 2190 2080 2785
5231 2879 2352 2238 2993
5111 2755 2356 2184 2927
5408 3041 2367 2398 3010
5044 2739 2305 2141 2903
5157 2834 2323 2248 2909
5717 3082 2635 2423 3294
5102 2766 2336 2141 2961
5220 2894 2326 2240 2980
5353 2906 2447 2265 3088
5120 2763 2357 2140 2980
5017 2765 2252 2178 2839
5313 2886 2427 2231 3082
5173 2806 2367 2182 2991
5291 2905 2386 2267 3024
5111 2765 2346 2124 2987
5314 2888 2426 2273 3041
5299 2938 2361 2290 3009
5589 3097 2492 2398 3191
5049 2770 2279 2119 2930
5099 2789 2310 2208 2891
5487 2988 2499 2344 3143
5073 2742 2331 2137 2936
5092 2790 2302 2160 2932
4889 2676 2213 2087 2802
5358 2972 2386 2310 3048
5161 2827 2334 2213 2948
4982 2763 2219 2137 2845
4950 2700 2250 2135 2815
5541 3020 2521 2349 3192
5330 2905 2425 2272 3058
5197 2837 2360 2237 2960
4808 2607 2201 2070 2738
5100 2847 2253 2230 2870
