5578 5090 488 5071 507
5442 4987 455 4976 466
5595 5096 499 5084 511
5448 5003 445 4986 462
5562 5071 491 5060 502
5466 5007 459 4988 478
5536 5110 426 5100 436
5408 4959 449 4948 460
5419 4961 458 4942 477
5330 4892 438 4881 449
5340 4892 448 4877 463
5430 4983 447 4967 463
5718 5212 506 5197 521
5811 5304 507 5292 519
5383 4920 463 4904 479
5519 5067 452 5057 462
5451 4986 465 4973 478
5300 4862 438 4850 450
5633 5173 460 5158 475
5333 4929 404 4914 419
5221 4769 452 4755 466
5519 5074 445 5054 465
5610 5120 490 5112 498
5044 4621 423 4607 437
5579 5122 457 5108 471
5613 5162 451 5150 463
5790 5293 497 5277 513
5136 4740 396 4732 404
5131 4704 427 4689 442
5626 5141 485 5125 501
5698 5191 507 5174 524
5684 5258 426 5243 441
5319 4920 399 4907 412
5425 4936 489 4920 505
5316 4867 449 4858 458
5799 5305 494 5292 507
5393 4969 424 4954 439
5256 4801 455 4788 468
4981 4570 411 4559 422
5139 4690 449 4678 461
5323 4856 467 4835 488
5399 4953 446 4937 462
5277 4842 435 4829 448
5590 5125 465 5098 492
5355 4893 462 4873 482
5853 5368 485 5353 500
5252 4792 460 4777 475
5545 5056 489 5044 501
5453 5009 444 4993 460
5520 5023 497 5007 513
5255 4800 455 4784 471
5195 4760 435 4752 443
5207 4786 421 4770 437
5686 5226 460 5210 476
5468 5010 458 5000 468
5366 4891 475 4881 485
5033 4585 448 4568 465
5456 5022 434 5008 448
5177 4729 448 4718 459
5285 4845 440 4826 459
5099 4644 455 4638 461
5120 4685 435 4676 444
5301 4848 453 4838 463
5269 4830 439 4820 449
5135 4702 433 4691 444
4837 4426 411 4414 423
5119 4701 418 4685 434
5166 4706 460 4694 472
4846 4438 408 4425 421
5491 5003 488 4986 505
5221 4791 430 4774 447
4685 4290 395 4273 412
4924 4511 413 4486 438
5166 4734 432 4718 448
5114 4697 417 4688 426
5493 5026 467 5012 481
4966 4577 389 4565 401
4872 4459 413 4443 429
5029 4631 398 4614 415
4847 4427 420 4411 436
4809 4413 396 4403 406
4931 4525 406 4515 416
4973 4574 399 4565 408
5008 4536 472 4526 482
5155 4719 436 4705 450
5478 5026 452 5010 468
5222 4748 474 4734 488
4961 4548 413 4535 426
5420 4963 457 4950 470
5381 4907 474 4890 491
5076 4649 427 4640 436
5177 4723 454 4710 467
5075 4660 415 4640 435
5253 4822 431 4809 444
5151 4725 426 4708 443
5015 4620 395 4610 405
5041 4634 407 4623 418
5185 4751 434 4734 451
4951 4532 419 4516 435
5324 4891 433 4873 451
4974 4591 383 4573 401
4925 4471 454 4451 474
4876 4467 409 4449 427
5090 4685 405 4670 420
5633 5172 461 5162 471
4856 4463 393 4450 406
5134 4731 403 4717 417
4780 4419 361 4410 370
5161 4701 460 4684 477
4994 4585 409 4569 425
5369 4894 475 4880 489
5113 4697 416 4687 426
5288 4846 442 4836 452
5018 4575 443 4561 457
5518 5048 470 5036 482
5431 4972 459 4958 473
5081 4654 427 4633 448
5376 4948 428 4934 442
4724 4344 380 4336 388
5071 4662 409 4645 426
4931 4510 421 4499 432
4915 4476 439 4468 447
4899 4532 367 4521 378
5107 4647 460 4628 479
4982 4577 405 4570 412
4767 4351 416 4331 436
5056 4595 461 4582 474
5229 4816 413 4803 426
5449 5013 436 5001 448
5343 4906 437 4891 452
5158 4721 437 4708 450
5612 5159 453 5142 470
5231 4755 476 4740 491
5079 4642 437 4621 458
5324 4878 446 4849 475
5066 4657 409 4641 425
4980 4564 416 4552 428
5241 4787 454 4774 467
5271 4784 487 4772 499
5209 4771 438 4753 456
5046 4602 444 4592 454
4935 4506 429 4490 445
5208 4760 448 4748 460
5020 4612 408 4595 425
4963 4575 388 4563 400
5449 4966 483 4953 496
5082 4670 412 4655 427
5101 4714 387 4702 399
5368 4961 407 4949 419
5398 4931 467 4920 478
5538 5062 476 5048 490
5630 5143 487 5127 503
5580 5127 453 5109 471
4948 4552 396 4540 408
5483 5002 481 4986 497
5393 4961 432 4947 446
5562 5096 466 5074 488
5819 5342 477 5329 490
5704 5236 468 5216 488
5538 5068 470 5047 491
5517 5074 443 5053 464
5667 5182 485 5174 493
5529 5093 436 5079 450
5479 5003 476 4983 496
5807 5291 516 5278 529
4794 4402 392 4392 402
5452 4977 475 4954 498
5353 4889 464 4878 475
5531 5055 476 5046 485
4828 4444 384 4427 401
5733 5226 507 5216 517
5652 5142 510 5136 516
5836 5350 486 5341 495
5237 4797 440 4784 453
5111 4736 375 4722 389
5785 5295 490 5282 503
5384 4957 427 4939 445
5484 5015 469 5007 477
5414 4980 434 4962 452
5722 5249 473 5236 486
5795 5261 534 5253 542
4666 4274 392 4255 411
5504 5026 478 5002 502
5533 5054 479 5037 496
5123 4702 421 4696 427
5336 4907 429 4887 449
5145 4703 442 4692 453
5517 5053 464 5039 478
5064 4675 389 4658 406
4959 4548 411 4536 423
5855 5359 496 5344 511
5335 4874 461 4866 469
5415 4990 425 4977 438
4940 4516 424 4507 433
5043 4617 426 4598 445
5103 4659 444 4647 456
5167 4729 438 4715 452
5366 4912 454 4893 473
5005 4574 431 4562 443
5349 4929 420 4920 429
5891 5370 521 5344 547
5123 4679 444 4673 450
5630 5143 487 5122 508
5565 5118 447 5099 466
5616 5145 471 5123 493
5154 4761 393 4747 407
5389 4960 429 4948 441
5562 5091 471 5080 482
4829 4422 407 4409 420
5005 4597 408 4579 426
5022 4580 442 4566 456
5496 5004 492 4991 505
5633 5195 438 5188 445
5403 4955 448 4947 456
5295 4856 439 4845 450
5367 4893 474 4878 489
5037 4616 421 4608 429
4992 4551 441 4539 453
5242 4793 449 4782 460
5511 5088 423 5077 434
5287 4843 444 4830 457
5017 4590 427 4569 448
5063 4647 416 4634 429
5499 5003 496 4992 507
5345 4911 434 4902 443
5186 4764 422 4756 430
5273 4826 447 4812 461
5382 4930 452 4921 461
5441 4960 481 4946 495
5180 4778 402 4754 426
5121 4698 423 4682 439
4714 4306 408 4294 420
5082 4678 404 4662 420
5167 4736 431 4731 436
5566 5123 443 5111 455
5169 4703 466 4690 479
5435 4961 474 4942 493
4910 4477 433 4461 449
5708 5215 493 5197 511
5857 5362 495 5345 512
5592 5133 459 5120 472
5012 4591 421 4585 427
4998 4585 413 4581 417
5397 4960 437 4949 448
5376 4909 467 4897 479
4932 4511 421 4501 431
5392 4953 439 4934 458
5370 4921 449 4904 466
5166 4706 460 4693 473
4873 4468 405 4457 416
5214 4737 477 4723 491
5211 4740 471 4729 482
5180 4746 434 4737 443
5061 4662 399 4649 412
5242 4827 415 4807 435
4780 4353 427 4333 447
5322 4871 451 4860 462
5184 4770 414 4761 423
5232 4762 470 4749 483
5290 4810 480 4794 496
5001 4574 427 4554 447
5311 4846 465 4833 478
5126 4709 417 4698 428
5340 4906 434 4887 453
5124 4682 442 4670 454
5070 4637 433 4624 446
5324 4866 458 4851 473
5280 4824 456 4811 469
5598 5100 498 5082 516
5150 4724 426 4712 438
5032 4561 471 4543 489
5175 4753 422 4741 434
5219 4737 482 4726 493
4939 4508 431 4498 441
5381 4960 421 4948 433
5351 4912 439 4895 456
5395 4949 446 4938 457
5159 4717 442 4694 465
5110 4705 405 4694 416
5503 5077 426 5065 438
5551 5087 464 5077 474
5373 4893 480 4881 492
5512 5065 447 5054 458
5475 4997 478 4984 491
5154 4745 409 4732 422
5276 4832 444 4816 460
5755 5283 472 5276 479
5379 4898 481 4879 500
5245 4800 445 4781 464
4786 4377 409 4361 425
5397 4920 477 4902 495
5654 5186 468 5172 482
5132 4706 426 4695 437
5155 4704 451 4691 464
5333 4867 466 4851 482
5336 4855 481 4843 493
5416 4954 462 4940 476
5006 4603 403 4590 416
5101 4675 426 4665 436
5316 4892 424 4882 434
5331 4913 418 4894 437
5131 4707 424 4688 443
5193 4746 447 4731 462
5305 4863 442 4845 460
5642 5133 509 5124 518
5025 4592 433 4575 450
4945 4499 446 4484 461
5200 4791 409 4781 419
5339 4907 432 4890 449
5320 4898 422 4883 437
5159 4709 450 4695 464
4827 4431 396 4420 407
5726 5223 503 5202 524
5345 4911 434 4901 444
4906 4465 441 4454 452
4535 4154 381 4142 393
5057 4611 446 4600 457
5250 4842 408 4827 423
5446 4984 462 4965 481
4837 4443 394 4433 404
5086 4634 452 4623 463
5425 4990 435 4979 446
5162 4749 413 4740 422
5206 4758 448 4746 460
5063 4670 393 4658 405
5103 4647 456 4637 466
5105 4685 420 4674 431
5248 4790 458 4778 470
4922 4481 441 4462 460
5321 4882 439 4859 462
4983 4547 436 4531 452
5302 4899 403 4882 420
5042 4613 429 4590 452
5306 4858 448 4844 462
5043 4635 408 4630 413
5561 5088 473 5069 492
5242 4798 444 4784 458
4957 4539 418 4523 434
5158 4740 418 4727 431
4815 4380 435 4365 450
5112 4700 412 4687 425
5259 4805 454 4795 464
5386 4963 423 4949 437
4930 4574 356 4558 372
5235 4790 445 4776 459
5474 5016 458 4997 477
5298 4842 456 4825 473
5563 5114 449 5093 470
5098 4627 471 4614 484
4838 4454 384 4441 397
5156 4760 396 4743 413
5350 4914 436 4896 454
5015 4549 466 4535 480
5428 4960 468 4947 481
4982 4580 402 4571 411
5297 4863 434 4843 454
5419 4984 435 4975 444
5076 4636 440 4622 454
5045 4595 450 4584 461
5403 4951 452 4934 469
4956 4537 419 4521 435
5140 4679 461 4664 476
5014 4604 410 4590 424
5433 4972 461 4958 475
5129 4706 423 4689 440
5319 4845 474 4830 489
5404 4942 462 4927 477
5280 4844 436 4824 456
5600 5138 462 5120 480
5272 4844 428 4837 435
5465 5019 446 5008 457
4659 4272 387 4258 401
5002 4589 413 4578 424
5337 4881 456 4862 475
4756 4352 404 4337 419
5279 4832 447 4816 463
5045 4605 440 4594 451
4917 4498 419 4480 437
4867 4483 384 4471 396
5144 4712 432 4696 448
4885 4481 404 4469 416
5329 4857 472 4840 489
5088 4619 469 4608 480
5029 4624 405 4619 410
4994 4568 426 4561 433
5226 4774 452 4758 468
5267 4820 447 4803 464
5246 4790 456 4774 472
5162 4709 453 4699 463
4995 4603 392 4586 409
5076 4647 429 4636 440
4926 4521 405 4505 421
5277 4798 479 4784 493
4950 4507 443 4486 464
4951 4548 403 4532 419
5203 4765 438 4748 455
5567 5118 449 5105 462
5266 4847 419 4836 430
5557 5083 474 5071 486
5518 4998 520 4983 535
5307 4870 437 4846 461
5165 4727 438 4710 455
5147 4721 426 4711 436
5298 4840 458 4816 482
5089 4645 444 4631 458
4762 4405 357 4395 367
5364 4887 477 4874 490
4887 4517 370 4506 381
5358 4899 459 4885 473
5231 4808 423 4787 444
5357 4912 445 4895 462
5041 4633 408 4619 422
5247 4826 421 4812 435
5483 5001 482 4991 492
4949 4545 404 4533 416
5128 4709 419 4694 434
5310 4873 437 4855 455
4860 4426 434 4409 451
5293 4873 420 4855 438
4988 4570 418 4553 435
5261 4849 412 4837 424
5319 4877 442 4866 453
5064 4636 428 4619 445
4901 4510 391 4500 401
4975 4568 407 4555 420
4852 4461 391 4446 406
5354 4928 426 4917 437
5503 5007 496 4990 513
5281 4845 436 4832 449
5095 4612 483 4599 496
5022 4634 388 4625 397
5000 4557 443 4549 451
4836 4421 415 4406 430
5018 4580 438 4561 457
4974 4555 419 4539 435
5428 5007 421 4995 433
5007 4560 447 4538 469
4820 4424 396 4412 408
5147 4694 453 4679 468
5302 4846 456 4832 470
5277 4813 464 4804 473
5545 5076 469 5056 489
4972 4545 427 4531 441
5350 4901 449 4886 464
4886 4482 404 4471 415
5343 4894 449 4882 461
4823 4423 400 4412 411
5266 4852 414 4838 428
5139 4682 457 4671 468
5183 4756 427 4743 440
4990 4583 407 4568 422
5199 4744 455 4731 468
5214 4748 466 4735 479
5165 4713 452 4702 463
5644 5179 465 5167 477
5101 4650 451 4635 466
5876 5401 475 5379 497
4958 4524 434 4516 442
5192 4760 432 4747 445
4439 4065 374 4064 375
5146 4720 426 4707 439
5172 4739 433 4723 449
5199 4753 446 4744 455
5243 4824 419 4808 435
5056 4628 428 4613 443
5292 4848 444 4834 458
4911 4489 422 4474 437
5554 5074 480 5061 493
5148 4720 428 4708 440
4955 4510 445 4502 453
5199 4768 431 4759 440
5268 4804 464 4790 478
5039 4620 419 4600 439
5342 4914 428 4902 440
4745 4313 432 4307 438
4663 4248 415 4235 428
5088 4651 437 4643 445
4774 4371 403 4360 414
5007 4617 390 4605 402
5146 4743 403 4728 418
5129 4720 409 4704 425
5303 4854 449 4847 456
5453 5016 437 5004 449
5086 4654 432 4640 446
5176 4722 454 4712 464
5347 4882 465 4867 480
5139 4722 417 4711 428
5065 4664 401 4650 415
4848 4382 466 4366 482
5270 4800 470 4784 486
5067 4657 410 4647 420
5041 4597 444 4579 462
4860 4440 420 4429 431
5484 5016 468 5003 481
5153 4731 422 4722 431
5391 4947 444 4933 458
5303 4875 428 4863 440
4621 4244 377 4231 390
5063 4624 439 4610 453
5206 4769 437 4753 453
5788 5310 478 5303 485
5180 4751 429 4741 439
4638 4277 361 4262 376
4928 4508 420 4494 434
4999 4594 405 4578 421
5005 4579 426 4567 438
5223 4834 389 4816 407
5117 4685 432 4672 445
5068 4628 440 4616 452
5182 4760 422 4750 432
4951 4520 431 4509 442
5440 4998 442 4984 456
4822 4385 437 4374 448
4832 4426 406 4412 420
5632 5172 460 5162 470
5208 4781 427 4771 437
4971 4503 468 4493 478
5088 4651 437 4633 455
5201 4754 447 4746 455
5443 4993 450 4974 469
5529 5061 468 5045 484
5429 5009 420 4991 438
5711 5270 441 5260 451
5373 4932 441 4916 457
5349 4904 445 4896 453
4928 4498 430 4485 443
5287 4820 467 4805 482
5181 4749 432 4737 444
5262 4815 447 4796 466
5306 4859 447 4847 459
5388 4968 420 4949 439
5294 4860 434 4843 451
5186 4748 438 4732 454
5122 4706 416 4693 429
5086 4666 420 4646 440
4801 4408 393 4391 410
5058 4600 458 4590 468
4832 4421 411 4410 422
5121 4694 427 4670 451
4962 4559 403 4546 416
5040 4604 436 4592 448
4740 4350 390 4338 402
5121 4688 433 4677 444
5280 4804 476 4794 486
5001 4566 435 4559 442
5257 4806 451 4795 462
5110 4666 444 4650 460
5556 5092 464 5084 472
4997 4573 424 4563 434
5351 4914 437 4905 446
5120 4691 429 4680 440
5134 4703 431 4691 443
4884 4446 438 4432 452
5094 4649 445 4633 461
5143 4716 427 4702 441
4852 4470 382 4455 397
5321 4896 425 4881 440
5286 4837 449 4825 461
5158 4708 450 4697 461
5071 4638 433 4618 453
5297 4858 439 4842 455
5265 4847 418 4838 427
5102 4714 388 4698 404
4985 4571 414 4559 426
4985 4562 423 4540 445
5558 5082 476 5074 484
5298 4826 472 4806 492
5012 4628 384 4614 398
5381 4919 462 4904 477
5184 4745 439 4734 450
4944 4554 390 4539 405
5111 4646 465 4634 477
4921 4505 416 4494 427
4984 4567 417 4556 428
5250 4847 403 4833 417
5305 4877 428 4860 445
5387 4907 480 4897 490
5010 4575 435 4566 444
5169 4728 441 4709 460
5228 4786 442 4773 455
5155 4720 435 4709 446
5370 4922 448 4908 462
4793 4397 396 4385 408
4840 4465 375 4455 385
5042 4561 481 4551 491
5481 5002 479 4990 491
5222 4757 465 4743 479
4941 4563 378 4546 395
5135 4698 437 4686 449
5243 4781 462 4771 472
5172 4745 427 4728 444
5590 5103 487 5080 510
5435 4962 473 4946 489
5198 4728 470 4714 484
5437 5018 419 4997 440
5353 4879 474 4866 487
5204 4775 429 4763 441
5085 4646 439 4635 450
5270 4819 451 4803 467
5088 4661 427 4643 445
5271 4835 436 4822 449
5435 4956 479 4943 492
5214 4781 433 4771 443
5193 4757 436 4746 447
5584 5100 484 5084 500
5412 4948 464 4934 478
5051 4610 441 4591 460
5024 4616 408 4601 423
4994 4545 449 4532 462
5312 4860 452 4848 464
4983 4599 384 4588 395
5172 4754 418 4744 428
5208 4756 452 4745 463
4915 4512 403 4503 412
4942 4514 428 4500 442
5361 4929 432 4908 453
5236 4784 452 4771 465
4824 4429 395 4424 400
5306 4868 438 4854 452
5099 4649 450 4638 461
4946 4578 368 4568 378
5481 5028 453 5004 477
5326 4876 450 4862 464
5494 5000 494 4987 507
4944 4530 414 4522 422
4895 4478 417 4468 427
4763 4334 429 4317 446
5369 4896 473 4884 485
4704 4308 396 4298 406
5181 4718 463 4708 473
5076 4637 439 4622 454
5255 4834 421 4819 436
4985 4560 425 4550 435
4969 4538 431 4531 438
5031 4584 447 4575 456
4676 4299 377 4289 387
4819 4418 401 4407 412
5200 4784 416 4770 430
4849 4452 397 4440 409
5144 4735 409 4722 422
5353 4923 430 4911 442
5040 4578 462 4564 476
5152 4716 436 4698 454
5282 4824 458 4814 468
4757 4321 436 4307 450
4802 4427 375 4417 385
4693 4279 414 4266 427
5182 4735 447 4725 457
5268 4839 429 4826 442
5047 4620 427 4607 440
5378 4948 430 4936 442
5240 4785 455 4772 468
4979 4548 431 4534 445
5428 4960 468 4947 481
4886 4447 439 4435 451
4913 4518 395 4494 419
5074 4639 435 4630 444
5079 4668 411 4654 425
4865 4446 419 4434 431
5045 4650 395 4637 408
5078 4646 432 4633 445
5190 4744 446 4730 460
5255 4836 419 4820 435
5359 4912 447 4905 454
4935 4501 434 4492 443
5267 4878 389 4864 403
5197 4760 437 4739 458
5202 4764 438 4753 449
5012 4572 440 4559 453
4995 4593 402 4580 415
5168 4755 413 4743 425
5522 5057 465 5037 485
4969 4567 402 4556 413
5151 4732 419 4714 437
5241 4811 430 4797 444
4825 4419 406 4403 422
4994 4564 430 4557 437
4990 4571 419 4553 437
5274 4858 416 4843 431
4931 4512 419 4498 433
4935 4531 404 4523 412
4772 4339 433 4321 451
4925 4536 389 4525 400
4670 4309 361 4297 373
5153 4753 400 4735 418
5221 4772 449 4751 470
5362 4915 447 4897 465
5194 4801 393 4786 408
5000 4541 459 4529 471
5263 4845 418 4835 428
4906 4468 438 4451 455
5572 5092 480 5082 490
5172 4727 445 4716 456
4835 4446 389 4435 400
5028 4637 391 4623 405
5590 5098 492 5080 510
5029 4595 434 4579 450
4694 4287 407 4275 419
4853 4439 414 4424 429
4909 4505 404 4494 415
4947 4524 423 4507 440
5260 4791 469 4774 486
4927 4516 411 4505 422
5000 4570 430 4554 446
4949 4531 418 4519 430
5147 4719 428 4703 444
5616 5126 490 5112 504
5057 4628 429 4616 441
5120 4693 427 4674 446
5276 4850 426 4836 440
4559 4175 384 4171 388
5137 4707 430 4692 445
4981 4546 435 4528 453
4832 4444 388 4439 393
5376 4955 421 4944 432
4961 4515 446 4504 457
5271 4831 440 4812 459
4934 4579 355 4566 368
5012 4602 410 4587 425
4948 4503 445 4487 461
5126 4732 394 4723 403
5111 4664 447 4651 460
5241 4788 453 4775 466
4766 4364 402 4349 417
5120 4669 451 4661 459
5039 4629 410 4622 417
5588 5135 453 5117 471
5244 4801 443 4787 457
5887 5409 478 5398 489
5425 4959 466 4939 486
5522 5053 469 5035 487
5284 4850 434 4833 451
5171 4742 429 4726 445
5099 4659 440 4644 455
5346 4915 431 4895 451
5019 4608 411 4595 424
5809 5286 523 5272 537
4782 4372 410 4362 420
5014 4620 394 4607 407
5069 4657 412 4644 425
5157 4710 447 4699 458
5440 4951 489 4930 510
4781 4384 397 4370 411
4655 4260 395 4252 403
5328 4890 438 4871 457
4874 4465 409 4447 427
5152 4716 436 4707 445
5346 4863 483 4849 497
5338 4895 443 4884 454
5241 4788 453 4768 473
4948 4503 445 4483 465
5264 4809 455 4795 469
5453 5005 448 4990 463
5057 4641 416 4631 426
5092 4630 462 4616 476
5269 4821 448 4806 463
5270 4807 463 4791 479
5411 4981 430 4968 443
5086 4671 415 4660 426
5149 4730 419 4710 439
4745 4343 402 4333 412
5985 5485 500 5470 515
5413 4969 444 4958 455
5417 4971 446 4952 465
4972 4563 409 4555 417
4975 4566 409 4555 420
4884 4481 403 4467 417
5416 4947 469 4937 479
5027 4616 411 4605 422
5202 4787 415 4773 429
4754 4349 405 4337 417
5130 4636 494 4617 513
5334 4878 456 4861 473
4697 4313 384 4305 392
5157 4729 428 4720 437
5230 4783 447 4769 461
5090 4659 431 4649 441
5091 4688 403 4679 412
5103 4659 444 4645 458
5173 4743 430 4731 442
5657 5182 475 5168 489
4976 4587 389 4575 401
5262 4830 432 4818 444
5445 4982 463 4970 475
5031 4631 400 4618 413
5382 4948 434 4931 451
5180 4744 436 4735 445
5374 4937 437 4925 449
5233 4769 464 4756 477
5430 4963 467 4949 481
5370 4914 456 4907 463
5185 4763 422 4754 431
5078 4643 435 4627 451
5895 5391 504 5374 521
4942 4502 440 4489 453
5171 4706 465 4686 485
5055 4681 374 4670 385
5097 4670 427 4657 440
5019 4562 457 4551 468
4893 4467 426 4452 441
4784 4378 406 4364 420
5716 5238 478 5217 499
4941 4524 417 4505 436
5485 5051 434 5038 447
5122 4673 449 4657 465
5133 4698 435 4678 455
5302 4865 437 4857 445
5457 5037 420 5015 442
4868 4455 413 4442 426
4901 4501 400 4489 412
5321 4868 453 4861 460
5169 4759 410 4748 421
5400 4936 464 4925 475
5002 4597 405 4588 414
5010 4610 400 4603 407
5356 4924 432 4916 440
4868 4489 379 4479 389
5170 4758 412 4746 424
4704 4282 422 4270 434
5140 4715 425 4704 436
5384 4925 459 4912 472
5145 4722 423 4706 439
5130 4736 394 4725 405
5186 4756 430 4743 443
4748 4339 409 4326 422
4757 4315 442 4305 452
5392 4919 473 4906 486
4942 4498 444 4488 454
5160 4710 450 4701 459
4809 4401 408 4393 416
4979 4560 419 4538 441
5078 4654 424 4635 443
5103 4639 464 4626 477
5224 4811 413 4804 420
5182 4739 443 4727 455
5247 4820 427 4806 441
5227 4843 384 4830 397
5107 4671 436 4661 446
5405 4970 435 4953 452
5695 5257 438 5235 460
4995 4577 418 4563 432
4998 4583 415 4566 432
4985 4574 411 4558 427
5194 4747 447 4736 458
4855 4441 414 4427 428
5506 5065 441 5042 464
5371 4927 444 4916 455
5525 5098 427 5083 442
5236 4806 430 4796 440
5263 4838 425 4821 442
5022 4608 414 4594 428
5265 4825 440 4814 451
5084 4644 440 4634 450
4918 4560 358 4544 374
5130 4701 429 4693 437
5457 5025 432 5010 447
5106 4683 423 4667 439
5622 5140 482 5123 499
5198 4793 405 4774 424
5293 4869 424 4853 440
5141 4700 441 4685 456
5091 4643 448 4626 465
5452 4977 475 4966 486
5201 4771 430 4761 440
5312 4865 447 4847 465
4928 4507 421 4494 434
5205 4734 471 4724 481
4619 4246 373 4230 389
5591 5110 481 5096 495
4831 4471 360 4460 371
4978 4561 417 4550 428
4905 4512 393 4496 409
5114 4690 424 4678 436
5002 4584 418 4574 428
5109 4649 460 4639 470
5169 4740 429 4731 438
5119 4724 395 4713 406
5135 4723 412 4710 425
5264 4843 421 4832 432
5225 4756 469 4742 483
5150 4715 435 4699 451
4946 4529 417 4518 428
5398 4973 425 4965 433
5212 4807 405 4791 421
5235 4769 466 4756 479
5363 4867 496 4850 513
5160 4788 372 4772 388
5280 4834 446 4820 460
5291 4879 412 4864 427
5080 4703 377 4694 386
4887 4473 414 4464 423
5294 4833 461 4816 478
5509 5046 463 5033 476
5564 5084 480 5065 499
4962 4542 420 4535 427
5241 4772 469 4756 485
5267 4822 445 4812 455
5098 4653 445 4638 460
5282 4833 449 4816 466
5464 4994 470 4981 483
5047 4629 418 4612 435
5420 4981 439 4966 454
4957 4503 454 4494 463
5152 4708 444 4698 454
5188 4776 412 4757 431
5237 4783 454 4768 469
5389 4920 469 4903 486
5908 5452 456 5439 469
5171 4709 462 4692 479
4881 4472 409 4464 417
5453 4971 482 4964 489
5112 4667 445 4648 464
5059 4613 446 4603 456
4751 4342 409 4329 422
5478 5016 462 5003 475
4925 4494 431 4482 443
5159 4722 437 4713 446
4662 4308 354 4296 366
5066 4672 394 4662 404
4995 4592 403 4583 412
5392 4938 454 4923 469
4965 4556 409 4544 421
5198 4767 431 4755 443
5320 4872 448 4856 464
5095 4697 398 4687 408
5316 4884 432 4860 456
5175 4731 444 4721 454
5286 4884 402 4873 413
5089 4657 432 4649 440
5065 4626 439 4618 447
5381 4934 447 4920 461
5081 4612 469 4601 480
5412 4957 455 4942 470
5320 4900 420 4881 439
5202 4770 432 4758 444
5178 4731 447 4712 466
5121 4704 417 4691 430
4930 4510 420 4496 434
5388 4896 492 4885 503
5680 5199 481 5175 505
5425 4980 445 4966 459
5088 4658 430 4651 437
4794 4377 417 4365 429
5484 4984 500 4975 509
5093 4657 436 4644 449
5221 4782 439 4765 456
5513 5060 453 5050 463
5049 4650 399 4629 420
4815 4396 419 4382 433
5821 5337 484 5322 499
5173 4759 414 4747 426
4917 4496 421 4477 440
5373 4936 437 4918 455
5526 5080 446 5068 458
5675 5186 489 5178 497
5248 4818 430 4796 452
5466 5017 449 5005 461
5168 4740 428 4723 445
5180 4738 442 4719 461
5023 4598 425 4581 442
5231 4811 420 4794 437
4976 4597 379 4583 393
5055 4640 415 4631 424
5168 4734 434 4728 440
5309 4853 456 4841 468
5220 4763 457 4748 472
4865 4441 424 4428 437
5231 4819 412 4797 434
5111 4684 427 4662 449
5408 4932 476 4914 494
5044 4642 402 4627 417
5157 4717 440 4705 452
5717 5222 495 5204 513
5102 4646 456 4630 472
5220 4782 438 4768 452
5353 4911 442 4900 453
5120 4683 437 4671 449
5017 4569 448 4551 466
5313 4886 427 4871 442
5173 4754 419 4741 432
5291 4828 463 4820 471
5111 4705 406 4695 416
5314 4824 490 4810 504
5299 4878 421 4864 435
5589 5142 447 5128 461
5049 4607 442 4590 459
5099 4710 389 4692 407
5487 5037 450 5026 461
5073 4621 452 4601 472
5092 4640 452 4623 469
4889 4483 406 4471 418
5358 4914 444 4902 456
5161 4753 408 4739 422
4982 4585 397 4568 414
4950 4592 358 4575 375
5541 5090 451 5070 471
5330 4900 430 4884 446
5197 4774 423 4765 432
4808 4408 400 4396 412
5100 4684 416 4670 430
