5578 3400 2178 2943 2635
5442 3317 2125 2857 2585
5595 3385 2210 2887 2708
5448 3290 2158 2832 2616
5562 3365 2197 2911 2651
5466 3278 2188 2848 2618
5536 3407 2129 2951 2585
5408 3285 2123 2832 2576
5419 3262 2157 2817 2602
5330 3216 2114 2769 2561
5340 3272 2068 2796 2544
5430 3272 2158 2819 2611
5718 3470 2248 3000 2718
5811 3467 2344 3008 2803
5383 3296 2087 2848 2535
5519 3260 2259 2810 2709
5451 3256 2195 2813 2638
5300 3182 2118 2739 2561
5633 3346 2287 2877 2756
5333 3255 2078 2783 2550
5221 3138 2083 2714 2507
5519 3343 2176 2880 2639
5610 3338 2272 2846 2764
5044 3039 2005 2604 2440
5579 3383 2196 2923 2656
5613 3389 2224 2884 2729
5790 3457 2333 2997 2793
5136 3099 2037 2692 2444
5131 3086 2045 2670 2461
5626 3373 2253 2924 2702
5698 3436 2262 2943 2755
5684 3386 2298 2934 2750
5319 3232 2087 2759 2560
5425 3301 2124 2815 2610
5316 3262 2054 2829 2487
5799 3511 2288 3018 2781
5393 3227 2166 2744 2649
5256 3173 2083 2746 2510
4981 3047 1934 2623 2358
5139 3122 2017 2710 2429
5323 3201 2122 2744 2579
5399 3312 2087 2850 2549
5277 3173 2104 2745 2532
5590 3412 2178 2919 2671
5355 3230 2125 2787 2568
5853 3579 2274 3069 2784
5252 3165 2087 2717 2535
5545 3321 2224 2863 2682
5453 3269 2184 2813 2640
5520 3289 2231 2833 2687
5255 3128 2127 2662 2593
5195 3152 2043 2719 2476
5207 3128 2079 2706 2501
5686 3437 2249 2990 2696
5468 3315 2153 2836 2632
5366 3226 2140 2765 2601
5033 3014 2019 2593 2440
5456 3285 2171 2835 2621
5177 3111 2066 2656 2521
5285 3181 2104 2769 2516
5099 3067 2032 2641 2458
5120 3121 1999 2727 2393
5301 3225 2076 2775 2526
5269 3177 2092 2731 2538
5135 3095 2040 2671 2464
4837 2967 1870 2555 2282
5119 3126 1993 2697 2422
5166 3106 2060 2658 2508
4846 2884 1962 2504 2342
5491 3363 2128 2907 2584
5221 3137 2084 2712 2509
4685 2818 1867 2419 2266
4924 2975 1949 2596 2328
5166 3151 2015 2704 2462
5114 3087 2027 2636 2478
5493 3303 2190 2861 2632
4966 3045 1921 2648 2318
4872 2937 1935 2522 2350
5029 3012 2017 2580 2449
4847 2996 1851 2581 2266
4809 2934 1875 2512 2297
4931 2998 1933 2577 2354
4973 3003 1970 2592 2381
5008 3001 2007 2590 2418
5155 3050 2105 2658 2497
5478 3252 2226 2805 2673
5222 3144 2078 2730 2492
4961 2946 2015 2537 2424
5420 3293 2127 2821 2599
5381 3231 2150 2812 2569
5076 3099 1977 2661 2415
5177 3136 2041 2680 2497
5075 3048 2027 2628 2447
5253 3151 2102 2699 2554
5151 3135 2016 2701 2450
5015 3046 1969 2605 2410
5041 3066 1975 2665 2376
5185 3127 2058 2678 2507
4951 2987 1964 2565 2386
5324 3168 2156 2750 2574
4974 3012 1962 2591 2383
4925 3022 1903 2597 2328
4876 2879 1997 2471 2405
5090 3034 2056 2578 2512
5633 3391 2242 2941 2692
4856 2916 1940 2524 2332
5134 3122 2012 2630 2504
4780 2910 1870 2501 2279
5161 3141 2020 2678 2483
4994 3008 1986 2603 2391
5369 3279 2090 2823 2546
5113 3120 1993 2689 2424
5288 3161 2127 2716 2572
5018 3001 2017 2595 2423
5518 3305 2213 2840 2678
5431 3315 2116 2840 2591
5081 3087 1994 2649 2432
5376 3289 2087 2838 2538
4724 2849 1875 2440 2284
5071 3003 2068 2567 2504
4931 3012 1919 2590 2341
4915 2951 1964 2585 2330
4899 2967 1932 2551 2348
5107 3083 2024 2670 2437
4982 3026 1956 2592 2390
4767 2871 1896 2450 2317
5056 3059 1997 2645 2411
5229 3162 2067 2704 2525
5449 3237 2212 2790 2659
5343 3152 2191 2720 2623
5158 3125 2033 2719 2439
5612 3386 2226 2920 2692
5231 3196 2035 2772 2459
5079 3104 1975 2685 2394
5324 3210 2114 2769 2555
5066 3035 2031 2613 2453
4980 2989 1991 2585 2395
5241 3182 2059 2710 2531
5271 3195 2076 2763 2508
5209 3120 2089 2691 2518
5046 3064 1982 2634 2412
4935 2987 1948 2595 2340
5208 3134 2074 2700 2508
5020 3080 1940 2646 2374
4963 3012 1951 2592 2371
5449 3321 2128 2852 2597
5082 3079 2003 2665 2417
5101 3018 2083 2607 2494
5368 3259 2109 2823 2545
5398 3224 2174 2760 2638
5538 3339 2199 2875 2663
5630 3426 2204 2934 2696
5580 3331 2249 2888 2692
4948 3022 1926 2599 2349
5483 3352 2131 2917 2566
5393 3237 2156 2787 2606
5562 3341 2221 2859 2703
5819 3474 2345 2995 2824
5704 3411 2293 2936 2768
5538 3319 2219 2870 2668
5517 3303 2214 2873 2644
5667 3444 2223 2991 2676
5529 3356 2173 2913 2616
5479 3342 2137 2909 2570
5807 3506 2301 3003 2804
4794 2875 1919 2448 2346
5452 3303 2149 2856 2596
5353 3176 2177 2732 2621
5531 3330 2201 2876 2655
4828 2930 1898 2521 2307
5733 3460 2273 2958 2775
5652 3426 2226 2957 2695
5836 3588 2248 3111 2725
5237 3142 2095 2704 2533
5111 3073 2038 2654 2457
5785 3502 2283 3051 2734
5384 3300 2084 2831 2553
5484 3363 2121 2908 2576
5414 3247 2167 2784 2630
5722 3412 2310 2936 2786
5795 3488 2307 3025 2770
4666 2707 1959 2310 2356
5504 3344 2160 2878 2626
5533 3326 2207 2866 2667
5123 3083 2040 2609 2514
5336 3208 2128 2735 2601
5145 3108 2037 2686 2459
5517 3313 2204 2892 2625
5064 3047 2017 2625 2439
4959 2998 1961 2583 2376
5855 3552 2303 3061 2794
5335 3256 2079 2775 2560
5415 3249 2166 2807 2608
4940 2960 1980 2541 2399
5043 3065 1978 2655 2388
5103 3042 2061 2572 2531
5167 3186 1981 2766 2401
5366 3272 2094 2852 2514
5005 3080 1925 2647 2358
5349 3235 2114 2772 2577
5891 3601 2290 3101 2790
5123 3077 2046 2651 2472
5630 3432 2198 2960 2670
5565 3390 2175 2911 2654
5616 3373 2243 2901 2715
5154 3105 2049 2694 2460
5389 3228 2161 2788 2601
5562 3412 2150 2953 2609
4829 2956 1873 2541 2288
5005 3027 1978 2638 2367
5022 3112 1910 2693 2329
5496 3288 2208 2854 2642
5633 3385 2248 2861 2772
5403 3227 2176 2791 2612
5295 3223 2072 2776 2519
5367 3286 2081 2841 2526
5037 3090 1947 2634 2403
4992 2981 2011 2578 2414
5242 3170 2072 2703 2539
5511 3353 2158 2890 2621
5287 3224 2063 2806 2481
5017 3030 1987 2615 2402
5063 2982 2081 2567 2496
5499 3360 2139 2910 2589
5345 3206 2139 2792 2553
5186 3164 2022 2729 2457
5273 3192 2081 2760 2513
5382 3249 2133 2806 2576
5441 3261 2180 2769 2672
5180 3104 2076 2673 2507
5121 3114 2007 2688 2433
4714 2838 1876 2460 2254
5082 3013 2069 2578 2504
5167 3095 2072 2630 2537
5566 3363 2203 2874 2692
5169 3137 2032 2675 2494
5435 3221 2214 2769 2666
4910 2970 1940 2550 2360
5708 3457 2251 2962 2746
5857 3489 2368 3007 2850
5592 3335 2257 2859 2733
5012 3031 1981 2606 2406
4998 3028 1970 2587 2411
5397 3306 2091 2877 2520
5376 3274 2102 2830 2546
4932 2962 1970 2530 2402
5392 3274 2118 2807 2585
5370 3207 2163 2792 2578
5166 3116 2050 2666 2500
4873 2869 2004 2451 2422
5214 3167 2047 2724 2490
5211 3111 2100 2687 2524
5180 3122 2058 2668 2512
5061 3045 2016 2645 2416
5242 3132 2110 2718 2524
4780 2906 1874 2497 2283
5322 3193 2129 2756 2566
5184 3183 2001 2722 2462
5232 3138 2094 2674 2558
5290 3216 2074 2789 2501
5001 3053 1948 2643 2358
5311 3216 2095 2766 2545
5126 3093 2033 2661 2465
5340 3272 2068 2816 2524
5124 3139 1985 2736 2388
5070 3071 1999 2638 2432
5324 3233 2091 2772 2552
5280 3145 2135 2704 2576
5598 3365 2233 2891 2707
5150 3065 2085 2600 2550
5032 3052 1980 2635 2397
5175 3110 2065 2718 2457
5219 3177 2042 2749 2470
4939 2989 1950 2569 2370
5381 3190 2191 2741 2640
5351 3219 2132 2770 2581
5395 3255 2140 2780 2615
5159 3157 2002 2709 2450
5110 3081 2029 2653 2457
5503 3312 2191 2859 2644
5551 3288 2263 2863 2688
5373 3238 2135 2786 2587
5512 3298 2214 2837 2675
5475 3310 2165 2908 2567
5154 3189 1965 2774 2380
5276 3232 2044 2803 2473
5755 3462 2293 2981 2774
5379 3217 2162 2791 2588
5245 3235 2010 2816 2429
4786 2906 1880 2505 2281
5397 3313 2084 2841 2556
5654 3455 2199 2967 2687
5132 3103 2029 2690 2442
5155 3071 2084 2637 2518
5333 3229 2104 2771 2562
5336 3285 2051 2816 2520
5416 3295 2121 2846 2570
5006 2992 2014 2588 2418
5101 3050 2051 2652 2449
5316 3190 2126 2746 2570
5331 3217 2114 2770 2561
5131 3042 2089 2587 2544
5193 3138 2055 2712 2481
5305 3196 2109 2765 2540
5642 3377 2265 2935 2707
5025 3029 1996 2604 2421
4945 2964 1981 2560 2385
5200 3192 2008 2775 2425
5339 3190 2149 2749 2590
5320 3198 2122 2754 2566
5159 3072 2087 2657 2502
4827 2897 1930 2478 2349
5726 3498 2228 2984 2742
5345 3243 2102 2777 2568
4906 3012 1894 2619 2287
4535 2758 1777 2364 2171
5057 3082 1975 2699 2358
5250 3191 2059 2747 2503
5446 3325 2121 2839 2607
4837 2983 1854 2542 2295
5086 3064 2022 2610 2476
5425 3261 2164 2811 2614
5162 3140 2022 2706 2456
5206 3112 2094 2699 2507
5063 3047 2016 2610 2453
5103 3088 2015 2655 2448
5105 3057 2048 2646 2459
5248 3213 2035 2785 2463
4922 2988 1934 2587 2335
5321 3210 2111 2787 2534
4983 2949 2034 2559 2424
5302 3219 2083 2779 2523
5042 3086 1956 2660 2382
5306 3228 2078 2792 2514
5043 3009 2034 2595 2448
5561 3464 2097 2979 2582
5242 3191 2051 2746 2496
4957 3068 1889 2661 2296
5158 3106 2052 2659 2499
4815 2931 1884 2540 2275
5112 3117 1995 2681 2431
5259 3110 2149 2666 2593
5386 3258 2128 2781 2605
4930 3032 1898 2600 2330
5235 3133 2102 2674 2561
5474 3313 2161 2849 2625
5298 3190 2108 2742 2556
5563 3365 2198 2903 2660
5098 3050 2048 2591 2507
4838 2952 1886 2539 2299
5156 3131 2025 2706 2450
5350 3277 2073 2852 2498
5015 3027 1988 2581 2434
5428 3321 2107 2898 2530
4982 3032 1950 2653 2329
5297 3223 2074 2770 2527
5419 3257 2162 2787 2632
5076 3098 1978 2667 2409
5045 3082 1963 2655 2390
5403 3241 2162 2768 2635
4956 3026 1930 2604 2352
5140 3113 2027 2701 2439
5014 3079 1935 2639 2375
5433 3279 2154 2814 2619
5129 3130 1999 2664 2465
5319 3194 2125 2757 2562
5404 3267 2137 2838 2566
5280 3227 2053 2782 2498
5600 3329 2271 2883 2717
5272 3206 2066 2749 2523
5465 3234 2231 2764 2701
4659 2883 1776 2471 2188
5002 3034 1968 2643 2359
5337 3194 2143 2729 2608
4756 2855 1901 2453 2303
5279 3135 2144 2644 2635
5045 3083 1962 2624 2421
4917 2959 1958 2561 2356
4867 2963 1904 2541 2326
5144 3122 2022 2714 2430
4885 2900 1985 2517 2368
5329 3272 2057 2804 2525
5088 3094 1994 2671 2417
5029 3021 2008 2573 2456
4994 3052 1942 2626 2368
5226 3230 1996 2786 2440
5267 3208 2059 2766 2501
5246 3161 2085 2754 2492
5162 3121 2041 2708 2454
4995 3009 1986 2571 2424
5076 3087 1989 2673 2403
4926 2957 1969 2582 2344
5277 3198 2079 2762 2515
4950 3041 1909 2626 2324
4951 2976 1975 2538 2413
5203 3140 2063 2687 2516
5567 3387 2180 2906 2661
5266 3197 2069 2764 2502
5557 3309 2248 2845 2712
5518 3290 2228 2847 2671
5307 3216 2091 2795 2512
5165 3203 1962 2763 2402
5147 3093 2054 2649 2498
5298 3175 2123 2728 2570
5089 3043 2046 2593 2496
4762 2921 1841 2526 2236
5364 3240 2124 2819 2545
4887 2969 1918 2571 2316
5358 3233 2125 2764 2594
5231 3130 2101 2692 2539
5357 3243 2114 2791 2566
5041 3005 2036 2606 2435
5247 3157 2090 2738 2509
5483 3353 2130 2902 2581
4949 3018 1931 2614 2335
5128 3109 2019 2684 2444
5310 3207 2103 2755 2555
4860 2857 2003 2441 2419
5293 3193 2100 2748 2545
4988 2964 2024 2528 2460
5261 3173 2088 2710 2551
5319 3227 2092 2759 2560
5064 3100 1964 2706 2358
4901 2965 1936 2560 2341
4975 3002 1973 2618 2357
4852 2943 1909 2535 2317
5354 3219 2135 2759 2595
5503 3293 2210 2850 2653
5281 3201 2080 2791 2490
5095 3058 2037 2616 2479
5022 3007 2015 2589 2433
5000 3006 1994 2575 2425
4836 2940 1896 2551 2285
5018 3029 1989 2619 2399
4974 2974 2000 2554 2420
5428 3272 2156 2821 2607
5007 2987 2020 2553 2454
4820 2926 1894 2524 2296
5147 3142 2005 2714 2433
5302 3203 2099 2748 2554
5277 3210 2067 2747 2530
5545 3456 2089 3008 2537
4972 2984 1988 2538 2434
5350 3219 2131 2768 2582
4886 2957 1929 2530 2356
5343 3187 2156 2734 2609
4823 3051 1772 2610 2213
5266 3192 2074 2749 2517
5139 3105 2034 2624 2515
5183 3115 2068 2674 2509
4990 3026 1964 2636 2354
5199 3136 2063 2737 2462
5214 3191 2023 2739 2475
5165 3135 2030 2716 2449
5644 3425 2219 2970 2674
5101 3099 2002 2640 2461
5876 3565 2311 3056 2820
4958 3049 1909 2655 2303
5192 3129 2063 2699 2493
4439 2639 1800 2283 2156
5146 3108 2038 2704 2442
5172 3172 2000 2696 2476
5199 3191 2008 2746 2453
5243 3152 2091 2683 2560
5056 3054 2002 2609 2447
5292 3184 2108 2737 2555
4911 2987 1924 2617 2294
5554 3390 2164 2891 2663
5148 3175 1973 2713 2435
4955 2988 1967 2570 2385
5199 3118 2081 2659 2540
5268 3136 2132 2726 2542
5039 3055 1984 2641 2398
5342 3248 2094 2796 2546
4745 2828 1917 2435 2310
4663 2765 1898 2371 2292
5088 3030 2058 2620 2468
4774 2850 1924 2443 2331
5007 3018 1989 2635 2372
5146 3061 2085 2663 2483
5129 3051 2078 2631 2498
5303 3179 2124 2736 2567
5453 3327 2126 2888 2565
5086 3064 2022 2687 2399
5176 3169 2007 2728 2448
5347 3139 2208 2703 2644
5139 3127 2012 2684 2455
5065 3052 2013 2678 2387
4848 2959 1889 2572 2276
5270 3206 2064 2774 2496
5067 3166 1901 2755 2312
5041 3065 1976 2645 2396
4860 2934 1926 2523 2337
5484 3326 2158 2881 2603
5153 3158 1995 2708 2445
5391 3248 2143 2780 2611
5303 3159 2144 2740 2563
4621 2803 1818 2384 2237
5063 3053 2010 2633 2430
5206 3111 2095 2712 2494
5788 3519 2269 3025 2763
5180 3120 2060 2680 2500
4638 2790 1848 2388 2250
4928 3005 1923 2596 2332
4999 3056 1943 2635 2364
5005 3030 1975 2604 2401
5223 3227 1996 2778 2445
5117 3035 2082 2580 2537
5068 3036 2032 2624 2444
5182 3086 2096 2650 2532
4951 2954 1997 2531 2420
5440 3266 2174 2797 2643
4822 2922 1900 2511 2311
4832 2942 1890 2554 2278
5632 3431 2201 2977 2655
5208 3225 1983 2793 2415
4971 2989 1982 2574 2397
5088 3089 1999 2680 2408
5201 3175 2026 2722 2479
5443 3243 2200 2801 2642
5529 3354 2175 2856 2673
5429 3262 2167 2821 2608
5711 3398 2313 2924 2787
5373 3268 2105 2809 2564
5349 3190 2159 2723 2626
4928 2990 1938 2588 2340
5287 3154 2133 2693 2594
5181 3140 2041 2692 2489
5262 3121 2141 2684 2578
5306 3207 2099 2798 2508
5388 3288 2100 2829 2559
5294 3195 2099 2744 2550
5186 3127 2059 2716 2470
5122 3091 2031 2665 2457
5086 3073 2013 2658 2428
4801 2926 1875 2585 2216
5058 3061 1997 2674 2384
4832 2942 1890 2499 2333
5121 3103 2018 2686 2435
4962 2985 1977 2573 2389
5040 3029 2011 2616 2424
4740 2812 1928 2384 2356
5121 3101 2020 2683 2438
5280 3171 2109 2736 2544
5001 2951 2050 2537 2464
5257 3156 2101 2725 2532
5110 3091 2019 2647 2463
5556 3357 2199 2899 2657
4997 2983 2014 2562 2435
5351 3227 2124 2766 2585
5120 3108 2012 2660 2460
5134 3079 2055 2640 2494
4884 2937 1947 2505 2379
5094 3093 2001 2642 2452
5143 3116 2027 2708 2435
4852 3013 1839 2587 2265
5321 3180 2141 2750 2571
5286 3239 2047 2779 2507
5158 3035 2123 2631 2527
5071 3141 1930 2690 2381
5297 3196 2101 2768 2529
5265 3194 2071 2766 2499
5102 3138 1964 2730 2372
4985 2964 2021 2570 2415
4985 3000 1985 2568 2417
5558 3374 2184 2898 2660
5298 3197 2101 2746 2552
5012 3079 1933 2659 2353
5381 3184 2197 2731 2650
5184 3102 2082 2666 2518
4944 2986 1958 2530 2414
5111 3070 2041 2622 2489
4921 2949 1972 2536 2385
4984 3119 1865 2692 2292
5250 3146 2104 2765 2485
5305 3227 2078 2759 2546
5387 3211 2176 2756 2631
5010 3059 1951 2612 2398
5169 3061 2108 2609 2560
5228 3159 2069 2702 2526
5155 3180 1975 2772 2383
5370 3280 2090 2835 2535
4793 2865 1928 2462 2331
4840 2906 1934 2489 2351
5042 3062 1980 2678 2364
5481 3201 2280 2749 2732
5222 3093 2129 2683 2539
4941 3007 1934 2585 2356
5135 3108 2027 2650 2485
5243 3148 2095 2722 2521
5172 3164 2008 2695 2477
5590 3406 2184 2917 2673
5435 3273 2162 2810 2625
5198 3058 2140 2634 2564
5437 3333 2104 2889 2548
5353 3158 2195 2703 2650
5204 3203 2001 2737 2467
5085 3051 2034 2628 2457
5270 3248 2022 2847 2423
5088 3069 2019 2666 2422
5271 3181 2090 2723 2548
5435 3305 2130 2870 2565
5214 3118 2096 2661 2553
5193 3173 2020 2721 2472
5584 3367 2217 2881 2703
5412 3265 2147 2827 2585
5051 3079 1972 2639 2412
5024 3035 1989 2570 2454
4994 3007 1987 2601 2393
5312 3116 2196 2703 2609
4983 2994 1989 2563 2420
5172 3097 2075 2675 2497
5208 3139 2069 2708 2500
4915 3004 1911 2604 2311
4942 3014 1928 2568 2374
5361 3233 2128 2792 2569
5236 3190 2046 2771 2465
4824 2942 1882 2565 2259
5306 3197 2109 2768 2538
5099 3129 1970 2686 2413
4946 2943 2003 2530 2416
5481 3272 2209 2822 2659
5326 3302 2024 2834 2492
5494 3341 2153 2876 2618
4944 2997 1947 2593 2351
4895 2971 1924 2563 2332
4763 2809 1954 2429 2334
5369 3287 2082 2794 2575
4704 2783 1921 2400 2304
5181 3081 2100 2655 2526
5076 3042 2034 2631 2445
5255 3203 2052 2776 2479
4985 3035 1950 2621 2364
4969 2965 2004 2573 2396
5031 3076 1955 2692 2339
4676 2837 1839 2457 2219
4819 2959 1860 2529 2290
5200 3141 2059 2713 2487
4849 2850 1999 2426 2423
5144 3089 2055 2630 2514
5353 3233 2120 2774 2579
5040 3019 2021 2610 2430
5152 3125 2027 2682 2470
5282 3194 2088 2736 2546
4757 2873 1884 2468 2289
4802 2885 1917 2478 2324
4693 2845 1848 2433 2260
5182 3141 2041 2684 2498
5268 3198 2070 2758 2510
5047 3051 1996 2628 2419
5378 3303 2075 2833 2545
5240 3157 2083 2734 2506
4979 2996 1983 2580 2399
5428 3346 2082 2871 2557
4886 2960 1926 2532 2354
4913 3032 1881 2621 2292
5074 3063 2011 2635 2439
5079 3057 2022 2656 2423
4865 3012 1853 2576 2289
5045 3042 2003 2644 2401
5078 3033 2045 2628 2450
5190 3194 1996 2730 2460
5255 3176 2079 2739 2516
5359 3315 2044 2874 2485
4935 2974 1961 2560 2375
5267 3176 2091 2723 2544
5197 3143 2054 2718 2479
5202 3123 2079 2678 2524
5012 3005 2007 2575 2437
4995 3013 1982 2595 2400
5168 3141 2027 2719 2449
5522 3337 2185 2842 2680
4969 3103 1866 2668 2301
5151 3079 2072 2635 2516
5241 3203 2038 2768 2473
4825 2940 1885 2511 2314
4994 2991 2003 2616 2378
4990 3032 1958 2642 2348
5274 3171 2103 2716 2558
4931 2943 1988 2523 2408
4935 2988 1947 2556 2379
4772 2873 1899 2471 2301
4925 3024 1901 2602 2323
4670 2851 1819 2432 2238
5153 3128 2025 2689 2464
5221 3133 2088 2664 2557
5362 3247 2115 2802 2560
5194 3113 2081 2666 2528
5000 3033 1967 2616 2384
5263 3211 2052 2776 2487
4906 2980 1926 2563 2343
5572 3379 2193 2909 2663
5172 3065 2107 2650 2522
4835 2941 1894 2507 2328
5028 2999 2029 2595 2433
5590 3369 2221 2878 2712
5029 3016 2013 2585 2444
4694 2861 1833 2446 2248
4853 2895 1958 2479 2374
4909 2983 1926 2559 2350
4947 2932 2015 2569 2378
5260 3117 2143 2708 2552
4927 3014 1913 2579 2348
5000 3060 1940 2612 2388
4949 3007 1942 2613 2336
5147 3111 2036 2676 2471
5616 3367 2249 2897 2719
5057 3105 1952 2670 2387
5120 3133 1987 2696 2424
5276 3162 2114 2730 2546
4559 2793 1766 2442 2117
5137 3102 2035 2656 2481
4981 2986 1995 2558 2423
4832 2948 1884 2527 2305
5376 3287 2089 2818 2558
4961 2937 2024 2500 2461
5271 3219 2052 2789 2482
4934 2922 2012 2531 2403
5012 3025 1987 2616 2396
4948 2993 1955 2586 2362
5126 3075 2051 2626 2500
5111 3119 1992 2687 2424
5241 3174 2067 2767 2474
4766 2850 1916 2435 2331
5120 3111 2009 2668 2452
5039 3092 1947 2683 2356
5588 3346 2242 2888 2700
5244 3197 2047 2751 2493
5887 3564 2323 3043 2844
5425 3287 2138 2822 2603
5522 3285 2237 2807 2715
5284 3235 2049 2780 2504
5171 3130 2041 2679 2492
5099 3089 2010 2691 2408
5346 3238 2108 2770 2576
5019 3050 1969 2642 2377
5809 3552 2257 3039 2770
4782 2885 1897 2476 2306
5014 2999 2015 2601 2413
5069 3091 1978 2676 2393
5157 3127 2030 2698 2459
5440 3287 2153 2857 2583
4781 2833 1948 2430 2351
4655 2825 1830 2412 2243
5328 3317 2011 2814 2514
4874 2938 1936 2536 2338
5152 3128 2024 2669 2483
5346 3293 2053 2812 2534
5338 3149 2189 2720 2618
5241 3130 2111 2645 2596
4948 2999 1949 2591 2357
5264 3218 2046 2770 2494
5453 3278 2175 2807 2646
5057 3018 2039 2628 2429
5092 3091 2001 2674 2418
5269 3117 2152 2701 2568
5270 3191 2079 2709 2561
5411 3282 2129 2817 2594
5086 3041 2045 2647 2439
5149 3076 2073 2662 2487
4745 2902 1843 2494 2251
5985 3630 2355 3129 2856
5413 3272 2141 2791 2622
5417 3204 2213 2750 2667
4972 3004 1968 2577 2395
4975 2965 2010 2541 2434
4884 3002 1882 2606 2278
5416 3246 2170 2813 2603
5027 3041 1986 2628 2399
5202 3144 2058 2737 2465
4754 2876 1878 2464 2290
5130 3076 2054 2637 2493
5334 3182 2152 2745 2589
4697 2857 1840 2456 2241
5157 3114 2043 2678 2479
5230 3121 2109 2726 2504
5090 3049 2041 2618 2472
5091 3052 2039 2644 2447
5103 3112 1991 2667 2436
5173 3109 2064 2687 2486
5657 3391 2266 2941 2716
4976 2989 1987 2590 2386
5262 3197 2065 2752 2510
5445 3244 2201 2823 2622
5031 3021 2010 2608 2423
5382 3284 2098 2840 2542
5180 3160 2020 2695 2485
5374 3287 2087 2815 2559
5233 3126 2107 2696 2537
5430 3265 2165 2805 2625
5370 3223 2147 2774 2596
5185 3119 2066 2682 2503
5078 3073 2005 2647 2431
5895 3630 2265 3127 2768
4942 3002 1940 2607 2335
5171 3067 2104 2630 2541
5055 3018 2037 2569 2486
5097 3025 2072 2611 2486
5019 3016 2003 2600 2419
4893 2950 1943 2562 2331
4784 2857 1927 2429 2355
5716 3407 2309 2946 2770
4941 2967 1974 2596 2345
5485 3291 2194 2804 2681
5122 3119 2003 2678 2444
5133 3148 1985 2685 2448
5302 3196 2106 2783 2519
5457 3293 2164 2815 2642
4868 2920 1948 2520 2348
4901 2932 1969 2520 2381
5321 3192 2129 2785 2536
5169 3173 1996 2751 2418
5400 3278 2122 2838 2562
5002 2955 2047 2529 2473
5010 3000 2010 2584 2426
5356 3210 2146 2746 2610
4868 2919 1949 2511 2357
5170 3108 2062 2714 2456
4704 2885 1819 2513 2191
5140 3110 2030 2669 2471
5384 3268 2116 2792 2592
5145 3093 2052 2653 2492
5130 3168 1962 2714 2416
5186 3106 2080 2670 2516
4748 2816 1932 2406 2342
4757 2851 1906 2458 2299
5392 3265 2127 2847 2545
4942 2932 2010 2519 2423
5160 3071 2089 2635 2525
4809 2870 1939 2503 2306
4979 3009 1970 2566 2413
5078 3055 2023 2623 2455
5103 3074 2029 2634 2469
5224 3180 2044 2736 2488
5182 3125 2057 2696 2486
5247 3115 2132 2681 2566
5227 3142 2085 2708 2519
5107 3089 2018 2662 2445
5405 3282 2123 2815 2590
5695 3485 2210 2993 2702
4995 2938 2057 2538 2457
4998 3026 1972 2602 2396
4985 3082 1903 2675 2310
5194 3196 1998 2729 2465
4855 2979 1876 2567 2288
5506 3319 2187 2857 2649
5371 3249 2122 2806 2565
5525 3263 2262 2823 2702
5236 3162 2074 2753 2483
5263 3205 2058 2785 2478
5022 2978 2044 2555 2467
5265 3161 2104 2728 2537
5084 3058 2026 2615 2469
4918 2970 1948 2567 2351
5130 3144 1986 2737 2393
5457 3250 2207 2817 2640
5106 3030 2076 2613 2493
5622 3378 2244 2903 2719
5198 3115 2083 2668 2530
5293 3219 2074 2754 2539
5141 3077 2064 2641 2500
5091 3047 2044 2631 2460
5452 3272 2180 2799 2653
5201 3095 2106 2643 2558
5312 3251 2061 2784 2528
4928 2980 1948 2573 2355
5205 3059 2146 2651 2554
4619 2812 1807 2419 2200
5591 3408 2183 2918 2673
4831 2983 1848 2556 2275
4978 3008 1970 2599 2379
4905 2973 1932 2587 2318
5114 3109 2005 2666 2448
5002 2960 2042 2562 2440
5109 3074 2035 2647 2462
5169 3096 2073 2670 2499
5119 3046 2073 2620 2499
5135 3078 2057 2636 2499
5264 3185 2079 2741 2523
5225 3165 2060 2719 2506
5150 3071 2079 2646 2504
4946 2919 2027 2553 2393
5398 3270 2128 2807 2591
5212 3142 2070 2706 2506
5235 3165 2070 2712 2523
5363 3254 2109 2799 2564
5160 3156 2004 2709 2451
5280 3169 2111 2754 2526
5291 3270 2021 2841 2450
5080 2993 2087 2541 2539
4887 3044 1843 2639 2248
5294 3191 2103 2765 2529
5509 3343 2166 2887 2622
5564 3407 2157 2943 2621
4962 2961 2001 2541 2421
5241 3243 1998 2819 2422
5267 3115 2152 2626 2641
5098 3041 2057 2647 2451
5282 3228 2054 2812 2470
5464 3341 2123 2913 2551
5047 3083 1964 2653 2394
5420 3258 2162 2807 2613
4957 3040 1917 2607 2350
5152 3076 2076 2618 2534
5188 3139 2049 2704 2484
5237 3092 2145 2677 2560
5389 3281 2108 2799 2590
5908 3583 2325 3069 2839
5171 3137 2034 2746 2425
4881 2962 1919 2581 2300
5453 3265 2188 2760 2693
5112 3060 2052 2636 2476
5059 3087 1972 2627 2432
4751 2873 1878 2474 2277
5478 3323 2155 2885 2593
4925 2975 1950 2591 2334
5159 3125 2034 2651 2508
4662 2773 1889 2360 2302
5066 3091 1975 2674 2392
4995 2985 2010 2592 2403
5392 3289 2103 2824 2568
4965 3029 1936 2635 2330
5198 3107 2091 2658 2540
5320 3142 2178 2734 2586
5095 3063 2032 2631 2464
5316 3198 2118 2733 2583
5175 3152 2023 2658 2517
5286 3272 2014 2832 2454
5089 3066 2023 2672 2417
5065 3024 2041 2564 2501
5381 3220 2161 2792 2589
5081 3082 1999 2631 2450
5412 3279 2133 2856 2556
5320 3224 2096 2786 2534
5202 3142 2060 2701 2501
5178 3077 2101 2652 2526
5121 3130 1991 2725 2396
4930 2963 1967 2538 2392
5388 3220 2168 2770 2618
5680 3429 2251 2952 2728
5425 3243 2182 2797 2628
5088 3053 2035 2626 2462
4794 2903 1891 2501 2293
5484 3308 2176 2836 2648
5093 3116 1977 2657 2436
5221 3160 2061 2739 2482
5513 3340 2173 2863 2650
5049 3050 1999 2597 2452
4815 2907 1908 2482 2333
5821 3556 2265 3085 2736
5173 3134 2039 2706 2467
4917 3053 1864 2624 2293
5373 3258 2115 2828 2545
5526 3376 2150 2891 2635
5675 3422 2253 2926 2749
5248 3169 2079 2741 2507
5466 3270 2196 2826 2640
5168 3195 1973 2782 2386
5180 3193 1987 2773 2407
5023 3036 1987 2614 2409
5231 3170 2061 2750 2481
4976 3019 1957 2595 2381
5055 3093 1962 2657 2398
5168 3109 2059 2693 2475
5309 3187 2122 2779 2530
5220 3121 2099 2668 2552
4865 2950 1915 2544 2321
5231 3201 2030 2734 2497
5111 3078 2033 2632 2479
5408 3285 2123 2839 2569
5044 3047 1997 2610 2434
5157 3059 2098 2647 2510
5717 3434 2283 2923 2794
5102 3012 2090 2616 2486
5220 3138 2082 2716 2504
5353 3185 2168 2737 2616
5120 3079 2041 2632 2488
5017 3054 1963 2670 2347
5313 3152 2161 2727 2586
5173 3128 2045 2707 2466
5291 3167 2124 2716 2575
5111 3021 2090 2606 2505
5314 3245 2069 2781 2533
5299 3112 2187 2670 2629
5589 3435 2154 2987 2602
5049 3031 2018 2595 2454
5099 3028 2071 2627 2472
5487 3257 2230 2760 2727
5073 3073 2000 2663 2410
5092 3065 2027 2660 2432
4889 2961 1928 2534 2355
5358 3256 2102 2823 2535
5161 3127 2034 2681 2480
4982 2969 2013 2554 2428
4950 2960 1990 2583 2367
5541 3380 2161 2915 2626
5330 3262 2068 2777 2553
5197 3129 2068 2705 2492
4808 2933 1875 2514 2294
5100 3051 2049 2618 2482
