5578 4343 1235 4224 1354
5442 4273 1169 4182 1260
5595 4357 1238 4242 1353
5448 4278 1170 4172 1276
5562 4295 1267 4203 1359
5466 4241 1225 4146 1320
5536 4362 1174 4275 1261
5408 4236 1172 4129 1279
5419 4173 1246 4074 1345
5330 4130 1200 4027 1303
5340 4149 1191 4046 1294
5430 4276 1154 4172 1258
5718 4430 1288 4289 1429
5811 4543 1268 4415 1396
5383 4213 1170 4104 1279
5519 4337 1182 4222 1297
5451 4287 1164 4178 1273
5300 4130 1170 4028 1272
5633 4402 1231 4261 1372
5333 4154 1179 4062 1271
5221 4091 1130 3984 1237
5519 4371 1148 4246 1273
5610 4366 1244 4272 1338
5044 3919 1125 3820 1224
5579 4391 1188 4280 1299
5613 4394 1219 4284 1329
5790 4516 1274 4415 1375
5136 4022 1114 3914 1222
5131 3944 1187 3822 1309
5626 4362 1264 4241 1385
5698 4441 1257 4322 1376
5684 4423 1261 4316 1368
5319 4138 1181 4016 1303
5425 4269 1156 4163 1262
5316 4066 1250 3955 1361
5799 4528 1271 4420 1379
5393 4183 1210 4065 1328
5256 4117 1139 4028 1228
4981 3917 1064 3833 1148
5139 3989 1150 3888 1251
5323 4125 1198 4021 1302
5399 4207 1192 4106 1293
5277 4120 1157 4021 1256
5590 4431 1159 4320 1270
5355 4177 1178 4049 1306
5853 4574 1279 4455 1398
5252 4129 1123 4025 1227
5545 4299 1246 4184 1361
5453 4267 1186 4143 1310
5520 4331 1189 4200 1320
5255 4104 1151 3982 1273
5195 4021 1174 3902 1293
5207 4058 1149 3943 1264
5686 4458 1228 4344 1342
5468 4285 1183 4171 1297
5366 4155 1211 4050 1316
5033 3876 1157 3766 1267
5456 4253 1203 4160 1296
5177 4094 1083 3964 1213
5285 4072 1213 3966 1319
5099 4012 1087 3900 1199
5120 3974 1146 3884 1236
5301 4143 1158 4059 1242
5269 4124 1145 4008 1261
5135 4000 1135 3898 1237
4837 3781 1056 3684 1153
5119 4020 1099 3904 1215
5166 3965 1201 3866 1300
4846 3816 1030 3725 1121
5491 4309 1182 4207 1284
5221 4013 1208 3900 1321
4685 3632 1053 3533 1152
4924 3915 1009 3813 1111
5166 4090 1076 3998 1168
5114 3992 1122 3876 1238
5493 4217 1276 4099 1394
4966 3895 1071 3787 1179
4872 3783 1089 3683 1189
5029 3895 1134 3793 1236
4847 3767 1080 3673 1174
4809 3733 1076 3627 1182
4931 3826 1105 3717 1214
4973 3955 1018 3845 1128
5008 3943 1065 3839 1169
5155 4055 1100 3947 1208
5478 4265 1213 4161 1317
5222 4095 1127 3968 1254
4961 3912 1049 3804 1157
5420 4248 1172 4140 1280
5381 4204 1177 4098 1283
5076 3972 1104 3873 1203
5177 4027 1150 3941 1236
5075 3991 1084 3890 1185
5253 4142 1111 4040 1213
5151 4005 1146 3904 1247
5015 3895 1120 3793 1222
5041 3946 1095 3831 1210
5185 4020 1165 3917 1268
4951 3872 1079 3783 1168
5324 4199 1125 4067 1257
4974 3889 1085 3778 1196
4925 3863 1062 3739 1186
4876 3783 1093 3684 1192
5090 4006 1084 3909 1181
5633 4418 1215 4306 1327
4856 3830 1026 3742 1114
5134 4056 1078 3973 1161
4780 3707 1073 3605 1175
5161 4018 1143 3918 1243
4994 3898 1096 3811 1183
5369 4188 1181 4068 1301
5113 4010 1103 3916 1197
5288 4125 1163 4019 1269
5018 3899 1119 3798 1220
5518 4309 1209 4186 1332
5431 4248 1183 4113 1318
5081 3938 1143 3853 1228
5376 4170 1206 4052 1324
4724 3671 1053 3590 1134
5071 3991 1080 3897 1174
4931 3828 1103 3726 1205
4915 3834 1081 3719 1196
4899 3812 1087 3709 1190
5107 4011 1096 3892 1215
4982 3886 1096 3779 1203
4767 3715 1052 3625 1142
5056 3921 1135 3817 1239
5229 4093 1136 3992 1237
5449 4233 1216 4118 1331
5343 4212 1131 4105 1238
5158 4044 1114 3935 1223
5612 4454 1158 4344 1268
5231 4109 1122 3999 1232
5079 3971 1108 3879 1200
5324 4118 1206 4026 1298
5066 3949 1117 3864 1202
4980 3819 1161 3722 1258
5241 4123 1118 4003 1238
5271 4126 1145 4000 1271
5209 4103 1106 3997 1212
5046 3929 1117 3826 1220
4935 3856 1079 3756 1179
5208 4109 1099 4000 1208
5020 3912 1108 3805 1215
4963 3912 1051 3813 1150
5449 4239 1210 4128 1321
5082 3985 1097 3869 1213
5101 4024 1077 3900 1201
5368 4183 1185 4068 1300
5398 4250 1148 4131 1267
5538 4327 1211 4218 1320
5630 4397 1233 4288 1342
5580 4331 1249 4209 1371
4948 3850 1098 3746 1202
5483 4253 1230 4155 1328
5393 4216 1177 4108 1285
5562 4413 1149 4297 1265
5819 4510 1309 4391 1428
5704 4450 1254 4321 1383
5538 4291 1247 4184 1354
5517 4304 1213 4178 1339
5667 4423 1244 4298 1369
5529 4313 1216 4197 1332
5479 4289 1190 4181 1298
5807 4564 1243 4432 1375
4794 3761 1033 3678 1116
5452 4255 1197 4148 1304
5353 4129 1224 4009 1344
5531 4323 1208 4204 1327
4828 3768 1060 3673 1155
5733 4445 1288 4329 1404
5652 4414 1238 4289 1363
5836 4583 1253 4470 1366
5237 4085 1152 3980 1257
5111 3963 1148 3834 1277
5785 4550 1235 4408 1377
5384 4262 1122 4166 1218
5484 4286 1198 4161 1323
5414 4226 1188 4092 1322
5722 4471 1251 4345 1377
5795 4519 1276 4393 1402
4666 3689 977 3587 1079
5504 4295 1209 4195 1309
5533 4396 1137 4299 1234
5123 3996 1127 3894 1229
5336 4145 1191 4021 1315
5145 4031 1114 3924 1221
5517 4299 1218 4191 1326
5064 3923 1141 3829 1235
4959 3867 1092 3775 1184
5855 4554 1301 4433 1422
5335 4132 1203 4028 1307
5415 4247 1168 4131 1284
4940 3810 1130 3709 1231
5043 3961 1082 3868 1175
5103 4010 1093 3910 1193
5167 3991 1176 3878 1289
5366 4224 1142 4119 1247
5005 3883 1122 3785 1220
5349 4190 1159 4094 1255
5891 4581 1310 4446 1445
5123 4007 1116 3891 1232
5630 4392 1238 4267 1363
5565 4356 1209 4239 1326
5616 4379 1237 4251 1365
5154 3971 1183 3859 1295
5389 4180 1209 4067 1322
5562 4342 1220 4237 1325
4829 3761 1068 3663 1166
5005 3950 1055 3857 1148
5022 3905 1117 3810 1212
5496 4266 1230 4130 1366
5633 4469 1164 4354 1279
5403 4186 1217 4077 1326
5295 4074 1221 3939 1356
5367 4162 1205 4065 1302
5037 3990 1047 3885 1152
4992 3895 1097 3796 1196
5242 4032 1210 3914 1328
5511 4297 1214 4176 1335
5287 4143 1144 4044 1243
5017 3844 1173 3733 1284
5063 3915 1148 3804 1259
5499 4284 1215 4174 1325
5345 4162 1183 4057 1288
5186 4039 1147 3924 1262
5273 4094 1179 3986 1287
5382 4191 1191 4102 1280
5441 4228 1213 4110 1331
5180 4070 1110 3974 1206
5121 3963 1158 3846 1275
4714 3635 1079 3539 1175
5082 3970 1112 3857 1225
5167 4010 1157 3900 1267
5566 4294 1272 4173 1393
5169 4018 1151 3904 1265
5435 4235 1200 4130 1305
4910 3819 1091 3723 1187
5708 4420 1288 4284 1424
5857 4551 1306 4434 1423
5592 4395 1197 4286 1306
5012 3935 1077 3854 1158
4998 3908 1090 3794 1204
5397 4206 1191 4100 1297
5376 4227 1149 4100 1276
4932 3830 1102 3745 1187
5392 4215 1177 4103 1289
5370 4176 1194 4059 1311
5166 4075 1091 3967 1199
4873 3786 1087 3666 1207
5214 4035 1179 3911 1303
5211 4046 1165 3952 1259
5180 4026 1154 3918 1262
5061 3957 1104 3837 1224
5242 4110 1132 4002 1240
4780 3754 1026 3663 1117
5322 4176 1146 4068 1254
5184 4058 1126 3945 1239
5232 4079 1153 3960 1272
5290 4121 1169 4010 1280
5001 3895 1106 3793 1208
5311 4105 1206 3998 1313
5126 4062 1064 3969 1157
5340 4161 1179 4050 1290
5124 4049 1075 3943 1181
5070 3947 1123 3834 1236
5324 4110 1214 4020 1304
5280 4150 1130 4048 1232
5598 4389 1209 4267 1331
5150 4026 1124 3922 1228
5032 3890 1142 3808 1224
5175 4028 1147 3935 1240
5219 4072 1147 3960 1259
4939 3923 1016 3815 1124
5381 4206 1175 4087 1294
5351 4128 1223 4035 1316
5395 4171 1224 4057 1338
5159 4001 1158 3896 1263
5110 4001 1109 3890 1220
5503 4301 1202 4198 1305
5551 4301 1250 4200 1351
5373 4206 1167 4103 1270
5512 4309 1203 4194 1318
5475 4204 1271 4091 1384
5154 4045 1109 3928 1226
5276 4089 1187 3988 1288
5755 4577 1178 4467 1288
5379 4186 1193 4067 1312
5245 4057 1188 3947 1298
4786 3796 990 3707 1079
5397 4221 1176 4104 1293
5654 4420 1234 4315 1339
5132 3994 1138 3888 1244
5155 4029 1126 3927 1228
5333 4230 1103 4123 1210
5336 4167 1169 4056 1280
5416 4190 1226 4089 1327
5006 3894 1112 3793 1213
5101 3977 1124 3858 1243
5316 4150 1166 4052 1264
5331 4147 1184 4046 1285
5131 4032 1099 3922 1209
5193 4097 1096 4000 1193
5305 4144 1161 4043 1262
5642 4421 1221 4297 1345
5025 3891 1134 3775 1250
4945 3843 1102 3736 1209
5200 4023 1177 3915 1285
5339 4158 1181 4063 1276
5320 4157 1163 4043 1277
5159 4031 1128 3922 1237
4827 3786 1041 3696 1131
5726 4477 1249 4358 1368
5345 4192 1153 4068 1277
4906 3814 1092 3710 1196
4535 3592 943 3486 1049
5057 3981 1076 3881 1176
5250 4124 1126 4003 1247
5446 4235 1211 4136 1310
4837 3777 1060 3687 1150
5086 4010 1076 3909 1177
5425 4235 1190 4116 1309
5162 4069 1093 3964 1198
5206 4077 1129 3955 1251
5063 3952 1111 3844 1219
5103 3995 1108 3889 1214
5105 4010 1095 3908 1197
5248 4125 1123 4012 1236
4922 3863 1059 3759 1163
5321 4140 1181 4041 1280
4983 3932 1051 3827 1156
5302 4107 1195 3990 1312
5042 3908 1134 3800 1242
5306 4131 1175 4045 1261
5043 3913 1130 3812 1231
5561 4329 1232 4204 1357
5242 4049 1193 3950 1292
4957 3886 1071 3790 1167
5158 4028 1130 3918 1240
4815 3797 1018 3701 1114
5112 4008 1104 3907 1205
5259 4068 1191 3956 1303
5386 4168 1218 4077 1309
4930 3761 1169 3653 1277
5235 4055 1180 3956 1279
5474 4274 1200 4165 1309
5298 4131 1167 4020 1278
5563 4338 1225 4233 1330
5098 3971 1127 3874 1224
4838 3767 1071 3666 1172
5156 4032 1124 3924 1232
5350 4132 1218 4013 1337
5015 3933 1082 3824 1191
5428 4185 1243 4053 1375
4982 3888 1094 3766 1216
5297 4125 1172 4013 1284
5419 4243 1176 4137 1282
5076 3966 1110 3828 1248
5045 3984 1061 3886 1159
5403 4245 1158 4124 1279
4956 3892 1064 3806 1150
5140 4022 1118 3904 1236
5014 3921 1093 3804 1210
5433 4263 1170 4161 1272
5129 4026 1103 3910 1219
5319 4197 1122 4091 1228
5404 4237 1167 4127 1277
5280 4152 1128 4029 1251
5600 4354 1246 4250 1350
5272 4130 1142 4026 1246
5465 4226 1239 4111 1354
4659 3606 1053 3499 1160
5002 3854 1148 3754 1248
5337 4172 1165 4063 1274
4756 3797 959 3701 1055
5279 4138 1141 4035 1244
5045 3931 1114 3821 1224
4917 3807 1110 3700 1217
4867 3799 1068 3696 1171
5144 4002 1142 3882 1262
4885 3836 1049 3724 1161
5329 4159 1170 4039 1290
5088 4033 1055 3907 1181
5029 3889 1140 3788 1241
4994 3934 1060 3841 1153
5226 4134 1092 4033 1193
5267 4117 1150 4023 1244
5246 4128 1118 4017 1229
5162 4005 1157 3910 1252
4995 3907 1088 3801 1194
5076 3943 1133 3844 1232
4926 3821 1105 3721 1205
5277 4155 1122 4041 1236
4950 3869 1081 3774 1176
4951 3863 1088 3760 1191
5203 4002 1201 3892 1311
5567 4359 1208 4251 1316
5266 4127 1139 4019 1247
5557 4354 1203 4257 1300
5518 4344 1174 4226 1292
5307 4110 1197 4001 1306
5165 4012 1153 3885 1280
5147 4031 1116 3921 1226
5298 4081 1217 3978 1320
5089 3946 1143 3835 1254
4762 3661 1101 3568 1194
5364 4118 1246 4037 1327
4887 3807 1080 3698 1189
5358 4214 1144 4104 1254
5231 4031 1200 3928 1303
5357 4207 1150 4091 1266
5041 3922 1119 3803 1238
5247 4092 1155 3992 1255
5483 4231 1252 4122 1361
4949 3883 1066 3779 1170
5128 3983 1145 3868 1260
5310 4173 1137 4063 1247
4860 3749 1111 3637 1223
5293 4136 1157 4032 1261
4988 3907 1081 3801 1187
5261 4135 1126 4032 1229
5319 4080 1239 3974 1345
5064 3946 1118 3829 1235
4901 3868 1033 3791 1110
4975 3858 1117 3755 1220
4852 3763 1089 3672 1180
5354 4179 1175 4043 1311
5503 4222 1281 4121 1382
5281 4137 1144 4033 1248
5095 4000 1095 3898 1197
5022 3910 1112 3818 1204
5000 3886 1114 3804 1196
4836 3775 1061 3687 1149
5018 3939 1079 3819 1199
4974 3876 1098 3765 1209
5428 4264 1164 4156 1272
5007 3922 1085 3813 1194
4820 3768 1052 3666 1154
5147 4044 1103 3948 1199
5302 4157 1145 4044 1258
5277 4124 1153 4026 1251
5545 4318 1227 4219 1326
4972 3849 1123 3749 1223
5350 4185 1165 4092 1258
4886 3831 1055 3737 1149
5343 4109 1234 4003 1340
4823 3778 1045 3663 1160
5266 4099 1167 3989 1277
5139 4001 1138 3901 1238
5183 4072 1111 3970 1213
4990 3932 1058 3823 1167
5199 4087 1112 3983 1216
5214 4054 1160 3941 1273
5165 4024 1141 3927 1238
5644 4354 1290 4262 1382
5101 3984 1117 3873 1228
5876 4564 1312 4435 1441
4958 3843 1115 3737 1221
5192 4081 1111 3988 1204
4439 3434 1005 3344 1095
5146 3995 1151 3898 1248
5172 4055 1117 3948 1224
5199 4069 1130 3945 1254
5243 4093 1150 3978 1265
5056 3970 1086 3882 1174
5292 4115 1177 4010 1282
4911 3770 1141 3660 1251
5554 4328 1226 4211 1343
5148 4036 1112 3941 1207
4955 3820 1135 3694 1261
5199 4028 1171 3918 1281
5268 4133 1135 4026 1242
5039 3924 1115 3813 1226
5342 4151 1191 4037 1305
4745 3703 1042 3617 1128
4663 3647 1016 3558 1105
5088 3957 1131 3873 1215
4774 3716 1058 3623 1151
5007 3878 1129 3773 1234
5146 4041 1105 3934 1212
5129 3987 1142 3870 1259
5303 4149 1154 4041 1262
5453 4254 1199 4157 1296
5086 3971 1115 3860 1226
5176 4060 1116 3954 1222
5347 4122 1225 4007 1340
5139 4032 1107 3923 1216
5065 3926 1139 3831 1234
4848 3774 1074 3665 1183
5270 4109 1161 4000 1270
5067 3994 1073 3895 1172
5041 3914 1127 3818 1223
4860 3827 1033 3718 1142
5484 4279 1205 4164 1320
5153 3978 1175 3878 1275
5391 4179 1212 4077 1314
5303 4171 1132 4071 1232
4621 3603 1018 3520 1101
5063 3934 1129 3826 1237
5206 4058 1148 3952 1254
5788 4536 1252 4416 1372
5180 4077 1103 3978 1202
4638 3621 1017 3520 1118
4928 3860 1068 3764 1164
4999 3877 1122 3759 1240
5005 3900 1105 3815 1190
5223 4016 1207 3918 1305
5117 4015 1102 3922 1195
5068 3946 1122 3867 1201
5182 4068 1114 3946 1236
4951 3844 1107 3723 1228
5440 4272 1168 4181 1259
4822 3766 1056 3668 1154
4832 3789 1043 3690 1142
5632 4395 1237 4283 1349
5208 4039 1169 3941 1267
4971 3873 1098 3780 1191
5088 3990 1098 3878 1210
5201 4038 1163 3949 1252
5443 4214 1229 4115 1328
5529 4337 1192 4238 1291
5429 4280 1149 4147 1282
5711 4477 1234 4357 1354
5373 4193 1180 4089 1284
5349 4130 1219 4026 1323
4928 3837 1091 3747 1181
5287 4139 1148 4025 1262
5181 4050 1131 3949 1232
5262 4111 1151 4015 1247
5306 4122 1184 4008 1298
5388 4199 1189 4107 1281
5294 4180 1114 4074 1220
5186 4033 1153 3930 1256
5122 3981 1141 3895 1227
5086 3920 1166 3821 1265
4801 3722 1079 3601 1200
5058 3945 1113 3836 1222
4832 3779 1053 3678 1154
5121 4044 1077 3932 1189
4962 3899 1063 3782 1180
5040 3976 1064 3870 1170
4740 3686 1054 3579 1161
5121 3950 1171 3834 1287
5280 4116 1164 3995 1285
5001 3902 1099 3805 1196
5257 4149 1108 4042 1215
5110 3989 1121 3892 1218
5556 4324 1232 4216 1340
4997 3927 1070 3814 1183
5351 4189 1162 4097 1254
5120 3973 1147 3872 1248
5134 3995 1139 3869 1265
4884 3783 1101 3693 1191
5094 3968 1126 3868 1226
5143 4016 1127 3918 1225
4852 3798 1054 3722 1130
5321 4190 1131 4065 1256
5286 4115 1171 3996 1290
5158 3980 1178 3876 1282
5071 3968 1103 3857 1214
5297 4136 1161 4035 1262
5265 4126 1139 4005 1260
5102 4034 1068 3924 1178
4985 3902 1083 3797 1188
4985 3886 1099 3766 1219
5558 4378 1180 4265 1293
5298 4158 1140 4049 1249
5012 3924 1088 3813 1199
5381 4237 1144 4116 1265
5184 4039 1145 3935 1249
4944 3856 1088 3747 1197
5111 3975 1136 3866 1245
4921 3810 1111 3706 1215
4984 3887 1097 3781 1203
5250 4123 1127 4013 1237
5305 4161 1144 4042 1263
5387 4195 1192 4102 1285
5010 3887 1123 3779 1231
5169 3980 1189 3870 1299
5228 4065 1163 3963 1265
5155 4043 1112 3931 1224
5370 4200 1170 4104 1266
4793 3796 997 3703 1090
4840 3789 1051 3689 1151
5042 3946 1096 3834 1208
5481 4247 1234 4146 1335
5222 4085 1137 3984 1238
4941 3834 1107 3735 1206
5135 3983 1152 3882 1253
5243 4139 1104 4017 1226
5172 4077 1095 3967 1205
5590 4403 1187 4285 1305
5435 4291 1144 4176 1259
5198 4039 1159 3923 1275
5437 4250 1187 4155 1282
5353 4171 1182 4053 1300
5204 4038 1166 3936 1268
5085 3949 1136 3863 1222
5270 4099 1171 3985 1285
5088 3968 1120 3863 1225
5271 4136 1135 4030 1241
5435 4222 1213 4114 1321
5214 4061 1153 3967 1247
5193 4086 1107 3984 1209
5584 4359 1225 4257 1327
5412 4208 1204 4100 1312
5051 3960 1091 3849 1202
5024 3921 1103 3808 1216
4994 3872 1122 3754 1240
5312 4185 1127 4059 1253
4983 3851 1132 3749 1234
5172 4029 1143 3915 1257
5208 3960 1248 3863 1345
4915 3815 1100 3714 1201
4942 3866 1076 3758 1184
5361 4172 1189 4074 1287
5236 4087 1149 3976 1260
4824 3773 1051 3667 1157
5306 4144 1162 4035 1271
5099 4057 1042 3954 1145
4946 3913 1033 3808 1138
5481 4226 1255 4123 1358
5326 4157 1169 4050 1276
5494 4290 1204 4177 1317
4944 3840 1104 3724 1220
4895 3820 1075 3714 1181
4763 3698 1065 3602 1161
5369 4185 1184 4079 1290
4704 3650 1054 3553 1151
5181 4029 1152 3931 1250
5076 3953 1123 3864 1212
5255 4089 1166 3979 1276
4985 3894 1091 3791 1194
4969 3897 1072 3793 1176
5031 3905 1126 3811 1220
4676 3656 1020 3551 1125
4819 3742 1077 3652 1167
5200 4027 1173 3928 1272
4849 3792 1057 3685 1164
5144 4059 1085 3948 1196
5353 4178 1175 4072 1281
5040 3910 1130 3813 1227
5152 4013 1139 3898 1254
5282 4071 1211 3959 1323
4757 3703 1054 3604 1153
4802 3758 1044 3665 1137
4693 3680 1013 3593 1100
5182 4015 1167 3886 1296
5268 4060 1208 3958 1310
5047 3907 1140 3819 1228
5378 4187 1191 4082 1296
5240 4101 1139 3987 1253
4979 3889 1090 3777 1202
5428 4174 1254 4058 1370
4886 3791 1095 3687 1199
4913 3806 1107 3700 1213
5074 3982 1092 3881 1193
5079 3995 1084 3902 1177
4865 3828 1037 3726 1139
5045 3989 1056 3882 1163
5078 3991 1087 3891 1187
5190 3976 1214 3890 1300
5255 4150 1105 4040 1215
5359 4219 1140 4114 1245
4935 3847 1088 3743 1192
5267 4107 1160 4002 1265
5197 3966 1231 3871 1326
5202 4064 1138 3963 1239
5012 3932 1080 3836 1176
4995 3923 1072 3833 1162
5168 4046 1122 3957 1211
5522 4258 1264 4153 1369
4969 3863 1106 3763 1206
5151 4003 1148 3912 1239
5241 4063 1178 3967 1274
4825 3759 1066 3651 1174
4994 3858 1136 3773 1221
4990 3880 1110 3786 1204
5274 4144 1130 4042 1232
4931 3847 1084 3751 1180
4935 3811 1124 3708 1227
4772 3758 1014 3645 1127
4925 3817 1108 3712 1213
4670 3600 1070 3504 1166
5153 4052 1101 3939 1214
5221 4099 1122 3999 1222
5362 4157 1205 4050 1312
5194 4046 1148 3947 1247
5000 3910 1090 3816 1184
5263 4106 1157 3990 1273
4906 3835 1071 3735 1171
5572 4383 1189 4281 1291
5172 4032 1140 3926 1246
4835 3791 1044 3684 1151
5028 3916 1112 3827 1201
5590 4347 1243 4248 1342
5029 3913 1116 3817 1212
4694 3672 1022 3578 1116
4853 3787 1066 3687 1166
4909 3842 1067 3739 1170
4947 3866 1081 3760 1187
5260 4161 1099 4035 1225
4927 3874 1053 3775 1152
5000 3878 1122 3772 1228
4949 3884 1065 3767 1182
5147 4018 1129 3918 1229
5616 4354 1262 4238 1378
5057 3947 1110 3863 1194
5120 4022 1098 3927 1193
5276 4117 1159 4010 1266
4559 3520 1039 3419 1140
5137 4017 1120 3926 1211
4981 3930 1051 3845 1136
4832 3786 1046 3678 1154
5376 4188 1188 4078 1298
4961 3891 1070 3783 1178
5271 4089 1182 3981 1290
4934 3901 1033 3793 1141
5012 3968 1044 3859 1153
4948 3848 1100 3747 1201
5126 3957 1169 3852 1274
5111 3997 1114 3863 1248
5241 4109 1132 3997 1244
4766 3740 1026 3623 1143
5120 3990 1130 3876 1244
5039 3950 1089 3872 1167
5588 4425 1163 4315 1273
5244 4087 1157 3974 1270
5887 4601 1286 4472 1415
5425 4226 1199 4129 1296
5522 4321 1201 4212 1310
5284 4113 1171 4009 1275
5171 4060 1111 3956 1215
5099 3983 1116 3874 1225
5346 4229 1117 4129 1217
5019 3918 1101 3822 1197
5809 4560 1249 4436 1373
4782 3772 1010 3681 1101
5014 3926 1088 3832 1182
5069 3921 1148 3812 1257
5157 4030 1127 3939 1218
5440 4262 1178 4146 1294
4781 3725 1056 3631 1150
4655 3650 1005 3559 1096
5328 4155 1173 4018 1310
4874 3802 1072 3712 1162
5152 3977 1175 3878 1274
5346 4180 1166 4072 1274
5338 4107 1231 3989 1349
5241 4134 1107 4040 1201
4948 3836 1112 3732 1216
5264 4067 1197 3945 1319
5453 4233 1220 4120 1333
5057 3936 1121 3837 1220
5092 3950 1142 3840 1252
5269 4105 1164 3995 1274
5270 4148 1122 4028 1242
5411 4265 1146 4146 1265
5086 3981 1105 3863 1223
5149 4003 1146 3892 1257
4745 3740 1005 3646 1099
5985 4680 1305 4545 1440
5413 4256 1157 4130 1283
5417 4232 1185 4129 1288
4972 3891 1081 3789 1183
4975 3924 1051 3819 1156
4884 3804 1080 3696 1188
5416 4228 1188 4110 1306
5027 3968 1059 3861 1166
5202 4087 1115 3973 1229
4754 3684 1070 3574 1180
5130 3980 1150 3877 1253
5334 4215 1119 4108 1226
4697 3619 1078 3530 1167
5157 3996 1161 3897 1260
5230 4049 1181 3924 1306
5090 3926 1164 3792 1298
5091 3962 1129 3862 1229
5103 3963 1140 3853 1250
5173 4063 1110 3957 1216
5657 4457 1200 4345 1312
4976 3929 1047 3829 1147
5262 4137 1125 4040 1222
5445 4214 1231 4085 1360
5031 3906 1125 3807 1224
5382 4259 1123 4141 1241
5180 4061 1119 3967 1213
5374 4174 1200 4073 1301
5233 4107 1126 4001 1232
5430 4238 1192 4123 1307
5370 4192 1178 4086 1284
5185 4035 1150 3926 1259
5078 3989 1089 3872 1206
5895 4623 1272 4512 1383
4942 3831 1111 3730 1212
5171 4040 1131 3932 1239
5055 4009 1046 3905 1150
5097 3996 1101 3883 1214
5019 3899 1120 3765 1254
4893 3848 1045 3749 1144
4784 3741 1043 3648 1136
5716 4499 1217 4368 1348
4941 3864 1077 3752 1189
5485 4300 1185 4181 1304
5122 4009 1113 3896 1226
5133 3987 1146 3868 1265
5302 4154 1148 4060 1242
5457 4224 1233 4116 1341
4868 3868 1000 3774 1094
4901 3843 1058 3758 1143
5321 4171 1150 4058 1263
5169 4020 1149 3914 1255
5400 4208 1192 4114 1286
5002 3894 1108 3796 1206
5010 3909 1101 3819 1191
5356 4181 1175 4048 1308
4868 3783 1085 3680 1188
5170 4070 1100 3953 1217
4704 3658 1046 3563 1141
5140 3986 1154 3894 1246
5384 4215 1169 4099 1285
5145 4022 1123 3932 1213
5130 4041 1089 3927 1203
5186 4061 1125 3957 1229
4748 3637 1111 3561 1187
4757 3718 1039 3623 1134
5392 4203 1189 4100 1292
4942 3881 1061 3782 1160
5160 3999 1161 3901 1259
4809 3738 1071 3659 1150
4979 3903 1076 3804 1175
5078 3935 1143 3830 1248
5103 4048 1055 3953 1150
5224 4090 1134 3995 1229
5182 4043 1139 3931 1251
5247 4131 1116 4034 1213
5227 4092 1135 3975 1252
5107 4017 1090 3917 1190
5405 4216 1189 4107 1298
5695 4429 1266 4312 1383
4995 3896 1099 3810 1185
4998 3897 1101 3792 1206
4985 3912 1073 3815 1170
5194 4092 1102 3995 1199
4855 3804 1051 3692 1163
5506 4295 1211 4179 1327
5371 4177 1194 4075 1296
5525 4276 1249 4169 1356
5236 4130 1106 4015 1221
5263 4086 1177 3981 1282
5022 3901 1121 3771 1251
5265 4050 1215 3947 1318
5084 3993 1091 3868 1216
4918 3813 1105 3712 1206
5130 3965 1165 3870 1260
5457 4211 1246 4113 1344
5106 4010 1096 3911 1195
5622 4389 1233 4284 1338
5198 4078 1120 3973 1225
5293 4131 1162 4020 1273
5141 4075 1066 3981 1160
5091 3969 1122 3881 1210
5452 4269 1183 4161 1291
5201 4051 1150 3955 1246
5312 4148 1164 4044 1268
4928 3863 1065 3749 1179
5205 4063 1142 3966 1239
4619 3650 969 3531 1088
5591 4424 1167 4316 1275
4831 3792 1039 3714 1117
4978 3884 1094 3775 1203
4905 3850 1055 3740 1165
5114 3997 1117 3875 1239
5002 3885 1117 3798 1204
5109 3962 1147 3855 1254
5169 4020 1149 3911 1258
5119 4015 1104 3924 1195
5135 3964 1171 3869 1266
5264 4090 1174 3974 1290
5225 4093 1132 4001 1224
5150 4016 1134 3916 1234
4946 3876 1070 3758 1188
5398 4223 1175 4112 1286
5212 4039 1173 3920 1292
5235 4029 1206 3918 1317
5363 4217 1146 4102 1261
5160 4070 1090 3971 1189
5280 4150 1130 4051 1229
5291 4122 1169 4013 1278
5080 3955 1125 3839 1241
4887 3835 1052 3736 1151
5294 4152 1142 4041 1253
5509 4339 1170 4216 1293
5564 4411 1153 4294 1270
4962 3867 1095 3771 1191
5241 4135 1106 4049 1192
5267 4072 1195 3963 1304
5098 3998 1100 3904 1194
5282 4087 1195 3976 1306
5464 4255 1209 4126 1338
5047 3946 1101 3850 1197
5420 4229 1191 4130 1290
4957 3889 1068 3773 1184
5152 4052 1100 3953 1199
5188 4059 1129 3967 1221
5237 4090 1147 3989 1248
5389 4157 1232 4038 1351
5908 4590 1318 4494 1414
5171 4063 1108 3960 1211
4881 3852 1029 3749 1132
5453 4281 1172 4155 1298
5112 3981 1131 3869 1243
5059 3925 1134 3825 1234
4751 3728 1023 3635 1116
5478 4324 1154 4195 1283
4925 3832 1093 3750 1175
5159 4016 1143 3921 1238
4662 3664 998 3569 1093
5066 3948 1118 3843 1223
4995 3917 1078 3815 1180
5392 4165 1227 4068 1324
4965 3862 1103 3750 1215
5198 4017 1181 3917 1281
5320 4149 1171 4040 1280
5095 3895 1200 3776 1319
5316 4177 1139 4055 1261
5175 4010 1165 3894 1281
5286 4093 1193 3978 1308
5089 4010 1079 3921 1168
5065 3959 1106 3871 1194
5381 4158 1223 4042 1339
5081 3963 1118 3851 1230
5412 4149 1263 4037 1375
5320 4146 1174 4029 1291
5202 4094 1108 3958 1244
5178 4033 1145 3940 1238
5121 3961 1160 3842 1279
4930 3857 1073 3767 1163
5388 4153 1235 4049 1339
5680 4426 1254 4300 1380
5425 4288 1137 4180 1245
5088 3932 1156 3826 1262
4794 3702 1092 3584 1210
5484 4282 1202 4182 1302
5093 3974 1119 3873 1220
5221 4128 1093 4031 1190
5513 4253 1260 4143 1370
5049 3955 1094 3839 1210
4815 3750 1065 3647 1168
5821 4568 1253 4446 1375
5173 4018 1155 3915 1258
4917 3793 1124 3699 1218
5373 4231 1142 4118 1255
5526 4311 1215 4206 1320
5675 4406 1269 4291 1384
5248 4117 1131 4019 1229
5466 4226 1240 4125 1341
5168 4055 1113 3950 1218
5180 4083 1097 3978 1202
5023 3883 1140 3783 1240
5231 4047 1184 3927 1304
4976 3917 1059 3822 1154
5055 3905 1150 3806 1249
5168 3997 1171 3883 1285
5309 4101 1208 3996 1313
5220 4128 1092 4004 1216
4865 3819 1046 3716 1149
5231 4081 1150 3980 1251
5111 4041 1070 3943 1168
5408 4271 1137 4150 1258
5044 3920 1124 3815 1229
5157 3999 1158 3895 1262
5717 4467 1250 4353 1364
5102 3980 1122 3890 1212
5220 4091 1129 3993 1227
5353 4193 1160 4083 1270
5120 4014 1106 3924 1196
5017 3924 1093 3825 1192
5313 4158 1155 4051 1262
5173 4034 1139 3931 1242
5291 4143 1148 4026 1265
5111 3976 1135 3869 1242
5314 4160 1154 4079 1235
5299 4085 1214 3983 1316
5589 4412 1177 4299 1290
5049 3931 1118 3812 1237
5099 4000 1099 3868 1231
5487 4292 1195 4173 1314
5073 3912 1161 3812 1261
5092 4000 1092 3902 1190
4889 3798 1091 3681 1208
5358 4154 1204 4027 1331
5161 4030 1131 3932 1229
4982 3939 1043 3842 1140
4950 3876 1074 3779 1171
5541 4348 1193 4234 1307
5330 4118 1212 4017 1313
5197 3994 1203 3887 1310
4808 3741 1067 3660 1148
5100 3999 1101 3890 1210
