5578 1731 3847 52 5526
5442 1598 3844 66 5376
5595 1674 3921 56 5539
5448 1617 3831 50 5398
5562 1668 3894 59 5503
5466 1603 3863 58 5408
5536 1669 3867 72 5464
5408 1622 3786 56 5352
5419 1606 3813 53 5366
5330 1578 3752 54 5276
5340 1638 3702 59 5281
5430 1620 3810 62 5368
5718 1698 4020 56 5662
5811 1722 4089 50 5761
5383 1639 3744 51 5332
5519 1644 3875 61 5458
5451 1637 3814 63 5388
5300 1545 3755 43 5257
5633 1639 3994 54 5579
5333 1615 3718 57 5276
5221 1584 3637 71 5150
5519 1646 3873 64 5455
5610 1689 3921 58 5552
5044 1497 3547 52 4992
5579 1617 3962 52 5527
5613 1729 3884 48 5565
5790 1702 4088 56 5734
5136 1595 3541 52 5084
5131 1524 3607 52 5079
5626 1685 3941 62 5564
5698 1666 4032 48 5650
5684 1706 3978 59 5625
5319 1601 3718 56 5263
5425 1653 3772 60 5365
5316 1591 3725 52 5264
5799 1732 4067 55 5744
5393 1596 3797 58 5335
5256 1561 3695 55 5201
4981 1487 3494 51 4930
5139 1517 3622 36 5103
5323 1606 3717 53 5270
5399 1640 3759 72 5327
5277 1612 3665 59 5218
5590 1693 3897 52 5538
5355 1611 3744 68 5287
5853 1707 4146 44 5809
5252 1618 3634 51 5201
5545 1682 3863 50 5495
5453 1659 3794 46 5407
5520 1633 3887 54 5466
5255 1677 3578 60 5195
5195 1556 3639 55 5140
5207 1605 3602 57 5150
5686 1720 3966 58 5628
5468 1619 3849 65 5403
5366 1625 3741 68 5298
5033 1493 3540 52 4981
5456 1678 3778 53 5403
5177 1594 3583 63 5114
5285 1555 3730 61 5224
5099 1542 3557 49 5050
5120 1624 3496 51 5069
5301 1575 3726 54 5247
5269 1541 3728 55 5214
5135 1542 3593 41 5094
4837 1466 3371 56 4781
5119 1500 3619 43 5076
5166 1551 3615 52 5114
4846 1441 3405 52 4794
5491 1750 3741 58 5433
5221 1524 3697 51 5170
4685 1471 3214 42 4643
4924 1488 3436 29 4895
5166 1512 3654 41 5125
5114 1506 3608 66 5048
5493 1678 3815 64 5429
4966 1456 3510 55 4911
4872 1491 3381 50 4822
5029 1490 3539 48 4981
4847 1462 3385 46 4801
4809 1429 3380 59 4750
4931 1440 3491 46 4885
4973 1449 3524 40 4933
5008 1466 3542 41 4967
5155 1566 3589 49 5106
5478 1640 3838 64 5414
5222 1561 3661 53 5169
4961 1460 3501 34 4927
5420 1638 3782 50 5370
5381 1575 3806 41 5340
5076 1511 3565 45 5031
5177 1524 3653 53 5124
5075 1418 3657 53 5022
5253 1610 3643 48 5205
5151 1486 3665 52 5099
5015 1518 3497 41 4974
5041 1506 3535 54 4987
5185 1554 3631 52 5133
4951 1531 3420 50 4901
5324 1633 3691 51 5273
4974 1495 3479 45 4929
4925 1432 3493 56 4869
4876 1507 3369 45 4831
5090 1516 3574 42 5048
5633 1661 3972 66 5567
4856 1479 3377 39 4817
5134 1551 3583 55 5079
4780 1400 3380 51 4729
5161 1577 3584 46 5115
4994 1465 3529 56 4938
5369 1619 3750 47 5322
5113 1551 3562 51 5062
5288 1584 3704 39 5249
5018 1455 3563 45 4973
5518 1685 3833 65 5453
5431 1588 3843 62 5369
5081 1450 3631 45 5036
5376 1565 3811 46 5330
4724 1422 3302 37 4687
5071 1496 3575 46 5025
4931 1496 3435 48 4883
4915 1480 3435 56 4859
4899 1456 3443 62 4837
5107 1511 3596 54 5053
4982 1549 3433 64 4918
4767 1473 3294 49 4718
5056 1537 3519 57 4999
5229 1550 3679 55 5174
5449 1604 3845 60 5389
5343 1569 3774 45 5298
5158 1552 3606 52 5106
5612 1719 3893 57 5555
5231 1581 3650 37 5194
5079 1496 3583 54 5025
5324 1637 3687 56 5268
5066 1471 3595 54 5012
4980 1511 3469 49 4931
5241 1530 3711 68 5173
5271 1585 3686 52 5219
5209 1596 3613 45 5164
5046 1515 3531 55 4991
4935 1411 3524 44 4891
5208 1557 3651 51 5157
5020 1498 3522 62 4958
4963 1501 3462 62 4901
5449 1574 3875 64 5385
5082 1494 3588 55 5027
5101 1505 3596 43 5058
5368 1588 3780 58 5310
5398 1649 3749 49 5349
5538 1657 3881 62 5476
5630 1724 3906 59 5571
5580 1652 3928 48 5532
4948 1453 3495 50 4898
5483 1681 3802 60 5423
5393 1587 3806 64 5329
5562 1699 3863 64 5498
5819 1711 4108 56 5763
5704 1723 3981 56 5648
5538 1635 3903 60 5478
5517 1650 3867 57 5460
5667 1702 3965 60 5607
5529 1650 3879 61 5468
5479 1661 3818 43 5436
5807 1667 4140 60 5747
4794 1382 3412 51 4743
5452 1559 3893 72 5380
5353 1546 3807 45 5308
5531 1643 3888 48 5483
4828 1507 3321 57 4771
5733 1680 4053 60 5673
5652 1741 3911 71 5581
5836 1750 4086 57 5779
5237 1571 3666 46 5191
5111 1591 3520 63 5048
5785 1741 4044 44 5741
5384 1638 3746 52 5332
5484 1616 3868 58 5426
5414 1550 3864 59 5355
5722 1686 4036 52 5670
5795 1740 4055 74 5721
4666 1434 3232 48 4618
5504 1684 3820 48 5456
5533 1677 3856 56 5477
5123 1495 3628 43 5080
5336 1548 3788 56 5280
5145 1526 3619 57 5088
5517 1621 3896 57 5460
5064 1518 3546 51 5013
4959 1513 3446 47 4912
5855 1802 4053 55 5800
5335 1584 3751 57 5278
5415 1607 3808 50 5365
4940 1482 3458 37 4903
5043 1485 3558 48 4995
5103 1557 3546 49 5054
5167 1536 3631 41 5126
5366 1685 3681 53 5313
5005 1450 3555 48 4957
5349 1634 3715 57 5292
5891 1776 4115 65 5826
5123 1514 3609 60 5063
5630 1727 3903 57 5573
5565 1679 3886 58 5507
5616 1691 3925 57 5559
5154 1508 3646 40 5114
5389 1595 3794 55 5334
5562 1708 3854 59 5503
4829 1478 3351 51 4778
5005 1548 3457 65 4940
5022 1560 3462 48 4974
5496 1638 3858 46 5450
5633 1692 3941 54 5579
5403 1611 3792 46 5357
5295 1565 3730 54 5241
5367 1556 3811 46 5321
5037 1493 3544 53 4984
4992 1467 3525 70 4922
5242 1557 3685 50 5192
5511 1707 3804 53 5458
5287 1654 3633 63 5224
5017 1494 3523 54 4963
5063 1576 3487 51 5012
5499 1645 3854 68 5431
5345 1576 3769 52 5293
5186 1523 3663 44 5142
5273 1543 3730 52 5221
5382 1622 3760 67 5315
5441 1622 3819 48 5393
5180 1545 3635 58 5122
5121 1494 3627 49 5072
4714 1376 3338 47 4667
5082 1592 3490 52 5030
5167 1556 3611 41 5126
5566 1680 3886 51 5515
5169 1560 3609 47 5122
5435 1676 3759 60 5375
4910 1463 3447 51 4859
5708 1725 3983 59 5649
5857 1778 4079 56 5801
5592 1695 3897 56 5536
5012 1500 3512 54 4958
4998 1520 3478 42 4956
5397 1547 3850 57 5340
5376 1583 3793 56 5320
4932 1449 3483 54 4878
5392 1628 3764 65 5327
5370 1555 3815 54 5316
5166 1572 3594 45 5121
4873 1479 3394 39 4834
5214 1542 3672 47 5167
5211 1571 3640 45 5166
5180 1565 3615 57 5123
5061 1535 3526 61 5000
5242 1572 3670 50 5192
4780 1454 3326 53 4727
5322 1567 3755 60 5262
5184 1610 3574 54 5130
5232 1588 3644 61 5171
5290 1594 3696 53 5237
5001 1530 3471 46 4955
5311 1530 3781 56 5255
5126 1514 3612 39 5087
5340 1611 3729 49 5291
5124 1501 3623 33 5091
5070 1593 3477 57 5013
5324 1572 3752 47 5277
5280 1637 3643 66 5214
5598 1693 3905 64 5534
5150 1540 3610 61 5089
5032 1479 3553 41 4991
5175 1562 3613 48 5127
5219 1570 3649 75 5144
4939 1488 3451 44 4895
5381 1594 3787 71 5310
5351 1577 3774 38 5313
5395 1610 3785 62 5333
5159 1592 3567 59 5100
5110 1570 3540 46 5064
5503 1654 3849 53 5450
5551 1673 3878 67 5484
5373 1592 3781 53 5320
5512 1654 3858 47 5465
5475 1688 3787 50 5425
5154 1630 3524 47 5107
5276 1562 3714 66 5210
5755 1661 4094 62 5693
5379 1583 3796 48 5331
5245 1543 3702 55 5190
4786 1428 3358 56 4730
5397 1657 3740 55 5342
5654 1661 3993 54 5600
5132 1554 3578 50 5082
5155 1570 3585 50 5105
5333 1608 3725 58 5275
5336 1585 3751 41 5295
5416 1654 3762 55 5361
5006 1486 3520 47 4959
5101 1542 3559 64 5037
5316 1598 3718 50 5266
5331 1613 3718 52 5279
5131 1494 3637 61 5070
5193 1499 3694 45 5148
5305 1601 3704 43 5262
5642 1723 3919 60 5582
5025 1515 3510 65 4960
4945 1489 3456 55 4890
5200 1535 3665 51 5149
5339 1646 3693 57 5282
5320 1589 3731 57 5263
5159 1535 3624 51 5108
4827 1430 3397 51 4776
5726 1659 4067 58 5668
5345 1630 3715 57 5288
4906 1497 3409 60 4846
4535 1405 3130 51 4484
5057 1501 3556 52 5005
5250 1593 3657 51 5199
5446 1635 3811 53 5393
4837 1428 3409 50 4787
5086 1543 3543 48 5038
5425 1659 3766 49 5376
5162 1492 3670 55 5107
5206 1610 3596 57 5149
5063 1487 3576 44 5019
5103 1528 3575 46 5057
5105 1522 3583 43 5062
5248 1592 3656 33 5215
4922 1459 3463 44 4878
5321 1624 3697 49 5272
4983 1460 3523 50 4933
5302 1626 3676 57 5245
5042 1458 3584 40 5002
5306 1621 3685 55 5251
5043 1476 3567 42 5001
5561 1639 3922 42 5519
5242 1539 3703 53 5189
4957 1465 3492 58 4899
5158 1577 3581 54 5104
4815 1461 3354 57 4758
5112 1504 3608 44 5068
5259 1545 3714 75 5184
5386 1584 3802 61 5325
4930 1510 3420 53 4877
5235 1596 3639 48 5187
5474 1634 3840 56 5418
5298 1606 3692 45 5253
5563 1631 3932 53 5510
5098 1597 3501 52 5046
4838 1415 3423 49 4789
5156 1597 3559 69 5087
5350 1588 3762 56 5294
5015 1535 3480 53 4962
5428 1585 3843 55 5373
4982 1461 3521 42 4940
5297 1531 3766 37 5260
5419 1586 3833 65 5354
5076 1536 3540 46 5030
5045 1505 3540 56 4989
5403 1643 3760 53 5350
4956 1449 3507 46 4910
5140 1592 3548 51 5089
5014 1461 3553 40 4974
5433 1708 3725 56 5377
5129 1503 3626 54 5075
5319 1557 3762 46 5273
5404 1631 3773 53 5351
5280 1599 3681 59 5221
5600 1664 3936 64 5536
5272 1558 3714 48 5224
5465 1674 3791 56 5409
4659 1400 3259 59 4600
5002 1503 3499 50 4952
5337 1621 3716 61 5276
4756 1462 3294 46 4710
5279 1576 3703 38 5241
5045 1525 3520 57 4988
4917 1456 3461 52 4865
4867 1428 3439 54 4813
5144 1561 3583 56 5088
4885 1428 3457 43 4842
5329 1563 3766 43 5286
5088 1477 3611 41 5047
5029 1536 3493 58 4971
4994 1505 3489 39 4955
5226 1598 3628 60 5166
5267 1580 3687 57 5210
5246 1596 3650 65 5181
5162 1560 3602 59 5103
4995 1455 3540 55 4940
5076 1539 3537 53 5023
4926 1467 3459 56 4870
5277 1597 3680 56 5221
4950 1477 3473 46 4904
4951 1465 3486 50 4901
5203 1592 3611 46 5157
5567 1663 3904 53 5514
5266 1608 3658 65 5201
5557 1655 3902 43 5514
5518 1657 3861 56 5462
5307 1583 3724 55 5252
5165 1557 3608 63 5102
5147 1552 3595 39 5108
5298 1608 3690 50 5248
5089 1534 3555 55 5034
4762 1412 3350 54 4708
5364 1583 3781 48 5316
4887 1482 3405 44 4843
5358 1606 3752 55 5303
5231 1549 3682 44 5187
5357 1572 3785 48 5309
5041 1538 3503 43 4998
5247 1602 3645 46 5201
5483 1629 3854 58 5425
4949 1450 3499 46 4903
5128 1574 3554 44 5084
5310 1632 3678 53 5257
4860 1495 3365 40 4820
5293 1582 3711 48 5245
4988 1553 3435 44 4944
5261 1560 3701 57 5204
5319 1610 3709 48 5271
5064 1602 3462 68 4996
4901 1434 3467 47 4854
4975 1513 3462 52 4923
4852 1461 3391 46 4806
5354 1582 3772 54 5300
5503 1642 3861 48 5455
5281 1604 3677 47 5234
5095 1448 3647 57 5038
5022 1525 3497 57 4965
5000 1518 3482 42 4958
4836 1456 3380 56 4780
5018 1529 3489 61 4957
4974 1493 3481 40 4934
5428 1646 3782 69 5359
5007 1480 3527 55 4952
4820 1445 3375 55 4765
5147 1582 3565 53 5094
5302 1628 3674 45 5257
5277 1578 3699 61 5216
5545 1647 3898 66 5479
4972 1540 3432 52 4920
5350 1651 3699 63 5287
4886 1439 3447 42 4844
5343 1569 3774 60 5283
4823 1333 3490 43 4780
5266 1575 3691 64 5202
5139 1547 3592 49 5090
5183 1572 3611 45 5138
4990 1526 3464 49 4941
5199 1550 3649 57 5142
5214 1578 3636 47 5167
5165 1534 3631 56 5109
5644 1710 3934 48 5596
5101 1520 3581 54 5047
5876 1733 4143 58 5818
4958 1470 3488 64 4894
5192 1577 3615 45 5147
4439 1228 3211 25 4414
5146 1599 3547 54 5092
5172 1485 3687 57 5115
5199 1535 3664 43 5156
5243 1533 3710 55 5188
5056 1551 3505 53 5003
5292 1579 3713 57 5235
4911 1529 3382 54 4857
5554 1669 3885 51 5503
5148 1483 3665 46 5102
4955 1507 3448 59 4896
5199 1548 3651 65 5134
5268 1553 3715 58 5210
5039 1463 3576 47 4992
5342 1588 3754 72 5270
4745 1474 3271 46 4699
4663 1400 3263 48 4615
5088 1534 3554 58 5030
4774 1433 3341 57 4717
5007 1527 3480 50 4957
5146 1553 3593 46 5100
5129 1570 3559 53 5076
5303 1574 3729 47 5256
5453 1633 3820 52 5401
5086 1548 3538 48 5038
5176 1579 3597 61 5115
5347 1649 3698 57 5290
5139 1574 3565 50 5089
5065 1504 3561 55 5010
4848 1456 3392 44 4804
5270 1596 3674 51 5219
5067 1483 3584 51 5016
5041 1462 3579 43 4998
4860 1459 3401 55 4805
5484 1597 3887 52 5432
5153 1555 3598 62 5091
5391 1627 3764 65 5326
5303 1566 3737 49 5254
4621 1389 3232 47 4574
5063 1548 3515 53 5010
5206 1535 3671 63 5143
5788 1720 4068 54 5734
5180 1570 3610 57 5123
4638 1394 3244 50 4588
4928 1444 3484 47 4881
4999 1510 3489 54 4945
5005 1536 3469 55 4950
5223 1567 3656 52 5171
5117 1544 3573 42 5075
5068 1470 3598 48 5020
5182 1633 3549 60 5122
4951 1502 3449 52 4899
5440 1652 3788 65 5375
4822 1476 3346 48 4774
4832 1412 3420 59 4773
5632 1723 3909 54 5578
5208 1576 3632 43 5165
4971 1496 3475 42 4929
5088 1526 3562 60 5028
5201 1596 3605 53 5148
5443 1633 3810 57 5386
5529 1622 3907 65 5464
5429 1658 3771 51 5378
5711 1720 3991 57 5654
5373 1557 3816 54 5319
5349 1651 3698 53 5296
4928 1461 3467 52 4876
5287 1558 3729 41 5246
5181 1608 3573 63 5118
5262 1592 3670 52 5210
5306 1539 3767 46 5260
5388 1648 3740 64 5324
5294 1574 3720 53 5241
5186 1560 3626 45 5141
5122 1554 3568 45 5077
5086 1543 3543 46 5040
4801 1408 3393 50 4751
5058 1505 3553 52 5006
4832 1385 3447 44 4788
5121 1519 3602 43 5078
4962 1437 3525 43 4919
5040 1516 3524 54 4986
4740 1401 3339 53 4687
5121 1521 3600 43 5078
5280 1523 3757 57 5223
5001 1438 3563 52 4949
5257 1581 3676 42 5215
5110 1530 3580 67 5043
5556 1722 3834 64 5492
4997 1521 3476 44 4953
5351 1627 3724 57 5294
5120 1542 3578 54 5066
5134 1528 3606 49 5085
4884 1463 3421 58 4826
5094 1516 3578 57 5037
5143 1519 3624 53 5090
4852 1426 3426 47 4805
5321 1589 3732 51 5270
5286 1570 3716 50 5236
5158 1572 3586 49 5109
5071 1541 3530 51 5020
5297 1560 3737 55 5242
5265 1622 3643 51 5214
5102 1568 3534 55 5047
4985 1446 3539 48 4937
4985 1448 3537 41 4944
5558 1662 3896 53 5505
5298 1594 3704 38 5260
5012 1453 3559 42 4970
5381 1599 3782 51 5330
5184 1624 3560 59 5125
4944 1518 3426 64 4880
5111 1571 3540 64 5047
4921 1486 3435 44 4877
4984 1538 3446 42 4942
5250 1588 3662 49 5201
5305 1552 3753 56 5249
5387 1638 3749 59 5328
5010 1526 3484 44 4966
5169 1545 3624 51 5118
5228 1621 3607 58 5170
5155 1566 3589 60 5095
5370 1619 3751 47 5323
4793 1434 3359 59 4734
4840 1441 3399 60 4780
5042 1502 3540 53 4989
5481 1656 3825 44 5437
5222 1546 3676 53 5169
4941 1534 3407 52 4889
5135 1547 3588 50 5085
5243 1544 3699 61 5182
5172 1513 3659 47 5125
5590 1729 3861 70 5520
5435 1626 3809 66 5369
5198 1545 3653 50 5148
5437 1611 3826 68 5369
5353 1538 3815 53 5300
5204 1578 3626 47 5157
5085 1515 3570 42 5043
5270 1616 3654 54 5216
5088 1487 3601 39 5049
5271 1628 3643 54 5217
5435 1679 3756 45 5390
5214 1564 3650 47 5167
5193 1584 3609 60 5133
5584 1687 3897 48 5536
5412 1567 3845 48 5364
5051 1536 3515 53 4998
5024 1564 3460 44 4980
4994 1521 3473 47 4947
5312 1578 3734 63 5249
4983 1529 3454 45 4938
5172 1522 3650 70 5102
5208 1598 3610 57 5151
4915 1483 3432 51 4864
4942 1500 3442 71 4871
5361 1617 3744 62 5299
5236 1566 3670 63 5173
4824 1424 3400 41 4783
5306 1596 3710 58 5248
5099 1540 3559 52 5047
4946 1492 3454 51 4895
5481 1614 3867 46 5435
5326 1639 3687 77 5249
5494 1616 3878 52 5442
4944 1503 3441 49 4895
4895 1472 3423 39 4856
4763 1403 3360 39 4724
5369 1608 3761 56 5313
4704 1379 3325 39 4665
5181 1555 3626 70 5111
5076 1481 3595 43 5033
5255 1572 3683 55 5200
4985 1515 3470 48 4937
4969 1511 3458 51 4918
5031 1535 3496 48 4983
4676 1418 3258 48 4628
4819 1491 3328 53 4766
5200 1530 3670 48 5152
4849 1394 3455 36 4813
5144 1503 3641 49 5095
5353 1618 3735 57 5296
5040 1521 3519 52 4988
5152 1589 3563 57 5095
5282 1590 3692 52 5230
4757 1443 3314 41 4716
4802 1448 3354 52 4750
4693 1406 3287 47 4646
5182 1557 3625 42 5140
5268 1610 3658 63 5205
5047 1531 3516 51 4996
5378 1646 3732 57 5321
5240 1588 3652 52 5188
4979 1507 3472 47 4932
5428 1675 3753 46 5382
4886 1420 3466 53 4833
4913 1469 3444 42 4871
5074 1542 3532 42 5032
5079 1542 3537 47 5032
4865 1507 3358 41 4824
5045 1542 3503 45 5000
5078 1431 3647 42 5036
5190 1573 3617 55 5135
5255 1609 3646 56 5199
5359 1612 3747 55 5304
4935 1491 3444 49 4886
5267 1584 3683 44 5223
5197 1517 3680 56 5141
5202 1603 3599 57 5145
5012 1428 3584 50 4962
4995 1497 3498 40 4955
5168 1582 3586 55 5113
5522 1625 3897 48 5474
4969 1497 3472 61 4908
5151 1530 3621 55 5096
5241 1577 3664 51 5190
4825 1416 3409 48 4777
4994 1473 3521 38 4956
4990 1475 3515 51 4939
5274 1596 3678 51 5223
4931 1521 3410 48 4883
4935 1501 3434 41 4894
4772 1386 3386 60 4712
4925 1513 3412 62 4863
4670 1422 3248 52 4618
5153 1516 3637 53 5100
5221 1567 3654 52 5169
5362 1611 3751 55 5307
5194 1569 3625 48 5146
5000 1521 3479 49 4951
5263 1583 3680 54 5209
4906 1457 3449 43 4863
5572 1672 3900 54 5518
5172 1565 3607 58 5114
4835 1464 3371 45 4790
5028 1498 3530 53 4975
5590 1653 3937 47 5543
5029 1475 3554 48 4981
4694 1411 3283 49 4645
4853 1498 3355 64 4789
4909 1432 3477 47 4862
4947 1439 3508 59 4888
5260 1592 3668 67 5193
4927 1458 3469 55 4872
5000 1478 3522 63 4937
4949 1529 3420 47 4902
5147 1578 3569 54 5093
5616 1685 3931 70 5546
5057 1520 3537 55 5002
5120 1529 3591 64 5056
5276 1565 3711 59 5217
4559 1361 3198 38 4521
5137 1488 3649 49 5088
4981 1482 3499 50 4931
4832 1417 3415 38 4794
5376 1675 3701 52 5324
4961 1543 3418 74 4887
5271 1616 3655 46 5225
4934 1501 3433 40 4894
5012 1503 3509 55 4957
4948 1447 3501 44 4904
5126 1525 3601 51 5075
5111 1539 3572 48 5063
5241 1582 3659 44 5197
4766 1420 3346 47 4719
5120 1548 3572 53 5067
5039 1538 3501 50 4989
5588 1672 3916 60 5528
5244 1581 3663 56 5188
5887 1792 4095 55 5832
5425 1646 3779 48 5377
5522 1735 3787 64 5458
5284 1645 3639 44 5240
5171 1509 3662 50 5121
5099 1551 3548 46 5053
5346 1564 3782 58 5288
5019 1502 3517 61 4958
5809 1756 4053 62 5747
4782 1437 3345 52 4730
5014 1456 3558 62 4952
5069 1533 3536 56 5013
5157 1481 3676 49 5108
5440 1608 3832 68 5372
4781 1477 3304 49 4732
4655 1404 3251 57 4598
5328 1591 3737 50 5278
4874 1497 3377 42 4832
5152 1542 3610 49 5103
5346 1587 3759 52 5294
5338 1634 3704 58 5280
5241 1583 3658 57 5184
4948 1442 3506 55 4893
5264 1593 3671 53 5211
5453 1652 3801 53 5400
5057 1539 3518 52 5005
5092 1560 3532 44 5048
5269 1579 3690 60 5209
5270 1639 3631 49 5221
5411 1680 3731 65 5346
5086 1515 3571 55 5031
5149 1518 3631 43 5106
4745 1387 3358 55 4690
5985 1792 4193 56 5929
5413 1567 3846 51 5362
5417 1661 3756 44 5373
4972 1498 3474 50 4922
4975 1509 3466 52 4923
4884 1415 3469 45 4839
5416 1624 3792 58 5358
5027 1528 3499 47 4980
5202 1568 3634 39 5163
4754 1394 3360 52 4702
5130 1552 3578 54 5076
5334 1639 3695 61 5273
4697 1386 3311 40 4657
5157 1588 3569 55 5102
5230 1523 3707 64 5166
5090 1538 3552 51 5039
5091 1480 3611 48 5043
5103 1577 3526 40 5063
5173 1573 3600 53 5120
5657 1619 4038 57 5600
4976 1487 3489 48 4928
5262 1573 3689 54 5208
5445 1613 3832 59 5386
5031 1535 3496 52 4979
5382 1682 3700 72 5310
5180 1480 3700 35 5145
5374 1613 3761 59 5315
5233 1513 3720 58 5175
5430 1588 3842 50 5380
5370 1585 3785 44 5326
5185 1546 3639 46 5139
5078 1526 3552 52 5026
5895 1831 4064 57 5838
4942 1490 3452 47 4895
5171 1574 3597 53 5118
5055 1492 3563 45 5010
5097 1584 3513 54 5043
5019 1496 3523 57 4962
4893 1444 3449 58 4835
4784 1458 3326 36 4748
5716 1778 3938 55 5661
4941 1509 3432 52 4889
5485 1671 3814 54 5431
5122 1574 3548 54 5068
5133 1573 3560 72 5061
5302 1645 3657 52 5250
5457 1587 3870 46 5411
4868 1422 3446 47 4821
4901 1460 3441 62 4839
5321 1599 3722 55 5266
5169 1598 3571 45 5124
5400 1626 3774 60 5340
5002 1517 3485 51 4951
5010 1509 3501 50 4960
5356 1580 3776 49 5307
4868 1464 3404 41 4827
5170 1609 3561 54 5116
4704 1395 3309 53 4651
5140 1534 3606 42 5098
5384 1563 3821 48 5336
5145 1561 3584 47 5098
5130 1547 3583 58 5072
5186 1543 3643 56 5130
4748 1398 3350 55 4693
4757 1436 3321 53 4704
5392 1628 3764 58 5334
4942 1493 3449 45 4897
5160 1511 3649 64 5096
4809 1474 3335 60 4749
4979 1497 3482 58 4921
5078 1492 3586 51 5027
5103 1538 3565 55 5048
5224 1514 3710 51 5173
5182 1585 3597 44 5138
5247 1628 3619 48 5199
5227 1630 3597 61 5166
5107 1543 3564 54 5053
5405 1595 3810 61 5344
5695 1726 3969 69 5626
4995 1484 3511 58 4937
4998 1561 3437 52 4946
4985 1484 3501 47 4938
5194 1525 3669 51 5143
4855 1548 3307 42 4813
5506 1655 3851 53 5453
5371 1603 3768 51 5320
5525 1669 3856 82 5443
5236 1561 3675 43 5193
5263 1589 3674 56 5207
5022 1553 3469 47 4975
5265 1561 3704 54 5211
5084 1532 3552 54 5030
4918 1481 3437 64 4854
5130 1529 3601 44 5086
5457 1595 3862 43 5414
5106 1547 3559 58 5048
5622 1709 3913 48 5574
5198 1568 3630 45 5153
5293 1629 3664 44 5249
5141 1564 3577 54 5087
5091 1558 3533 56 5035
5452 1601 3851 46 5406
5201 1591 3610 57 5144
5312 1602 3710 43 5269
4928 1447 3481 41 4887
5205 1592 3613 59 5146
4619 1407 3212 55 4564
5591 1663 3928 57 5534
4831 1506 3325 51 4780
4978 1418 3560 45 4933
4905 1506 3399 65 4840
5114 1553 3561 53 5061
5002 1520 3482 52 4950
5109 1504 3605 48 5061
5169 1592 3577 68 5101
5119 1553 3566 62 5057
5135 1521 3614 53 5082
5264 1584 3680 64 5200
5225 1607 3618 73 5152
5150 1527 3623 62 5088
4946 1513 3433 45 4901
5398 1610 3788 66 5332
5212 1595 3617 58 5154
5235 1570 3665 56 5179
5363 1543 3820 52 5311
5160 1566 3594 52 5108
5280 1566 3714 46 5234
5291 1561 3730 53 5238
5080 1505 3575 37 5043
4887 1489 3398 57 4830
5294 1548 3746 54 5240
5509 1579 3930 43 5466
5564 1727 3837 59 5505
4962 1480 3482 49 4913
5241 1575 3666 55 5186
5267 1634 3633 54 5213
5098 1546 3552 44 5054
5282 1634 3648 54 5228
5464 1619 3845 46 5418
5047 1532 3515 47 5000
5420 1609 3811 57 5363
4957 1511 3446 62 4895
5152 1502 3650 58 5094
5188 1577 3611 52 5136
5237 1593 3644 56 5181
5389 1586 3803 52 5337
5908 1806 4102 65 5843
5171 1496 3675 52 5119
4881 1459 3422 53 4828
5453 1601 3852 46 5407
5112 1525 3587 50 5062
5059 1505 3554 51 5008
4751 1418 3333 50 4701
5478 1633 3845 47 5431
4925 1494 3431 40 4885
5159 1543 3616 57 5102
4662 1389 3273 41 4621
5066 1551 3515 57 5009
4995 1505 3490 49 4946
5392 1592 3800 48 5344
4965 1469 3496 51 4914
5198 1558 3640 55 5143
5320 1600 3720 53 5267
5095 1544 3551 50 5045
5316 1602 3714 56 5260
5175 1583 3592 58 5117
5286 1595 3691 59 5227
5089 1523 3566 60 5029
5065 1471 3594 53 5012
5381 1580 3801 54 5327
5081 1509 3572 63 5018
5412 1657 3755 60 5352
5320 1627 3693 66 5254
5202 1570 3632 49 5153
5178 1566 3612 49 5129
5121 1561 3560 57 5064
4930 1514 3416 50 4880
5388 1607 3781 68 5320
5680 1695 3985 73 5607
5425 1604 3821 53 5372
5088 1525 3563 40 5048
4794 1414 3380 38 4756
5484 1656 3828 59 5425
5093 1541 3552 62 5031
5221 1597 3624 64 5157
5513 1629 3884 58 5455
5049 1481 3568 46 5003
4815 1493 3322 47 4768
5821 1743 4078 71 5750
5173 1551 3622 52 5121
4917 1493 3424 58 4859
5373 1604 3769 56 5317
5526 1709 3817 60 5466
5675 1737 3938 63 5612
5248 1568 3680 54 5194
5466 1625 3841 54 5412
5168 1598 3570 57 5111
5180 1496 3684 50 5130
5023 1517 3506 58 4965
5231 1509 3722 47 5184
4976 1489 3487 59 4917
5055 1530 3525 47 5008
5168 1514 3654 34 5134
5309 1591 3718 58 5251
5220 1514 3706 53 5167
4865 1502 3363 46 4819
5231 1565 3666 51 5180
5111 1521 3590 57 5054
5408 1660 3748 58 5350
5044 1575 3469 56 4988
5157 1552 3605 51 5106
5717 1666 4051 46 5671
5102 1559 3543 53 5049
5220 1604 3616 58 5162
5353 1627 3726 60 5293
5120 1516 3604 51 5069
5017 1573 3444 54 4963
5313 1619 3694 46 5267
5173 1546 3627 47 5126
5291 1608 3683 48 5243
5111 1541 3570 51 5060
5314 1574 3740 49 5265
5299 1561 3738 53 5246
5589 1669 3920 55 5534
5049 1551 3498 38 5011
5099 1479 3620 43 5056
5487 1574 3913 63 5424
5073 1582 3491 37 5036
5092 1514 3578 59 5033
4889 1461 3428 40 4849
5358 1599 3759 45 5313
5161 1461 3700 52 5109
4982 1428 3554 45 4937
4950 1448 3502 58 4892
5541 1670 3871 69 5472
5330 1635 3695 63 5267
5197 1508 3689 66 5131
4808 1377 3431 42 4766
5100 1546 3554 57 5043
