5578 922 4656 1 5577
5442 958 4484 1 5441
5595 964 4631 0 5595
5448 969 4479 0 5448
5562 1002 4560 1 5561
5466 965 4501 0 5466
5536 940 4596 0 5536
5408 909 4499 0 5408
5419 882 4537 0 5419
5330 950 4380 1 5329
5340 950 4390 0 5340
5430 949 4481 0 5430
5718 1024 4694 0 5718
5811 994 4817 1 5810
5383 927 4456 1 5382
5519 1034 4485 0 5519
5451 948 4503 3 5448
5300 957 4343 0 5300
5633 932 4701 0 5633
5333 1019 4314 0 5333
5221 948 4273 0 5221
5519 998 4521 1 5518
5610 999 4611 0 5610
5044 900 4144 0 5044
5579 976 4603 0 5579
5613 970 4643 0 5613
5790 997 4793 0 5790
5136 884 4252 1 5135
5131 861 4270 3 5128
5626 954 4672 1 5625
5698 995 4703 0 5698
5684 991 4693 1 5683
5319 906 4413 0 5319
5425 977 4448 0 5425
5316 934 4382 0 5316
5799 1064 4735 0 5799
5393 937 4456 0 5393
5256 934 4322 0 5256
4981 879 4102 0 4981
5139 900 4239 0 5139
5323 972 4351 0 5323
5399 955 4444 2 5397
5277 913 4364 0 5277
5590 957 4633 1 5589
5355 966 4389 0 5355
5853 1013 4840 1 5852
5252 900 4352 1 5251
5545 1028 4517 0 5545
5453 953 4500 0 5453
5520 967 4553 0 5520
5255 934 4321 0 5255
5195 875 4320 0 5195
5207 867 4340 1 5206
5686 972 4714 0 5686
5468 953 4515 0 5468
5366 955 4411 0 5366
5033 884 4149 0 5033
5456 956 4500 0 5456
5177 932 4245 1 5176
5285 927 4358 0 5285
5099 917 4182 1 5098
5120 935 4185 1 5119
5301 891 4410 0 5301
5269 941 4328 0 5269
5135 887 4248 1 5134
4837 887 3950 0 4837
5119 887 4232 1 5118
5166 878 4288 0 5166
4846 846 4000 0 4846
5491 952 4539 0 5491
5221 906 4315 1 5220
4685 869 3816 1 4684
4924 814 4110 0 4924
5166 914 4252 1 5165
5114 881 4233 0 5114
5493 985 4508 0 5493
4966 872 4094 0 4966
4872 836 4036 0 4872
5029 856 4173 0 5029
4847 883 3964 0 4847
4809 869 3940 0 4809
4931 855 4076 0 4931
4973 867 4106 0 4973
5008 889 4119 0 5008
5155 958 4197 1 5154
5478 945 4533 0 5478
5222 910 4312 0 5222
4961 818 4143 0 4961
5420 922 4498 0 5420
5381 991 4390 0 5381
5076 885 4191 0 5076
5177 938 4239 1 5176
5075 924 4151 0 5075
5253 951 4302 0 5253
5151 934 4217 0 5151
5015 886 4129 0 5015
5041 884 4157 2 5039
5185 890 4295 0 5185
4951 874 4077 1 4950
5324 955 4369 0 5324
4974 914 4060 0 4974
4925 891 4034 1 4924
4876 811 4065 0 4876
5090 878 4212 0 5090
5633 978 4655 1 5632
4856 854 4002 0 4856
5134 882 4252 0 5134
4780 879 3901 0 4780
5161 910 4251 0 5161
4994 863 4131 1 4993
5369 912 4457 0 5369
5113 927 4186 2 5111
5288 938 4350 0 5288
5018 877 4141 0 5018
5518 965 4553 0 5518
5431 906 4525 0 5431
5081 857 4224 1 5080
5376 986 4390 2 5374
4724 823 3901 0 4724
5071 930 4141 0 5071
4931 875 4056 0 4931
4915 840 4075 1 4914
4899 850 4049 1 4898
5107 905 4202 1 5106
4982 855 4127 0 4982
4767 812 3955 2 4765
5056 871 4185 0 5056
5229 887 4342 1 5228
5449 941 4508 0 5449
5343 962 4381 1 5342
5158 940 4218 0 5158
5612 961 4651 0 5612
5231 938 4293 0 5231
5079 910 4169 0 5079
5324 926 4398 1 5323
5066 942 4124 0 5066
4980 885 4095 1 4979
5241 900 4341 0 5241
5271 902 4369 1 5270
5209 878 4331 1 5208
5046 864 4182 0 5046
4935 881 4054 0 4935
5208 948 4260 0 5208
5020 879 4141 0 5020
4963 864 4099 0 4963
5449 937 4512 0 5449
5082 887 4195 0 5082
5101 876 4225 0 5101
5368 912 4456 1 5367
5398 929 4469 1 5397
5538 988 4550 1 5537
5630 1003 4627 0 5630
5580 990 4590 1 5579
4948 861 4087 1 4947
5483 927 4556 2 5481
5393 937 4456 0 5393
5562 965 4597 0 5562
5819 996 4823 1 5818
5704 1020 4684 1 5703
5538 1006 4532 0 5538
5517 943 4574 0 5517
5667 951 4716 0 5667
5529 991 4538 0 5529
5479 955 4524 1 5478
5807 1042 4765 0 5807
4794 875 3919 1 4793
5452 984 4468 2 5450
5353 909 4444 0 5353
5531 959 4572 0 5531
4828 827 4001 0 4828
5733 983 4750 0 5733
5652 993 4659 0 5652
5836 1030 4806 0 5836
5237 926 4311 1 5236
5111 874 4237 2 5109
5785 1047 4738 0 5785
5384 965 4419 0 5384
5484 943 4541 0 5484
5414 947 4467 0 5414
5722 986 4736 1 5721
5795 1024 4771 0 5795
4666 799 3867 1 4665
5504 986 4518 0 5504
5533 969 4564 0 5533
5123 912 4211 0 5123
5336 906 4430 1 5335
5145 886 4259 0 5145
5517 962 4555 0 5517
5064 847 4217 0 5064
4959 882 4077 0 4959
5855 1042 4813 0 5855
5335 936 4399 1 5334
5415 921 4494 0 5415
4940 891 4049 0 4940
5043 894 4149 0 5043
5103 874 4229 1 5102
5167 940 4227 1 5166
5366 891 4475 0 5366
5005 836 4169 0 5005
5349 928 4421 0 5349
5891 1044 4847 1 5890
5123 901 4222 0 5123
5630 1005 4625 0 5630
5565 968 4597 0 5565
5616 1006 4610 0 5616
5154 941 4213 2 5152
5389 919 4470 1 5388
5562 973 4589 0 5562
4829 851 3978 1 4828
5005 845 4160 0 5005
5022 888 4134 0 5022
5496 976 4520 0 5496
5633 1016 4617 0 5633
5403 955 4448 1 5402
5295 890 4405 1 5294
5367 933 4434 0 5367
5037 832 4205 0 5037
4992 876 4116 1 4991
5242 915 4327 0 5242
5511 959 4552 0 5511
5287 911 4376 1 5286
5017 845 4172 0 5017
5063 896 4167 0 5063
5499 910 4589 0 5499
5345 916 4429 0 5345
5186 864 4322 0 5186
5273 936 4337 1 5272
5382 956 4426 1 5381
5441 979 4462 0 5441
5180 908 4272 0 5180
5121 917 4204 0 5121
4714 806 3908 0 4714
5082 930 4152 0 5082
5167 918 4249 0 5167
5566 982 4584 0 5566
5169 909 4260 0 5169
5435 948 4487 1 5434
4910 888 4022 0 4910
5708 974 4734 0 5708
5857 1051 4806 1 5856
5592 955 4637 1 5591
5012 837 4175 0 5012
4998 905 4093 1 4997
5397 897 4500 0 5397
5376 950 4426 0 5376
4932 811 4121 0 4932
5392 967 4425 0 5392
5370 1009 4361 0 5370
5166 918 4248 0 5166
4873 833 4040 0 4873
5214 894 4320 1 5213
5211 969 4242 0 5211
5180 908 4272 0 5180
5061 880 4181 0 5061
5242 888 4354 2 5240
4780 812 3968 0 4780
5322 909 4413 0 5322
5184 903 4281 0 5184
5232 932 4300 0 5232
5290 901 4389 0 5290
5001 870 4131 0 5001
5311 960 4351 0 5311
5126 892 4234 1 5125
5340 916 4424 0 5340
5124 900 4224 1 5123
5070 890 4180 0 5070
5324 881 4443 0 5324
5280 943 4337 1 5279
5598 1026 4572 0 5598
5150 908 4242 0 5150
5032 883 4149 0 5032
5175 930 4245 0 5175
5219 893 4326 0 5219
4939 831 4108 1 4938
5381 962 4419 0 5381
5351 888 4463 0 5351
5395 912 4483 0 5395
5159 915 4244 1 5158
5110 903 4207 1 5109
5503 1017 4486 0 5503
5551 950 4601 1 5550
5373 972 4401 0 5373
5512 960 4552 1 5511
5475 906 4569 0 5475
5154 923 4231 0 5154
5276 912 4364 1 5275
5755 1008 4747 1 5754
5379 949 4430 0 5379
5245 907 4338 0 5245
4786 835 3951 1 4785
5397 992 4405 0 5397
5654 1038 4616 0 5654
5132 916 4216 1 5131
5155 918 4237 1 5154
5333 915 4418 0 5333
5336 884 4452 1 5335
5416 957 4459 0 5416
5006 909 4097 0 5006
5101 852 4249 0 5101
5316 967 4349 0 5316
5331 970 4361 0 5331
5131 914 4217 0 5131
5193 909 4284 1 5192
5305 892 4413 0 5305
5642 986 4656 2 5640
5025 881 4144 0 5025
4945 867 4078 1 4944
5200 907 4293 0 5200
5339 929 4410 0 5339
5320 900 4420 1 5319
5159 894 4265 0 5159
4827 832 3995 0 4827
5726 948 4778 1 5725
5345 935 4410 0 5345
4906 884 4022 0 4906
4535 806 3729 0 4535
5057 912 4145 0 5057
5250 904 4346 0 5250
5446 941 4505 0 5446
4837 840 3997 0 4837
5086 869 4217 0 5086
5425 918 4507 0 5425
5162 872 4290 0 5162
5206 925 4281 0 5206
5063 914 4149 0 5063
5103 963 4140 1 5102
5105 896 4209 0 5105
5248 899 4349 0 5248
4922 851 4071 0 4922
5321 912 4409 0 5321
4983 870 4113 0 4983
5302 924 4378 0 5302
5042 861 4181 0 5042
5306 933 4373 0 5306
5043 898 4145 0 5043
5561 978 4583 0 5561
5242 913 4329 0 5242
4957 860 4097 0 4957
5158 916 4242 0 5158
4815 838 3977 0 4815
5112 913 4199 0 5112
5259 900 4359 1 5258
5386 988 4398 2 5384
4930 891 4039 1 4929
5235 896 4339 0 5235
5474 949 4525 1 5473
5298 952 4346 1 5297
5563 962 4601 0 5563
5098 926 4172 1 5097
4838 842 3996 0 4838
5156 866 4290 0 5156
5350 1001 4349 2 5348
5015 897 4118 0 5015
5428 918 4510 1 5427
4982 855 4127 2 4980
5297 942 4355 1 5296
5419 987 4432 0 5419
5076 892 4184 0 5076
5045 935 4110 0 5045
5403 936 4467 2 5401
4956 868 4088 1 4955
5140 925 4215 0 5140
5014 862 4152 0 5014
5433 895 4538 0 5433
5129 884 4245 0 5129
5319 928 4391 0 5319
5404 966 4438 0 5404
5280 916 4364 0 5280
5600 1003 4597 1 5599
5272 982 4290 1 5271
5465 982 4483 1 5464
4659 821 3838 1 4658
5002 893 4109 0 5002
5337 940 4397 1 5336
4756 858 3898 0 4756
5279 949 4330 1 5278
5045 871 4174 0 5045
4917 892 4025 2 4915
4867 874 3993 1 4866
5144 897 4247 0 5144
4885 865 4020 0 4885
5329 936 4393 1 5328
5088 897 4191 1 5087
5029 880 4149 1 5028
4994 883 4111 1 4993
5226 966 4260 1 5225
5267 929 4338 0 5267
5246 910 4336 0 5246
5162 874 4288 0 5162
4995 823 4172 0 4995
5076 985 4091 0 5076
4926 878 4048 0 4926
5277 928 4349 0 5277
4950 875 4075 0 4950
4951 866 4085 1 4950
5203 892 4311 0 5203
5567 991 4576 2 5565
5266 988 4278 0 5266
5557 964 4593 0 5557
5518 930 4588 1 5517
5307 919 4388 0 5307
5165 940 4225 0 5165
5147 944 4203 0 5147
5298 872 4426 0 5298
5089 908 4181 0 5089
4762 827 3935 0 4762
5364 929 4435 0 5364
4887 852 4035 1 4886
5358 917 4441 0 5358
5231 940 4291 0 5231
5357 862 4495 0 5357
5041 862 4179 0 5041
5247 952 4295 0 5247
5483 945 4538 0 5483
4949 874 4075 0 4949
5128 889 4239 0 5128
5310 944 4366 0 5310
4860 847 4013 0 4860
5293 957 4336 0 5293
4988 863 4125 0 4988
5261 937 4324 0 5261
5319 934 4385 0 5319
5064 864 4200 0 5064
4901 809 4092 0 4901
4975 890 4085 0 4975
4852 825 4027 1 4851
5354 952 4402 0 5354
5503 926 4577 1 5502
5281 962 4319 0 5281
5095 890 4205 0 5095
5022 871 4151 0 5022
5000 827 4173 1 4999
4836 856 3980 2 4834
5018 844 4174 0 5018
4974 852 4122 2 4972
5428 967 4461 0 5428
5007 902 4105 0 5007
4820 834 3986 0 4820
5147 921 4226 0 5147
5302 977 4325 2 5300
5277 938 4339 0 5277
5545 959 4586 1 5544
4972 868 4104 0 4972
5350 930 4420 0 5350
4886 836 4050 1 4885
5343 972 4371 1 5342
4823 836 3987 1 4822
5266 943 4323 0 5266
5139 863 4276 1 5138
5183 911 4272 0 5183
4990 877 4113 1 4989
5199 950 4249 0 5199
5214 922 4292 0 5214
5165 856 4309 0 5165
5644 960 4684 0 5644
5101 861 4240 0 5101
5876 1059 4817 1 5875
4958 868 4090 0 4958
5192 907 4285 0 5192
4439 772 3667 0 4439
5146 917 4229 0 5146
5172 904 4268 0 5172
5199 927 4272 2 5197
5243 908 4335 0 5243
5056 912 4144 0 5056
5292 899 4393 0 5292
4911 864 4047 1 4910
5554 982 4572 1 5553
5148 902 4246 0 5148
4955 926 4029 1 4954
5199 924 4275 1 5198
5268 895 4373 0 5268
5039 922 4117 0 5039
5342 907 4435 0 5342
4745 847 3898 0 4745
4663 781 3882 1 4662
5088 872 4216 1 5087
4774 784 3990 1 4773
5007 964 4043 0 5007
5146 876 4270 0 5146
5129 940 4189 0 5129
5303 894 4409 0 5303
5453 942 4511 0 5453
5086 857 4229 1 5085
5176 930 4246 0 5176
5347 942 4405 0 5347
5139 911 4228 0 5139
5065 885 4180 0 5065
4848 839 4009 0 4848
5270 895 4375 0 5270
5067 924 4143 0 5067
5041 883 4158 0 5041
4860 875 3985 0 4860
5484 963 4521 0 5484
5153 875 4278 0 5153
5391 893 4498 0 5391
5303 914 4389 0 5303
4621 843 3778 0 4621
5063 854 4209 1 5062
5206 871 4335 1 5205
5788 990 4798 4 5784
5180 904 4276 0 5180
4638 806 3832 0 4638
4928 874 4054 0 4928
4999 865 4134 0 4999
5005 833 4172 0 5005
5223 903 4320 0 5223
5117 885 4232 0 5117
5068 894 4174 1 5067
5182 891 4291 0 5182
4951 843 4108 0 4951
5440 914 4526 2 5438
4822 855 3967 1 4821
4832 851 3981 1 4831
5632 969 4663 0 5632
5208 933 4275 0 5208
4971 888 4083 0 4971
5088 888 4200 0 5088
5201 880 4321 0 5201
5443 957 4486 0 5443
5529 934 4595 0 5529
5429 901 4528 0 5429
5711 991 4720 0 5711
5373 944 4429 2 5371
5349 939 4410 1 5348
4928 880 4048 1 4927
5287 901 4386 0 5287
5181 916 4265 0 5181
5262 968 4294 1 5261
5306 874 4432 1 5305
5388 904 4484 0 5388
5294 950 4344 1 5293
5186 920 4266 0 5186
5122 894 4228 0 5122
5086 896 4190 0 5086
4801 866 3935 0 4801
5058 876 4182 0 5058
4832 835 3997 0 4832
5121 900 4221 0 5121
4962 828 4134 0 4962
5040 893 4147 0 5040
4740 811 3929 1 4739
5121 890 4231 0 5121
5280 906 4374 0 5280
5001 896 4105 0 5001
5257 964 4293 0 5257
5110 856 4254 0 5110
5556 939 4617 1 5555
4997 857 4140 0 4997
5351 895 4456 0 5351
5120 854 4266 3 5117
5134 926 4208 0 5134
4884 901 3983 0 4884
5094 842 4252 1 5093
5143 871 4272 0 5143
4852 863 3989 0 4852
5321 907 4414 0 5321
5286 928 4358 0 5286
5158 904 4254 0 5158
5071 895 4176 0 5071
5297 936 4361 1 5296
5265 929 4336 0 5265
5102 908 4194 0 5102
4985 887 4098 1 4984
4985 834 4151 0 4985
5558 966 4592 1 5557
5298 933 4365 1 5297
5012 919 4093 1 5011
5381 958 4423 0 5381
5184 884 4300 0 5184
4944 854 4090 1 4943
5111 910 4201 0 5111
4921 814 4107 0 4921
4984 895 4089 0 4984
5250 927 4323 0 5250
5305 952 4353 0 5305
5387 962 4425 0 5387
5010 889 4121 0 5010
5169 924 4245 0 5169
5228 891 4337 0 5228
5155 898 4257 0 5155
5370 890 4480 0 5370
4793 831 3962 0 4793
4840 821 4019 0 4840
5042 910 4132 0 5042
5481 965 4516 0 5481
5222 901 4321 0 5222
4941 831 4110 0 4941
5135 881 4254 1 5134
5243 930 4313 1 5242
5172 908 4264 0 5172
5590 972 4618 1 5589
5435 932 4503 1 5434
5198 887 4311 1 5197
5437 964 4473 1 5436
5353 919 4434 0 5353
5204 945 4259 1 5203
5085 865 4220 0 5085
5270 940 4330 0 5270
5088 953 4135 1 5087
5271 968 4303 1 5270
5435 963 4472 1 5434
5214 929 4285 0 5214
5193 920 4273 0 5193
5584 986 4598 0 5584
5412 959 4453 0 5412
5051 911 4140 1 5050
5024 892 4132 1 5023
4994 866 4128 2 4992
5312 919 4393 0 5312
4983 903 4080 0 4983
5172 928 4244 0 5172
5208 895 4313 0 5208
4915 862 4053 0 4915
4942 880 4062 0 4942
5361 971 4390 0 5361
5236 894 4342 0 5236
4824 843 3981 0 4824
5306 946 4360 0 5306
5099 932 4167 1 5098
4946 882 4064 0 4946
5481 941 4540 0 5481
5326 870 4456 0 5326
5494 939 4555 0 5494
4944 837 4107 0 4944
4895 853 4042 2 4893
4763 848 3915 0 4763
5369 936 4433 1 5368
4704 822 3882 0 4704
5181 901 4280 0 5181
5076 865 4211 0 5076
5255 890 4365 0 5255
4985 859 4126 1 4984
4969 904 4065 0 4969
5031 864 4167 0 5031
4676 779 3897 0 4676
4819 850 3969 0 4819
5200 946 4254 0 5200
4849 810 4039 0 4849
5144 888 4256 1 5143
5353 974 4379 0 5353
5040 898 4142 0 5040
5152 934 4218 1 5151
5282 928 4354 0 5282
4757 797 3960 0 4757
4802 831 3971 0 4802
4693 835 3858 0 4693
5182 928 4254 0 5182
5268 907 4361 1 5267
5047 856 4191 0 5047
5378 933 4445 0 5378
5240 915 4325 0 5240
4979 868 4111 4 4975
5428 1020 4408 0 5428
4886 861 4025 0 4886
4913 848 4065 0 4913
5074 906 4168 0 5074
5079 885 4194 1 5078
4865 820 4045 0 4865
5045 827 4218 0 5045
5078 897 4181 1 5077
5190 920 4270 0 5190
5255 892 4363 0 5255
5359 947 4412 0 5359
4935 843 4092 1 4934
5267 936 4331 0 5267
5197 918 4279 0 5197
5202 940 4262 0 5202
5012 878 4134 0 5012
4995 919 4076 2 4993
5168 900 4268 0 5168
5522 988 4534 2 5520
4969 859 4110 0 4969
5151 925 4226 0 5151
5241 889 4352 0 5241
4825 869 3956 1 4824
4994 856 4138 3 4991
4990 863 4127 0 4990
5274 907 4367 0 5274
4931 870 4061 0 4931
4935 914 4021 0 4935
4772 849 3923 0 4772
4925 869 4056 0 4925
4670 798 3872 0 4670
5153 897 4256 2 5151
5221 934 4287 0 5221
5362 974 4388 1 5361
5194 884 4310 1 5193
5000 899 4101 0 5000
5263 945 4318 1 5262
4906 850 4056 0 4906
5572 1019 4553 0 5572
5172 916 4256 0 5172
4835 823 4012 0 4835
5028 916 4112 0 5028
5590 932 4658 0 5590
5029 865 4164 0 5029
4694 820 3874 2 4692
4853 859 3994 1 4852
4909 823 4086 1 4908
4947 838 4109 0 4947
5260 881 4379 0 5260
4927 854 4073 0 4927
5000 864 4136 1 4999
4949 849 4100 0 4949
5147 863 4284 1 5146
5616 1008 4608 0 5616
5057 840 4217 0 5057
5120 937 4183 0 5120
5276 950 4326 1 5275
4559 807 3752 0 4559
5137 887 4250 1 5136
4981 834 4147 0 4981
4832 838 3994 0 4832
5376 960 4416 0 5376
4961 873 4088 0 4961
5271 904 4367 0 5271
4934 849 4085 0 4934
5012 909 4103 0 5012
4948 882 4066 3 4945
5126 878 4248 2 5124
5111 919 4192 0 5111
5241 900 4341 0 5241
4766 836 3930 0 4766
5120 903 4217 0 5120
5039 937 4102 1 5038
5588 945 4643 0 5588
5244 910 4334 1 5243
5887 1002 4885 1 5886
5425 919 4506 0 5425
5522 956 4566 0 5522
5284 927 4357 1 5283
5171 909 4262 1 5170
5099 915 4184 0 5099
5346 911 4435 0 5346
5019 849 4170 0 5019
5809 1013 4796 0 5809
4782 896 3886 1 4781
5014 892 4122 0 5014
5069 894 4175 1 5068
5157 924 4233 1 5156
5440 927 4513 0 5440
4781 881 3900 0 4781
4655 820 3835 1 4654
5328 937 4391 0 5328
4874 852 4022 0 4874
5152 893 4259 1 5151
5346 938 4408 0 5346
5338 950 4388 0 5338
5241 953 4288 0 5241
4948 877 4071 0 4948
5264 938 4326 0 5264
5453 936 4517 0 5453
5057 885 4172 1 5056
5092 873 4219 0 5092
5269 943 4326 2 5267
5270 934 4336 0 5270
5411 957 4454 0 5411
5086 879 4207 0 5086
5149 932 4217 0 5149
4745 826 3919 1 4744
5985 1058 4927 0 5985
5413 933 4480 0 5413
5417 929 4488 0 5417
4972 864 4108 1 4971
4975 884 4091 1 4974
4884 832 4052 0 4884
5416 910 4506 0 5416
5027 885 4142 0 5027
5202 912 4290 0 5202
4754 801 3953 3 4751
5130 874 4256 0 5130
5334 939 4395 0 5334
4697 763 3934 0 4697
5157 906 4251 0 5157
5230 879 4351 1 5229
5090 845 4245 0 5090
5091 932 4159 1 5090
5103 938 4165 1 5102
5173 910 4263 0 5173
5657 965 4692 0 5657
4976 871 4105 0 4976
5262 922 4340 0 5262
5445 969 4476 0 5445
5031 836 4195 0 5031
5382 914 4468 1 5381
5180 870 4310 0 5180
5374 907 4467 0 5374
5233 962 4271 0 5233
5430 957 4473 1 5429
5370 945 4425 0 5370
5185 882 4303 1 5184
5078 875 4203 0 5078
5895 1010 4885 2 5893
4942 891 4051 0 4942
5171 889 4282 0 5171
5055 878 4177 0 5055
5097 926 4171 1 5096
5019 912 4107 0 5019
4893 856 4037 0 4893
4784 852 3932 0 4784
5716 942 4774 0 5716
4941 809 4132 0 4941
5485 934 4551 0 5485
5122 841 4281 0 5122
5133 885 4248 0 5133
5302 896 4406 1 5301
5457 929 4528 0 5457
4868 841 4027 0 4868
4901 852 4049 1 4900
5321 925 4396 0 5321
5169 937 4232 0 5169
5400 959 4441 1 5399
5002 854 4148 0 5002
5010 897 4113 0 5010
5356 953 4403 1 5355
4868 871 3997 2 4866
5170 933 4237 0 5170
4704 837 3867 2 4702
5140 860 4280 2 5138
5384 934 4450 0 5384
5145 914 4231 0 5145
5130 884 4246 0 5130
5186 891 4295 2 5184
4748 781 3967 1 4747
4757 835 3922 0 4757
5392 905 4487 0 5392
4942 820 4122 1 4941
5160 866 4294 0 5160
4809 809 4000 0 4809
4979 862 4117 0 4979
5078 921 4157 0 5078
5103 850 4253 0 5103
5224 980 4244 1 5223
5182 903 4279 0 5182
5247 904 4343 1 5246
5227 934 4293 2 5225
5107 859 4248 1 5106
5405 937 4468 0 5405
5695 1028 4667 2 5693
4995 880 4115 0 4995
4998 904 4094 1 4997
4985 886 4099 0 4985
5194 906 4288 0 5194
4855 865 3990 0 4855
5506 981 4525 1 5505
5371 976 4395 0 5371
5525 972 4553 0 5525
5236 938 4298 0 5236
5263 924 4339 0 5263
5022 872 4150 1 5021
5265 893 4372 1 5264
5084 840 4244 0 5084
4918 870 4048 0 4918
5130 886 4244 0 5130
5457 981 4476 0 5457
5106 937 4169 1 5105
5622 994 4628 0 5622
5198 860 4338 0 5198
5293 943 4350 0 5293
5141 883 4258 1 5140
5091 894 4197 1 5090
5452 940 4512 0 5452
5201 883 4318 0 5201
5312 954 4358 0 5312
4928 838 4090 0 4928
5205 909 4296 1 5204
4619 821 3798 0 4619
5591 1010 4581 0 5591
4831 838 3993 0 4831
4978 886 4092 0 4978
4905 869 4036 0 4905
5114 867 4247 0 5114
5002 849 4153 1 5001
5109 906 4203 0 5109
5169 944 4225 0 5169
5119 912 4207 1 5118
5135 842 4293 0 5135
5264 895 4369 1 5263
5225 898 4327 0 5225
5150 890 4260 0 5150
4946 861 4085 1 4945
5398 962 4436 1 5397
5212 895 4317 0 5212
5235 901 4334 2 5233
5363 938 4425 0 5363
5160 904 4256 0 5160
5280 917 4363 0 5280
5291 908 4383 0 5291
5080 883 4197 1 5079
4887 852 4035 0 4887
5294 951 4343 1 5293
5509 920 4589 2 5507
5564 920 4644 1 5563
4962 866 4096 0 4962
5241 855 4386 1 5240
5267 926 4341 1 5266
5098 928 4170 3 5095
5282 940 4342 0 5282
5464 978 4486 0 5464
5047 890 4157 1 5046
5420 947 4473 0 5420
4957 887 4070 1 4956
5152 871 4281 3 5149
5188 933 4255 0 5188
5237 956 4281 1 5236
5389 986 4403 1 5388
5908 1049 4859 0 5908
5171 950 4221 0 5171
4881 819 4062 0 4881
5453 1025 4428 0 5453
5112 891 4221 2 5110
5059 882 4177 1 5058
4751 845 3906 0 4751
5478 935 4543 0 5478
4925 894 4031 0 4925
5159 922 4237 0 5159
4662 816 3846 2 4660
5066 849 4217 3 5063
4995 865 4130 1 4994
5392 955 4437 0 5392
4965 885 4080 0 4965
5198 898 4300 1 5197
5320 954 4366 0 5320
5095 902 4193 1 5094
5316 923 4393 0 5316
5175 891 4284 0 5175
5286 897 4389 2 5284
5089 895 4194 0 5089
5065 939 4126 0 5065
5381 962 4419 0 5381
5081 850 4231 1 5080
5412 932 4480 2 5410
5320 967 4353 2 5318
5202 889 4313 1 5201
5178 903 4275 2 5176
5121 909 4212 0 5121
4930 873 4057 1 4929
5388 979 4409 0 5388
5680 1041 4639 0 5680
5425 929 4496 0 5425
5088 887 4201 0 5088
4794 895 3899 3 4791
5484 971 4513 0 5484
5093 892 4201 1 5092
5221 930 4291 0 5221
5513 946 4567 1 5512
5049 898 4151 0 5049
4815 822 3993 0 4815
5821 1074 4747 1 5820
5173 949 4224 0 5173
4917 859 4058 0 4917
5373 965 4408 0 5373
5526 964 4562 0 5526
5675 981 4694 0 5675
5248 931 4317 0 5248
5466 979 4487 1 5465
5168 937 4231 0 5168
5180 899 4281 0 5180
5023 855 4168 0 5023
5231 926 4305 0 5231
4976 850 4126 0 4976
5055 928 4127 0 5055
5168 914 4254 0 5168
5309 912 4397 0 5309
5220 913 4307 0 5220
4865 846 4019 0 4865
5231 945 4286 0 5231
5111 900 4211 0 5111
5408 948 4460 0 5408
5044 862 4182 0 5044
5157 908 4249 0 5157
5717 995 4722 1 5716
5102 915 4187 0 5102
5220 889 4331 3 5217
5353 920 4433 1 5352
5120 883 4237 1 5119
5017 860 4157 2 5015
5313 920 4393 0 5313
5173 887 4286 1 5172
5291 874 4417 0 5291
5111 897 4214 0 5111
5314 923 4391 1 5313
5299 908 4391 0 5299
5589 954 4635 0 5589
5049 870 4179 0 5049
5099 896 4203 0 5099
5487 959 4528 1 5486
5073 876 4197 0 5073
5092 866 4226 0 5092
4889 772 4117 1 4888
5358 952 4406 0 5358
5161 890 4271 0 5161
4982 868 4114 2 4980
4950 906 4044 0 4950
5541 966 4575 0 5541
5330 987 4343 1 5329
5197 928 4269 0 5197
4808 818 3990 1 4807
5100 873 4227 0 5100
