5578 5423 155 5421 157
5442 5296 146 5296 146
5595 5479 116 5476 119
5448 5303 145 5302 146
5562 5414 148 5414 148
5466 5334 132 5330 136
5536 5392 144 5387 149
5408 5249 159 5247 161
5419 5263 156 5263 156
5330 5204 126 5203 127
5340 5211 129 5210 130
5430 5282 148 5282 148
5718 5530 188 5529 189
5811 5651 160 5649 162
5383 5257 126 5255 128
5519 5367 152 5366 153
5451 5326 125 5325 126
5300 5165 135 5165 135
5633 5479 154 5479 154
5333 5188 145 5188 145
5221 5085 136 5085 136
5519 5342 177 5340 179
5610 5461 149 5460 150
5044 4895 149 4894 150
5579 5426 153 5425 154
5613 5451 162 5449 164
5790 5631 159 5630 160
5136 5023 113 5021 115
5131 4998 133 4998 133
5626 5472 154 5470 156
5698 5549 149 5548 150
5684 5545 139 5545 139
5319 5185 134 5183 136
5425 5284 141 5284 141
5316 5174 142 5174 142
5799 5637 162 5636 163
5393 5253 140 5251 142
5256 5118 138 5117 139
4981 4859 122 4857 124
5139 5003 136 5003 136
5323 5183 140 5183 140
5399 5252 147 5252 147
5277 5144 133 5142 135
5590 5461 129 5461 129
5355 5217 138 5217 138
5853 5709 144 5705 148
5252 5115 137 5115 137
5545 5390 155 5389 156
5453 5297 156 5296 157
5520 5363 157 5362 158
5255 5123 132 5122 133
5195 5051 144 5051 144
5207 5079 128 5077 130
5686 5544 142 5543 143
5468 5322 146 5321 147
5366 5218 148 5217 149
5033 4913 120 4912 121
5456 5328 128 5327 129
5177 5045 132 5043 134
5285 5159 126 5157 128
5099 4964 135 4962 137
5120 5002 118 5000 120
5301 5165 136 5165 136
5269 5100 169 5099 170
5135 5002 133 5000 135
4837 4715 122 4712 125
5119 4965 154 4964 155
5166 5031 135 5031 135
4846 4727 119 4724 122
5491 5362 129 5359 132
5221 5096 125 5095 126
4685 4562 123 4561 124
4924 4789 135 4787 137
5166 5021 145 5019 147
5114 4979 135 4977 137
5493 5347 146 5345 148
4966 4847 119 4846 120
4872 4735 137 4734 138
5029 4890 139 4887 142
4847 4713 134 4712 135
4809 4682 127 4681 128
4931 4798 133 4797 134
4973 4850 123 4848 125
5008 4889 119 4888 120
5155 5030 125 5029 126
5478 5341 137 5341 137
5222 5072 150 5071 151
4961 4824 137 4823 138
5420 5267 153 5267 153
5381 5224 157 5220 161
5076 4933 143 4932 144
5177 5042 135 5041 136
5075 4935 140 4933 142
5253 5109 144 5107 146
5151 4991 160 4990 161
5015 4868 147 4868 147
5041 4917 124 4915 126
5185 5053 132 5053 132
4951 4795 156 4794 157
5324 5189 135 5189 135
4974 4852 122 4850 124
4925 4799 126 4798 127
4876 4753 123 4753 123
5090 4943 147 4941 149
5633 5494 139 5492 141
4856 4719 137 4719 137
5134 4998 136 4996 138
4780 4650 130 4647 133
5161 5024 137 5023 138
4994 4870 124 4869 125
5369 5201 168 5200 169
5113 4950 163 4948 165
5288 5158 130 5157 131
5018 4882 136 4881 137
5518 5353 165 5352 166
5431 5297 134 5297 134
5081 4949 132 4949 132
5376 5224 152 5222 154
4724 4604 120 4604 120
5071 4931 140 4931 140
4931 4798 133 4797 134
4915 4796 119 4794 121
4899 4785 114 4781 118
5107 4985 122 4983 124
4982 4847 135 4844 138
4767 4647 120 4647 120
5056 4918 138 4917 139
5229 5085 144 5084 145
5449 5299 150 5296 153
5343 5212 131 5212 131
5158 5048 110 5046 112
5612 5479 133 5479 133
5231 5106 125 5105 126
5079 4926 153 4925 154
5324 5199 125 5199 125
5066 4912 154 4912 154
4980 4861 119 4858 122
5241 5119 122 5119 122
5271 5132 139 5132 139
5209 5077 132 5074 135
5046 4905 141 4904 142
4935 4833 102 4833 102
5208 5074 134 5074 134
5020 4862 158 4860 160
4963 4827 136 4826 137
5449 5308 141 5306 143
5082 4953 129 4952 130
5101 4983 118 4982 119
5368 5224 144 5224 144
5398 5255 143 5252 146
5538 5392 146 5392 146
5630 5460 170 5459 171
5580 5447 133 5444 136
4948 4807 141 4805 143
5483 5323 160 5323 160
5393 5241 152 5240 153
5562 5404 158 5403 159
5819 5692 127 5690 129
5704 5573 131 5573 131
5538 5379 159 5379 159
5517 5386 131 5385 132
5667 5487 180 5484 183
5529 5391 138 5389 140
5479 5326 153 5323 156
5807 5657 150 5657 150
4794 4675 119 4673 121
5452 5311 141 5308 144
5353 5203 150 5203 150
5531 5364 167 5364 167
4828 4689 139 4687 141
5733 5587 146 5585 148
5652 5503 149 5502 150
5836 5679 157 5673 163
5237 5101 136 5097 140
5111 4972 139 4971 140
5785 5670 115 5669 116
5384 5238 146 5236 148
5484 5339 145 5338 146
5414 5266 148 5264 150
5722 5579 143 5578 144
5795 5640 155 5640 155
4666 4532 134 4530 136
5504 5358 146 5357 147
5533 5393 140 5391 142
5123 4994 129 4994 129
5336 5211 125 5208 128
5145 5013 132 5012 133
5517 5380 137 5378 139
5064 4925 139 4925 139
4959 4810 149 4806 153
5855 5706 149 5705 150
5335 5224 111 5224 111
5415 5300 115 5299 116
4940 4824 116 4822 118
5043 4907 136 4905 138
5103 4972 131 4969 134
5167 5032 135 5031 136
5366 5227 139 5225 141
5005 4873 132 4872 133
5349 5202 147 5202 147
5891 5726 165 5724 167
5123 4988 135 4987 136
5630 5478 152 5476 154
5565 5403 162 5401 164
5616 5465 151 5463 153
5154 5029 125 5025 129
5389 5248 141 5248 141
5562 5429 133 5428 134
4829 4709 120 4708 121
5005 4880 125 4880 125
5022 4886 136 4885 137
5496 5343 153 5342 154
5633 5477 156 5476 157
5403 5256 147 5256 147
5295 5167 128 5166 129
5367 5235 132 5235 132
5037 4912 125 4909 128
4992 4856 136 4856 136
5242 5081 161 5081 161
5511 5354 157 5354 157
5287 5155 132 5152 135
5017 4881 136 4880 137
5063 4936 127 4935 128
5499 5344 155 5342 157
5345 5191 154 5189 156
5186 5061 125 5060 126
5273 5119 154 5118 155
5382 5243 139 5242 140
5441 5277 164 5274 167
5180 5036 144 5035 145
5121 4988 133 4986 135
4714 4583 131 4581 133
5082 4953 129 4953 129
5167 5025 142 5025 142
5566 5416 150 5415 151
5169 5041 128 5040 129
5435 5300 135 5296 139
4910 4775 135 4774 136
5708 5560 148 5555 153
5857 5674 183 5673 184
5592 5448 144 5448 144
5012 4877 135 4875 137
4998 4856 142 4856 142
5397 5239 158 5239 158
5376 5255 121 5253 123
4932 4782 150 4782 150
5392 5242 150 5242 150
5370 5217 153 5217 153
5166 5033 133 5030 136
4873 4757 116 4753 120
5214 5099 115 5098 116
5211 5066 145 5064 147
5180 5055 125 5055 125
5061 4933 128 4932 129
5242 5089 153 5086 156
4780 4667 113 4667 113
5322 5186 136 5185 137
5184 5044 140 5043 141
5232 5111 121 5109 123
5290 5161 129 5161 129
5001 4881 120 4879 122
5311 5165 146 5165 146
5126 4985 141 4985 141
5340 5180 160 5179 161
5124 4979 145 4979 145
5070 4945 125 4945 125
5324 5186 138 5186 138
5280 5158 122 5158 122
5598 5459 139 5457 141
5150 5032 118 5029 121
5032 4917 115 4915 117
5175 5050 125 5048 127
5219 5069 150 5069 150
4939 4831 108 4829 110
5381 5232 149 5230 151
5351 5217 134 5216 135
5395 5238 157 5237 158
5159 5027 132 5026 133
5110 4967 143 4964 146
5503 5352 151 5352 151
5551 5404 147 5403 148
5373 5238 135 5236 137
5512 5372 140 5370 142
5475 5316 159 5316 159
5154 5019 135 5019 135
5276 5148 128 5148 128
5755 5611 144 5610 145
5379 5240 139 5238 141
5245 5123 122 5122 123
4786 4660 126 4656 130
5397 5245 152 5245 152
5654 5505 149 5502 152
5132 4995 137 4995 137
5155 5010 145 5010 145
5333 5204 129 5204 129
5336 5188 148 5187 149
5416 5269 147 5269 147
5006 4881 125 4881 125
5101 4974 127 4974 127
5316 5182 134 5181 135
5331 5199 132 5198 133
5131 4996 135 4996 135
5193 5053 140 5051 142
5305 5173 132 5172 133
5642 5506 136 5506 136
5025 4901 124 4899 126
4945 4814 131 4814 131
5200 5057 143 5054 146
5339 5217 122 5215 124
5320 5175 145 5175 145
5159 5019 140 5019 140
4827 4711 116 4711 116
5726 5567 159 5565 161
5345 5212 133 5211 134
4906 4781 125 4781 125
4535 4398 137 4398 137
5057 4925 132 4924 133
5250 5135 115 5135 115
5446 5303 143 5300 146
4837 4722 115 4721 116
5086 4953 133 4953 133
5425 5292 133 5289 136
5162 5020 142 5019 143
5206 5070 136 5066 140
5063 4916 147 4916 147
5103 4978 125 4975 128
5105 4952 153 4950 155
5248 5089 159 5088 160
4922 4781 141 4780 142
5321 5179 142 5177 144
4983 4854 129 4853 130
5302 5168 134 5167 135
5042 4902 140 4902 140
5306 5169 137 5168 138
5043 4900 143 4900 143
5561 5432 129 5429 132
5242 5105 137 5104 138
4957 4813 144 4812 145
5158 5033 125 5031 127
4815 4685 130 4682 133
5112 4972 140 4971 141
5259 5129 130 5128 131
5386 5240 146 5237 149
4930 4800 130 4799 131
5235 5078 157 5078 157
5474 5346 128 5344 130
5298 5165 133 5164 134
5563 5408 155 5406 157
5098 4950 148 4950 148
4838 4695 143 4695 143
5156 5018 138 5018 138
5350 5212 138 5210 140
5015 4887 128 4885 130
5428 5288 140 5285 143
4982 4841 141 4836 146
5297 5172 125 5170 127
5419 5277 142 5277 142
5076 4941 135 4941 135
5045 4898 147 4895 150
5403 5267 136 5265 138
4956 4832 124 4831 125
5140 5012 128 5010 130
5014 4893 121 4891 123
5433 5268 165 5268 165
5129 5008 121 5005 124
5319 5170 149 5169 150
5404 5261 143 5261 143
5280 5150 130 5149 131
5600 5442 158 5441 159
5272 5134 138 5133 139
5465 5326 139 5324 141
4659 4555 104 4553 106
5002 4867 135 4864 138
5337 5199 138 5198 139
4756 4624 132 4623 133
5279 5141 138 5138 141
5045 4914 131 4913 132
4917 4794 123 4793 124
4867 4715 152 4714 153
5144 4998 146 4996 148
4885 4747 138 4746 139
5329 5214 115 5213 116
5088 4956 132 4954 134
5029 4900 129 4900 129
4994 4878 116 4878 116
5226 5073 153 5073 153
5267 5124 143 5122 145
5246 5106 140 5105 141
5162 5034 128 5032 130
4995 4868 127 4867 128
5076 4945 131 4944 132
4926 4788 138 4787 139
5277 5144 133 5144 133
4950 4815 135 4814 136
4951 4809 142 4808 143
5203 5069 134 5069 134
5567 5412 155 5412 155
5266 5123 143 5123 143
5557 5414 143 5412 145
5518 5367 151 5366 152
5307 5184 123 5183 124
5165 5016 149 5011 154
5147 5010 137 5010 137
5298 5178 120 5175 123
5089 4971 118 4969 120
4762 4625 137 4624 138
5364 5219 145 5219 145
4887 4764 123 4763 124
5358 5212 146 5212 146
5231 5092 139 5092 139
5357 5234 123 5233 124
5041 4905 136 4902 139
5247 5108 139 5108 139
5483 5307 176 5305 178
4949 4804 145 4798 151
5128 4998 130 4998 130
5310 5173 137 5173 137
4860 4708 152 4705 155
5293 5150 143 5147 146
4988 4862 126 4860 128
5261 5133 128 5133 128
5319 5171 148 5171 148
5064 4924 140 4921 143
4901 4757 144 4756 145
4975 4841 134 4838 137
4852 4719 133 4718 134
5354 5217 137 5217 137
5503 5327 176 5327 176
5281 5143 138 5142 139
5095 4960 135 4960 135
5022 4905 117 4905 117
5000 4866 134 4864 136
4836 4722 114 4722 114
5018 4891 127 4891 127
4974 4854 120 4851 123
5428 5269 159 5267 161
5007 4868 139 4867 140
4820 4667 153 4667 153
5147 4993 154 4991 156
5302 5175 127 5173 129
5277 5135 142 5134 143
5545 5392 153 5391 154
4972 4874 98 4874 98
5350 5201 149 5200 150
4886 4757 129 4757 129
5343 5215 128 5213 130
4823 4698 125 4698 125
5266 5131 135 5129 137
5139 4999 140 4998 141
5183 5054 129 5054 129
4990 4872 118 4872 118
5199 5056 143 5056 143
5214 5072 142 5071 143
5165 5051 114 5049 116
5644 5485 159 5485 159
5101 4972 129 4971 130
5876 5723 153 5720 156
4958 4820 138 4820 138
5192 5074 118 5073 119
4439 4320 119 4319 120
5146 5018 128 5018 128
5172 5013 159 5010 162
5199 5036 163 5034 165
5243 5113 130 5111 132
5056 4912 144 4911 145
5292 5167 125 5166 126
4911 4789 122 4788 123
5554 5406 148 5405 149
5148 4999 149 4998 150
4955 4815 140 4814 141
5199 5070 129 5067 132
5268 5117 151 5115 153
5039 4909 130 4909 130
5342 5206 136 5204 138
4745 4614 131 4614 131
4663 4547 116 4545 118
5088 4952 136 4952 136
4774 4653 121 4650 124
5007 4869 138 4869 138
5146 5018 128 5017 129
5129 4986 143 4985 144
5303 5153 150 5153 150
5453 5292 161 5290 163
5086 4940 146 4940 146
5176 5029 147 5029 147
5347 5205 142 5203 144
5139 5015 124 5013 126
5065 4933 132 4931 134
4848 4722 126 4720 128
5270 5137 133 5137 133
5067 4929 138 4927 140
5041 4909 132 4909 132
4860 4747 113 4745 115
5484 5333 151 5332 152
5153 5024 129 5022 131
5391 5261 130 5260 131
5303 5148 155 5147 156
4621 4491 130 4490 131
5063 4931 132 4929 134
5206 5062 144 5060 146
5788 5657 131 5657 131
5180 5060 120 5060 120
4638 4531 107 4531 107
4928 4797 131 4796 132
4999 4868 131 4867 132
5005 4872 133 4872 133
5223 5070 153 5070 153
5117 4982 135 4981 136
5068 4937 131 4935 133
5182 5067 115 5066 116
4951 4816 135 4816 135
5440 5293 147 5292 148
4822 4706 116 4702 120
4832 4701 131 4700 132
5632 5492 140 5490 142
5208 5073 135 5072 136
4971 4835 136 4833 138
5088 4950 138 4949 139
5201 5059 142 5059 142
5443 5293 150 5292 151
5529 5402 127 5401 128
5429 5278 151 5278 151
5711 5562 149 5560 151
5373 5231 142 5230 143
5349 5220 129 5218 131
4928 4797 131 4796 132
5287 5142 145 5141 146
5181 5048 133 5047 134
5262 5119 143 5119 143
5306 5163 143 5161 145
5388 5230 158 5229 159
5294 5157 137 5156 138
5186 5043 143 5042 144
5122 4989 133 4988 134
5086 4954 132 4951 135
4801 4694 107 4692 109
5058 4937 121 4937 121
4832 4711 121 4708 124
5121 4970 151 4965 156
4962 4826 136 4826 136
5040 4901 139 4901 139
4740 4599 141 4598 142
5121 4971 150 4969 152
5280 5158 122 5155 125
5001 4865 136 4865 136
5257 5123 134 5122 135
5110 4994 116 4993 117
5556 5413 143 5412 144
4997 4832 165 4831 166
5351 5212 139 5212 139
5120 4977 143 4976 144
5134 5000 134 4999 135
4884 4773 111 4772 112
5094 4955 139 4953 141
5143 5014 129 5014 129
4852 4717 135 4717 135
5321 5178 143 5177 144
5286 5149 137 5148 138
5158 5023 135 5020 138
5071 4943 128 4940 131
5297 5145 152 5144 153
5265 5136 129 5133 132
5102 4974 128 4974 128
4985 4866 119 4864 121
4985 4858 127 4858 127
5558 5406 152 5405 153
5298 5170 128 5168 130
5012 4862 150 4861 151
5381 5224 157 5223 158
5184 5027 157 5026 158
4944 4828 116 4827 117
5111 4953 158 4951 160
4921 4782 139 4781 140
4984 4866 118 4865 119
5250 5094 156 5094 156
5305 5169 136 5169 136
5387 5255 132 5253 134
5010 4871 139 4868 142
5169 5028 141 5026 143
5228 5097 131 5096 132
5155 4993 162 4991 164
5370 5246 124 5242 128
4793 4671 122 4668 125
4840 4701 139 4700 140
5042 4900 142 4898 144
5481 5324 157 5320 161
5222 5072 150 5070 152
4941 4808 133 4804 137
5135 5022 113 5021 114
5243 5084 159 5082 161
5172 5037 135 5037 135
5590 5455 135 5454 136
5435 5288 147 5287 148
5198 5049 149 5048 150
5437 5294 143 5292 145
5353 5216 137 5216 137
5204 5062 142 5062 142
5085 4953 132 4952 133
5270 5131 139 5129 141
5088 4942 146 4941 147
5271 5142 129 5140 131
5435 5296 139 5295 140
5214 5084 130 5083 131
5193 5058 135 5056 137
5584 5440 144 5439 145
5412 5259 153 5258 154
5051 4928 123 4928 123
5024 4885 139 4881 143
4994 4860 134 4859 135
5312 5177 135 5176 136
4983 4858 125 4858 125
5172 5051 121 5050 122
5208 5067 141 5065 143
4915 4777 138 4777 138
4942 4807 135 4807 135
5361 5235 126 5234 127
5236 5097 139 5097 139
4824 4709 115 4709 115
5306 5161 145 5159 147
5099 4983 116 4980 119
4946 4824 122 4820 126
5481 5342 139 5341 140
5326 5198 128 5197 129
5494 5350 144 5348 146
4944 4829 115 4829 115
4895 4762 133 4761 134
4763 4626 137 4626 137
5369 5243 126 5241 128
4704 4578 126 4572 132
5181 5048 133 5045 136
5076 4928 148 4926 150
5255 5124 131 5123 132
4985 4861 124 4860 125
4969 4828 141 4827 142
5031 4901 130 4899 132
4676 4528 148 4527 149
4819 4679 140 4678 141
5200 5062 138 5061 139
4849 4710 139 4710 139
5144 5018 126 5018 126
5353 5207 146 5204 149
5040 4903 137 4900 140
5152 4998 154 4996 156
5282 5139 143 5138 144
4757 4624 133 4623 134
4802 4681 121 4679 123
4693 4563 130 4563 130
5182 5064 118 5063 119
5268 5125 143 5123 145
5047 4897 150 4897 150
5378 5251 127 5250 128
5240 5107 133 5106 134
4979 4849 130 4848 131
5428 5288 140 5287 141
4886 4771 115 4771 115
4913 4787 126 4786 127
5074 4923 151 4919 155
5079 4943 136 4940 139
4865 4714 151 4713 152
5045 4912 133 4907 138
5078 4942 136 4940 138
5190 5058 132 5058 132
5255 5099 156 5098 157
5359 5215 144 5214 145
4935 4793 142 4791 144
5267 5125 142 5122 145
5197 5063 134 5062 135
5202 5060 142 5058 144
5012 4890 122 4889 123
4995 4867 128 4867 128
5168 5034 134 5029 139
5522 5380 142 5378 144
4969 4836 133 4835 134
5151 5006 145 5005 146
5241 5108 133 5107 134
4825 4694 131 4693 132
4994 4858 136 4858 136
4990 4866 124 4866 124
5274 5134 140 5133 141
4931 4803 128 4803 128
4935 4803 132 4803 132
4772 4661 111 4661 111
4925 4806 119 4805 120
4670 4537 133 4537 133
5153 5006 147 5004 149
5221 5079 142 5079 142
5362 5219 143 5216 146
5194 5046 148 5046 148
5000 4867 133 4867 133
5263 5125 138 5125 138
4906 4773 133 4772 134
5572 5435 137 5433 139
5172 5045 127 5044 128
4835 4681 154 4680 155
5028 4896 132 4895 133
5590 5427 163 5426 164
5029 4906 123 4904 125
4694 4558 136 4555 139
4853 4705 148 4705 148
4909 4777 132 4777 132
4947 4825 122 4825 122
5260 5106 154 5106 154
4927 4797 130 4796 131
5000 4864 136 4859 141
4949 4844 105 4844 105
5147 5002 145 5001 146
5616 5443 173 5443 173
5057 4914 143 4914 143
5120 4978 142 4977 143
5276 5148 128 5146 130
4559 4425 134 4424 135
5137 4995 142 4992 145
4981 4858 123 4857 124
4832 4678 154 4677 155
5376 5248 128 5245 131
4961 4840 121 4839 122
5271 5153 118 5152 119
4934 4792 142 4791 143
5012 4865 147 4865 147
4948 4823 125 4822 126
5126 4995 131 4991 135
5111 4963 148 4963 148
5241 5076 165 5075 166
4766 4642 124 4640 126
5120 4995 125 4994 126
5039 4923 116 4922 117
5588 5446 142 5444 144
5244 5104 140 5103 141
5887 5707 180 5706 181
5425 5289 136 5287 138
5522 5388 134 5386 136
5284 5122 162 5121 163
5171 5032 139 5031 140
5099 4957 142 4956 143
5346 5183 163 5182 164
5019 4879 140 4879 140
5809 5651 158 5649 160
4782 4656 126 4656 126
5014 4859 155 4856 158
5069 4934 135 4932 137
5157 5030 127 5026 131
5440 5304 136 5304 136
4781 4646 135 4646 135
4655 4539 116 4538 117
5328 5176 152 5174 154
4874 4750 124 4748 126
5152 5019 133 5019 133
5346 5211 135 5210 136
5338 5205 133 5203 135
5241 5103 138 5103 138
4948 4821 127 4820 128
5264 5122 142 5121 143
5453 5308 145 5307 146
5057 4933 124 4933 124
5092 4951 141 4951 141
5269 5129 140 5128 141
5270 5138 132 5137 133
5411 5272 139 5270 141
5086 4961 125 4959 127
5149 5033 116 5032 117
4745 4636 109 4635 110
5985 5800 185 5799 186
5413 5294 119 5292 121
5417 5276 141 5274 143
4972 4820 152 4819 153
4975 4848 127 4846 129
4884 4760 124 4759 125
5416 5269 147 5263 153
5027 4908 119 4905 122
5202 5057 145 5055 147
4754 4606 148 4606 148
5130 4993 137 4991 139
5334 5185 149 5185 149
4697 4559 138 4556 141
5157 5015 142 5013 144
5230 5106 124 5106 124
5090 4957 133 4957 133
5091 4982 109 4981 110
5103 4967 136 4965 138
5173 5038 135 5036 137
5657 5496 161 5494 163
4976 4863 113 4863 113
5262 5127 135 5127 135
5445 5292 153 5290 155
5031 4903 128 4903 128
5382 5232 150 5231 151
5180 5051 129 5050 130
5374 5204 170 5204 170
5233 5079 154 5077 156
5430 5276 154 5275 155
5370 5210 160 5209 161
5185 5063 122 5061 124
5078 4952 126 4952 126
5895 5747 148 5746 149
4942 4816 126 4813 129
5171 5039 132 5038 133
5055 4914 141 4911 144
5097 4958 139 4956 141
5019 4888 131 4886 133
4893 4759 134 4757 136
4784 4658 126 4658 126
5716 5585 131 5584 132
4941 4833 108 4833 108
5485 5345 140 5344 141
5122 5015 107 5015 107
5133 4998 135 4997 136
5302 5176 126 5174 128
5457 5326 131 5325 132
4868 4756 112 4753 115
4901 4778 123 4778 123
5321 5187 134 5185 136
5169 5032 137 5031 138
5400 5240 160 5238 162
5002 4871 131 4867 135
5010 4882 128 4881 129
5356 5214 142 5214 142
4868 4750 118 4749 119
5170 5061 109 5060 110
4704 4618 86 4616 88
5140 5003 137 5003 137
5384 5227 157 5227 157
5145 5011 134 5011 134
5130 4976 154 4974 156
5186 5062 124 5061 125
4748 4617 131 4615 133
4757 4641 116 4637 120
5392 5256 136 5256 136
4942 4822 120 4821 121
5160 5009 151 5009 151
4809 4677 132 4677 132
4979 4843 136 4843 136
5078 4930 148 4928 150
5103 4968 135 4967 136
5224 5096 128 5093 131
5182 5049 133 5047 135
5247 5119 128 5118 129
5227 5082 145 5082 145
5107 4982 125 4982 125
5405 5278 127 5275 130
5695 5554 141 5552 143
4995 4868 127 4868 127
4998 4850 148 4848 150
4985 4832 153 4832 153
5194 5062 132 5061 133
4855 4737 118 4735 120
5506 5356 150 5355 151
5371 5226 145 5225 146
5525 5389 136 5389 136
5236 5121 115 5119 117
5263 5125 138 5124 139
5022 4902 120 4901 121
5265 5115 150 5114 151
5084 4959 125 4959 125
4918 4787 131 4785 133
5130 5002 128 5002 128
5457 5292 165 5292 165
5106 4980 126 4978 128
5622 5462 160 5460 162
5198 5048 150 5046 152
5293 5138 155 5138 155
5141 5001 140 5000 141
5091 4965 126 4962 129
5452 5298 154 5296 156
5201 5066 135 5065 136
5312 5174 138 5173 139
4928 4803 125 4802 126
5205 5071 134 5070 135
4619 4504 115 4503 116
5591 5451 140 5450 141
4831 4700 131 4697 134
4978 4848 130 4847 131
4905 4782 123 4780 125
5114 4977 137 4973 141
5002 4877 125 4877 125
5109 4960 149 4957 152
5169 5034 135 5032 137
5119 4988 131 4988 131
5135 4986 149 4984 151
5264 5127 137 5126 138
5225 5091 134 5091 134
5150 5015 135 5014 136
4946 4825 121 4824 122
5398 5258 140 5257 141
5212 5078 134 5076 136
5235 5106 129 5105 130
5363 5225 138 5223 140
5160 5049 111 5048 112
5280 5155 125 5153 127
5291 5152 139 5152 139
5080 4940 140 4939 141
4887 4734 153 4732 155
5294 5116 178 5115 179
5509 5363 146 5358 151
5564 5406 158 5406 158
4962 4831 131 4828 134
5241 5084 157 5083 158
5267 5138 129 5135 132
5098 4934 164 4934 164
5282 5142 140 5142 140
5464 5319 145 5318 146
5047 4920 127 4920 127
5420 5261 159 5261 159
4957 4843 114 4841 116
5152 5018 134 5017 135
5188 5066 122 5065 123
5237 5088 149 5086 151
5389 5240 149 5238 151
5908 5751 157 5750 158
5171 5012 159 5012 159
4881 4742 139 4740 141
5453 5309 144 5307 146
5112 4986 126 4984 128
5059 4917 142 4916 143
4751 4644 107 4643 108
5478 5333 145 5332 146
4925 4802 123 4802 123
5159 5027 132 5026 133
4662 4520 142 4519 143
5066 4942 124 4941 125
4995 4886 109 4884 111
5392 5243 149 5242 150
4965 4820 145 4820 145
5198 5039 159 5038 160
5320 5192 128 5190 130
5095 4977 118 4977 118
5316 5177 139 5177 139
5175 5050 125 5048 127
5286 5137 149 5137 149
5089 4949 140 4947 142
5065 4920 145 4919 146
5381 5245 136 5244 137
5081 4946 135 4944 137
5412 5270 142 5270 142
5320 5176 144 5175 145
5202 5073 129 5072 130
5178 5022 156 5021 157
5121 4992 129 4991 130
4930 4818 112 4817 113
5388 5278 110 5278 110
5680 5521 159 5519 161
5425 5290 135 5289 136
5088 4961 127 4960 128
4794 4653 141 4653 141
5484 5339 145 5339 145
5093 4956 137 4956 137
5221 5089 132 5087 134
5513 5368 145 5368 145
5049 4927 122 4926 123
4815 4699 116 4698 117
5821 5675 146 5673 148
5173 5030 143 5029 144
4917 4788 129 4786 131
5373 5233 140 5233 140
5526 5379 147 5379 147
5675 5530 145 5529 146
5248 5114 134 5112 136
5466 5330 136 5328 138
5168 5021 147 5020 148
5180 5036 144 5035 145
5023 4899 124 4895 128
5231 5075 156 5074 157
4976 4847 129 4846 130
5055 4915 140 4913 142
5168 5008 160 5006 162
5309 5176 133 5176 133
5220 5098 122 5097 123
4865 4724 141 4722 143
5231 5080 151 5079 152
5111 4958 153 4956 155
5408 5265 143 5264 144
5044 4923 121 4922 122
5157 5019 138 5019 138
5717 5548 169 5547 170
5102 4970 132 4970 132
5220 5078 142 5075 145
5353 5219 134 5218 135
5120 4980 140 4979 141
5017 4875 142 4874 143
5313 5180 133 5180 133
5173 5031 142 5029 144
5291 5147 144 5147 144
5111 4976 135 4976 135
5314 5162 152 5160 154
5299 5153 146 5150 149
5589 5430 159 5429 160
5049 4933 116 4933 116
5099 4977 122 4976 123
5487 5343 144 5342 145
5073 4927 146 4923 150
5092 4977 115 4976 116
4889 4782 107 4782 107
5358 5210 148 5209 149
5161 5010 151 5010 151
4982 4846 136 4846 136
4950 4838 112 4834 116
5541 5379 162 5378 163
5330 5196 134 5194 136
5197 5052 145 5051 146
4808 4668 140 4667 141
5100 4965 135 4964 136
