5578 5204 374 5194 384
5442 5106 336 5097 345
5595 5244 351 5235 360
5448 5082 366 5075 373
5562 5220 342 5209 353
5466 5118 348 5113 353
5536 5203 333 5199 337
5408 5064 344 5058 350
5419 5103 316 5092 327
5330 4969 361 4962 368
5340 5009 331 4997 343
5430 5080 350 5073 357
5718 5360 358 5354 364
5811 5426 385 5412 399
5383 5051 332 5046 337
5519 5190 329 5180 339
5451 5119 332 5115 336
5300 4949 351 4938 362
5633 5257 376 5251 382
5333 4976 357 4970 363
5221 4889 332 4879 342
5519 5134 385 5122 397
5610 5245 365 5236 374
5044 4722 322 4711 333
5579 5181 398 5170 409
5613 5243 370 5235 378
5790 5456 334 5448 342
5136 4824 312 4817 319
5131 4802 329 4792 339
5626 5283 343 5272 354
5698 5325 373 5322 376
5684 5351 333 5344 340
5319 4978 341 4972 347
5425 5048 377 5040 385
5316 4985 331 4979 337
5799 5410 389 5403 396
5393 5035 358 5027 366
5256 4902 354 4894 362
4981 4662 319 4658 323
5139 4829 310 4822 317
5323 4964 359 4955 368
5399 5045 354 5034 365
5277 4952 325 4945 332
5590 5232 358 5224 366
5355 5011 344 5003 352
5853 5459 394 5453 400
5252 4920 332 4911 341
5545 5207 338 5203 342
5453 5077 376 5068 385
5520 5163 357 5156 364
5255 4922 333 4914 341
5195 4880 315 4867 328
5207 4862 345 4854 353
5686 5324 362 5317 369
5468 5085 383 5077 391
5366 5055 311 5046 320
5033 4674 359 4665 368
5456 5107 349 5100 356
5177 4817 360 4804 373
5285 4934 351 4925 360
5099 4779 320 4773 326
5120 4785 335 4771 349
5301 4962 339 4955 346
5269 4944 325 4933 336
5135 4774 361 4764 371
4837 4560 277 4557 280
5119 4790 329 4777 342
5166 4847 319 4842 324
4846 4539 307 4535 311
5491 5150 341 5145 346
5221 4872 349 4865 356
4685 4386 299 4379 306
4924 4607 317 4603 321
5166 4825 341 4821 345
5114 4798 316 4789 325
5493 5153 340 5146 347
4966 4662 304 4651 315
4872 4554 318 4547 325
5029 4719 310 4712 317
4847 4562 285 4555 292
4809 4503 306 4496 313
4931 4608 323 4605 326
4973 4621 352 4613 360
5008 4665 343 4658 350
5155 4834 321 4821 334
5478 5137 341 5126 352
5222 4889 333 4881 341
4961 4639 322 4634 327
5420 5089 331 5084 336
5381 5064 317 5052 329
5076 4791 285 4787 289
5177 4821 356 4810 367
5075 4754 321 4749 326
5253 4934 319 4927 326
5151 4811 340 4804 347
5015 4709 306 4698 317
5041 4716 325 4712 329
5185 4845 340 4838 347
4951 4621 330 4613 338
5324 4985 339 4977 347
4974 4629 345 4624 350
4925 4631 294 4626 299
4876 4575 301 4561 315
5090 4779 311 4766 324
5633 5260 373 5252 381
4856 4557 299 4553 303
5134 4818 316 4811 323
4780 4493 287 4484 296
5161 4843 318 4833 328
4994 4669 325 4662 332
5369 5022 347 5011 358
5113 4789 324 4782 331
5288 4946 342 4939 349
5018 4679 339 4669 349
5518 5204 314 5194 324
5431 5085 346 5073 358
5081 4750 331 4741 340
5376 5011 365 4999 377
4724 4418 306 4412 312
5071 4744 327 4737 334
4931 4615 316 4608 323
4915 4599 316 4589 326
4899 4570 329 4560 339
5107 4771 336 4767 340
4982 4669 313 4659 323
4767 4458 309 4446 321
5056 4755 301 4740 316
5229 4915 314 4910 319
5449 5087 362 5083 366
5343 5030 313 5020 323
5158 4833 325 4826 332
5612 5226 386 5216 396
5231 4923 308 4912 319
5079 4779 300 4774 305
5324 5016 308 5011 313
5066 4733 333 4729 337
4980 4628 352 4620 360
5241 4917 324 4909 332
5271 4933 338 4928 343
5209 4870 339 4862 347
5046 4713 333 4706 340
4935 4621 314 4615 320
5208 4862 346 4848 360
5020 4688 332 4680 340
4963 4677 286 4670 293
5449 5112 337 5108 341
5082 4762 320 4750 332
5101 4787 314 4783 318
5368 5026 342 5023 345
5398 5033 365 5025 373
5538 5210 328 5204 334
5630 5279 351 5269 361
5580 5214 366 5204 376
4948 4615 333 4599 349
5483 5137 346 5130 353
5393 5080 313 5071 322
5562 5195 367 5187 375
5819 5452 367 5437 382
5704 5338 366 5331 373
5538 5173 365 5167 371
5517 5150 367 5142 375
5667 5300 367 5296 371
5529 5120 409 5113 416
5479 5124 355 5118 361
5807 5462 345 5454 353
4794 4497 297 4492 302
5452 5123 329 5109 343
5353 5029 324 5023 330
5531 5182 349 5176 355
4828 4520 308 4514 314
5733 5390 343 5381 352
5652 5289 363 5283 369
5836 5466 370 5453 383
5237 4879 358 4874 363
5111 4793 318 4790 321
5785 5416 369 5411 374
5384 5040 344 5033 351
5484 5139 345 5126 358
5414 5046 368 5037 377
5722 5414 308 5407 315
5795 5432 363 5422 373
4666 4363 303 4353 313
5504 5200 304 5191 313
5533 5170 363 5164 369
5123 4787 336 4780 343
5336 4977 359 4974 362
5145 4790 355 4781 364
5517 5165 352 5155 362
5064 4741 323 4735 329
4959 4635 324 4625 334
5855 5513 342 5494 361
5335 4986 349 4981 354
5415 5068 347 5058 357
4940 4613 327 4605 335
5043 4713 330 4704 339
5103 4783 320 4771 332
5167 4872 295 4864 303
5366 5031 335 5027 339
5005 4679 326 4673 332
5349 5018 331 5010 339
5891 5528 363 5521 370
5123 4817 306 4807 316
5630 5260 370 5254 376
5565 5198 367 5190 375
5616 5273 343 5266 350
5154 4855 299 4846 308
5389 5032 357 5027 362
5562 5216 346 5210 352
4829 4505 324 4498 331
5005 4680 325 4672 333
5022 4701 321 4695 327
5496 5108 388 5104 392
5633 5306 327 5295 338
5403 5052 351 5045 358
5295 4978 317 4971 324
5367 5020 347 5008 359
5037 4707 330 4700 337
4992 4660 332 4650 342
5242 4873 369 4866 376
5511 5148 363 5140 371
5287 4952 335 4945 342
5017 4721 296 4714 303
5063 4729 334 4721 342
5499 5169 330 5162 337
5345 5002 343 4996 349
5186 4875 311 4868 318
5273 4918 355 4910 363
5382 5063 319 5051 331
5441 5096 345 5088 353
5180 4870 310 4863 317
5121 4810 311 4801 320
4714 4439 275 4432 282
5082 4756 326 4750 332
5167 4872 295 4861 306
5566 5219 347 5210 356
5169 4843 326 4839 330
5435 5057 378 5043 392
4910 4600 310 4593 317
5708 5365 343 5352 356
5857 5477 380 5469 388
5592 5250 342 5239 353
5012 4700 312 4691 321
4998 4651 347 4638 360
5397 5060 337 5050 347
5376 5047 329 5041 335
4932 4591 341 4583 349
5392 5037 355 5030 362
5370 5040 330 5036 334
5166 4803 363 4796 370
4873 4551 322 4543 330
5214 4872 342 4862 352
5211 4901 310 4894 317
5180 4853 327 4844 336
5061 4752 309 4746 315
5242 4907 335 4901 341
4780 4477 303 4467 313
5322 4986 336 4980 342
5184 4854 330 4850 334
5232 4899 333 4886 346
5290 4930 360 4916 374
5001 4658 343 4656 345
5311 4943 368 4941 370
5126 4810 316 4802 324
5340 4993 347 4983 357
5124 4819 305 4814 310
5070 4761 309 4748 322
5324 4971 353 4957 367
5280 4950 330 4940 340
5598 5233 365 5224 374
5150 4833 317 4825 325
5032 4704 328 4690 342
5175 4839 336 4833 342
5219 4873 346 4865 354
4939 4637 302 4631 308
5381 5061 320 5055 326
5351 5035 316 5030 321
5395 5047 348 5040 355
5159 4825 334 4820 339
5110 4789 321 4785 325
5503 5124 379 5120 383
5551 5177 374 5171 380
5373 5055 318 5042 331
5512 5129 383 5120 392
5475 5122 353 5117 358
5154 4818 336 4808 346
5276 4904 372 4897 379
5755 5386 369 5373 382
5379 5020 359 5013 366
5245 4915 330 4911 334
4786 4475 311 4471 315
5397 5047 350 5038 359
5654 5273 381 5264 390
5132 4765 367 4759 373
5155 4831 324 4825 330
5333 4989 344 4986 347
5336 4992 344 4988 348
5416 5083 333 5081 335
5006 4710 296 4704 302
5101 4795 306 4789 312
5316 4978 338 4973 343
5331 5014 317 5010 321
5131 4793 338 4782 349
5193 4845 348 4838 355
5305 4946 359 4941 364
5642 5273 369 5268 374
5025 4668 357 4658 367
4945 4641 304 4635 310
5200 4878 322 4870 330
5339 4977 362 4969 370
5320 4967 353 4961 359
5159 4832 327 4823 336
4827 4518 309 4506 321
5726 5362 364 5348 378
5345 4986 359 4976 369
4906 4624 282 4613 293
4535 4259 276 4253 282
5057 4736 321 4726 331
5250 4885 365 4876 374
5446 5084 362 5071 375
4837 4533 304 4525 312
5086 4763 323 4757 329
5425 5095 330 5085 340
5162 4814 348 4812 350
5206 4875 331 4866 340
5063 4723 340 4721 342
5103 4759 344 4753 350
5105 4763 342 4753 352
5248 4906 342 4898 350
4922 4604 318 4596 326
5321 4983 338 4981 340
4983 4644 339 4640 343
5302 4953 349 4941 361
5042 4726 316 4716 326
5306 4960 346 4952 354
5043 4712 331 4701 342
5561 5211 350 5206 355
5242 4924 318 4916 326
4957 4667 290 4659 298
5158 4840 318 4836 322
4815 4498 317 4490 325
5112 4798 314 4786 326
5259 4932 327 4922 337
5386 5075 311 5070 316
4930 4630 300 4628 302
5235 4890 345 4880 355
5474 5136 338 5127 347
5298 4933 365 4921 377
5563 5198 365 5185 378
5098 4805 293 4800 298
4838 4491 347 4481 357
5156 4807 349 4795 361
5350 5010 340 4993 357
5015 4684 331 4677 338
5428 5075 353 5067 361
4982 4620 362 4612 370
5297 4953 344 4949 348
5419 5058 361 5055 364
5076 4738 338 4729 347
5045 4692 353 4682 363
5403 5074 329 5070 333
4956 4682 274 4675 281
5140 4815 325 4807 333
5014 4649 365 4643 371
5433 5098 335 5087 346
5129 4809 320 4803 326
5319 4979 340 4975 344
5404 5074 330 5067 337
5280 4940 340 4935 345
5600 5254 346 5246 354
5272 4925 347 4916 356
5465 5110 355 5100 365
4659 4327 332 4317 342
5002 4674 328 4670 332
5337 5009 328 5005 332
4756 4463 293 4459 297
5279 4948 331 4941 338
5045 4703 342 4695 350
4917 4578 339 4570 347
4867 4560 307 4557 310
5144 4822 322 4817 327
4885 4566 319 4562 323
5329 4991 338 4981 348
5088 4763 325 4755 333
5029 4742 287 4738 291
4994 4669 325 4658 336
5226 4902 324 4897 329
5267 4930 337 4922 345
5246 4928 318 4923 323
5162 4812 350 4806 356
4995 4672 323 4667 328
5076 4742 334 4731 345
4926 4614 312 4604 322
5277 4915 362 4907 370
4950 4629 321 4624 326
4951 4645 306 4638 313
5203 4841 362 4829 374
5567 5232 335 5222 345
5266 4948 318 4944 322
5557 5201 356 5197 360
5518 5180 338 5175 343
5307 4946 361 4939 368
5165 4844 321 4836 329
5147 4811 336 4800 347
5298 4929 369 4921 377
5089 4743 346 4734 355
4762 4443 319 4434 328
5364 5057 307 5051 313
4887 4564 323 4558 329
5358 4993 365 4989 369
5231 4870 361 4862 369
5357 5019 338 5010 347
5041 4716 325 4705 336
5247 4896 351 4887 360
5483 5120 363 5107 376
4949 4604 345 4598 351
5128 4809 319 4803 325
5310 4967 343 4957 353
4860 4535 325 4531 329
5293 4967 326 4957 336
4988 4661 327 4650 338
5261 4945 316 4940 321
5319 4994 325 4983 336
5064 4748 316 4741 323
4901 4599 302 4593 308
4975 4659 316 4651 324
4852 4527 325 4521 331
5354 5012 342 5002 352
5503 5130 373 5122 381
5281 4938 343 4930 351
5095 4773 322 4765 330
5022 4703 319 4698 324
5000 4691 309 4681 319
4836 4520 316 4515 321
5018 4711 307 4706 312
4974 4671 303 4664 310
5428 5084 344 5075 353
5007 4688 319 4680 327
4820 4483 337 4473 347
5147 4825 322 4816 331
5302 4953 349 4950 352
5277 4934 343 4930 347
5545 5199 346 5190 355
4972 4628 344 4622 350
5350 5031 319 5021 329
4886 4585 301 4583 303
5343 5006 337 4999 344
4823 4510 313 4506 317
5266 4910 356 4899 367
5139 4788 351 4784 355
5183 4866 317 4863 320
4990 4677 313 4668 322
5199 4854 345 4843 356
5214 4865 349 4854 360
5165 4851 314 4841 324
5644 5284 360 5275 369
5101 4772 329 4766 335
5876 5475 401 5471 405
4958 4621 337 4617 341
5192 4837 355 4830 362
4439 4180 259 4175 264
5146 4850 296 4844 302
5172 4854 318 4849 323
5199 4852 347 4844 355
5243 4944 299 4937 306
5056 4733 323 4728 328
5292 4938 354 4933 359
4911 4600 311 4593 318
5554 5167 387 5163 391
5148 4826 322 4818 330
4955 4654 301 4647 308
5199 4859 340 4855 344
5268 4918 350 4912 356
5039 4728 311 4720 319
5342 4985 357 4980 362
4745 4420 325 4412 333
4663 4343 320 4338 325
5088 4777 311 4769 319
4774 4461 313 4453 321
5007 4680 327 4675 332
5146 4787 359 4778 368
5129 4792 337 4784 345
5303 4970 333 4964 339
5453 5100 353 5093 360
5086 4733 353 4724 362
5176 4827 349 4819 357
5347 5012 335 5004 343
5139 4785 354 4772 367
5065 4741 324 4738 327
4848 4522 326 4517 331
5270 4948 322 4938 332
5067 4728 339 4714 353
5041 4752 289 4747 294
4860 4522 338 4509 351
5484 5128 356 5121 363
5153 4793 360 4781 372
5391 5050 341 5042 349
5303 4927 376 4917 386
4621 4327 294 4320 301
5063 4758 305 4744 319
5206 4892 314 4887 319
5788 5436 352 5425 363
5180 4827 353 4820 360
4638 4330 308 4320 318
4928 4627 301 4619 309
4999 4657 342 4650 349
5005 4678 327 4669 336
5223 4909 314 4900 323
5117 4781 336 4775 342
5068 4771 297 4764 304
5182 4853 329 4845 337
4951 4618 333 4606 345
5440 5088 352 5079 361
4822 4523 299 4518 304
4832 4538 294 4534 298
5632 5255 377 5242 390
5208 4867 341 4860 348
4971 4639 332 4633 338
5088 4728 360 4720 368
5201 4869 332 4863 338
5443 5063 380 5058 385
5529 5174 355 5159 370
5429 5095 334 5087 342
5711 5329 382 5314 397
5373 5023 350 5019 354
5349 5001 348 4997 352
4928 4619 309 4607 321
5287 4943 344 4938 349
5181 4841 340 4837 344
5262 4907 355 4896 366
5306 4967 339 4962 344
5388 5010 378 5003 385
5294 4974 320 4968 326
5186 4850 336 4846 340
5122 4818 304 4808 314
5086 4751 335 4737 349
4801 4497 304 4491 310
5058 4765 293 4757 301
4832 4505 327 4498 334
5121 4774 347 4769 352
4962 4649 313 4641 321
5040 4707 333 4695 345
4740 4430 310 4420 320
5121 4805 316 4798 323
5280 4926 354 4919 361
5001 4691 310 4686 315
5257 4938 319 4932 325
5110 4786 324 4781 329
5556 5197 359 5187 369
4997 4673 324 4660 337
5351 5002 349 4993 358
5120 4779 341 4772 348
5134 4831 303 4820 314
4884 4579 305 4577 307
5094 4762 332 4758 336
5143 4820 323 4811 332
4852 4540 312 4531 321
5321 4986 335 4982 339
5286 4955 331 4950 336
5158 4820 338 4811 347
5071 4741 330 4735 336
5297 4948 349 4939 358
5265 4932 333 4922 343
5102 4794 308 4784 318
4985 4643 342 4639 346
4985 4664 321 4654 331
5558 5213 345 5203 355
5298 4952 346 4946 352
5012 4689 323 4682 330
5381 5054 327 5046 335
5184 4847 337 4833 351
4944 4645 299 4636 308
5111 4761 350 4753 358
4921 4614 307 4609 312
4984 4666 318 4659 325
5250 4906 344 4897 353
5305 4973 332 4969 336
5387 5058 329 5051 336
5010 4686 324 4676 334
5169 4825 344 4820 349
5228 4910 318 4903 325
5155 4815 340 4805 350
5370 5037 333 5028 342
4793 4499 294 4488 305
4840 4519 321 4512 328
5042 4715 327 4708 334
5481 5139 342 5131 350
5222 4920 302 4913 309
4941 4621 320 4615 326
5135 4811 324 4800 335
5243 4897 346 4887 356
5172 4823 349 4814 358
5590 5229 361 5224 366
5435 5080 355 5070 365
5198 4853 345 4847 351
5437 5082 355 5067 370
5353 5011 342 5005 348
5204 4859 345 4847 357
5085 4746 339 4736 349
5270 4931 339 4927 343
5088 4771 317 4759 329
5271 4960 311 4955 316
5435 5103 332 5093 342
5214 4873 341 4869 345
5193 4851 342 4841 352
5584 5222 362 5209 375
5412 5104 308 5099 313
5051 4701 350 4698 353
5024 4681 343 4675 349
4994 4672 322 4661 333
5312 4975 337 4969 343
4983 4669 314 4665 318
5172 4816 356 4807 365
5208 4871 337 4865 343
4915 4588 327 4581 334
4942 4628 314 4620 322
5361 5022 339 5013 348
5236 4903 333 4896 340
4824 4522 302 4518 306
5306 4985 321 4974 332
5099 4771 328 4766 333
4946 4637 309 4631 315
5481 5126 355 5121 360
5326 4991 335 4981 345
5494 5104 390 5088 406
4944 4599 345 4591 353
4895 4589 306 4585 310
4763 4457 306 4448 315
5369 5005 364 4995 374
4704 4428 276 4421 283
5181 4871 310 4863 318
5076 4758 318 4743 333
5255 4928 327 4924 331
4985 4646 339 4638 347
4969 4653 316 4650 319
5031 4682 349 4675 356
4676 4386 290 4379 297
4819 4485 334 4473 346
5200 4849 351 4843 357
4849 4546 303 4538 311
5144 4832 312 4827 317
5353 5035 318 5023 330
5040 4710 330 4702 338
5152 4817 335 4812 340
5282 4948 334 4944 338
4757 4460 297 4450 307
4802 4477 325 4468 334
4693 4384 309 4377 316
5182 4838 344 4831 351
5268 4940 328 4929 339
5047 4741 306 4731 316
5378 5061 317 5050 328
5240 4911 329 4907 333
4979 4654 325 4649 330
5428 5080 348 5075 353
4886 4596 290 4590 296
4913 4588 325 4584 329
5074 4734 340 4731 343
5079 4769 310 4761 318
4865 4564 301 4557 308
5045 4721 324 4713 332
5078 4747 331 4737 341
5190 4854 336 4846 344
5255 4901 354 4891 364
5359 5020 339 5012 347
4935 4620 315 4613 322
5267 4927 340 4921 346
5197 4853 344 4850 347
5202 4864 338 4854 348
5012 4684 328 4679 333
4995 4662 333 4653 342
5168 4820 348 4808 360
5522 5175 347 5170 352
4969 4630 339 4625 344
5151 4834 317 4830 321
5241 4910 331 4903 338
4825 4527 298 4523 302
4994 4694 300 4685 309
4990 4654 336 4648 342
5274 4939 335 4929 345
4931 4587 344 4579 352
4935 4624 311 4619 316
4772 4458 314 4455 317
4925 4583 342 4579 346
4670 4350 320 4343 327
5153 4801 352 4796 357
5221 4900 321 4889 332
5362 5021 341 5013 349
5194 4855 339 4849 345
5000 4697 303 4692 308
5263 4902 361 4896 367
4906 4580 326 4577 329
5572 5235 337 5224 348
5172 4847 325 4840 332
4835 4513 322 4503 332
5028 4706 322 4700 328
5590 5222 368 5219 371
5029 4710 319 4700 329
4694 4395 299 4388 306
4853 4560 293 4551 302
4909 4584 325 4579 330
4947 4642 305 4641 306
5260 4921 339 4916 344
4927 4629 298 4623 304
5000 4693 307 4684 316
4949 4656 293 4647 302
5147 4819 328 4813 334
5616 5269 347 5260 356
5057 4754 303 4749 308
5120 4795 325 4790 330
5276 4940 336 4935 341
4559 4249 310 4240 319
5137 4823 314 4809 328
4981 4638 343 4627 354
4832 4537 295 4531 301
5376 4995 381 4987 389
4961 4658 303 4649 312
5271 4921 350 4911 360
4934 4616 318 4605 329
5012 4671 341 4660 352
4948 4637 311 4628 320
5126 4821 305 4812 314
5111 4801 310 4796 315
5241 4882 359 4878 363
4766 4423 343 4418 348
5120 4795 325 4790 330
5039 4681 358 4667 372
5588 5221 367 5215 373
5244 4891 353 4887 357
5887 5516 371 5508 379
5425 5074 351 5068 357
5522 5192 330 5184 338
5284 4937 347 4928 356
5171 4842 329 4833 338
5099 4786 313 4777 322
5346 4995 351 4986 360
5019 4675 344 4672 347
5809 5423 386 5408 401
4782 4449 333 4436 346
5014 4702 312 4699 315
5069 4748 321 4742 327
5157 4870 287 4860 297
5440 5092 348 5083 357
4781 4475 306 4467 314
4655 4380 275 4376 279
5328 5007 321 4999 329
4874 4564 310 4555 319
5152 4838 314 4826 326
5346 5008 338 4997 349
5338 5004 334 4999 339
5241 4906 335 4899 342
4948 4632 316 4626 322
5264 4940 324 4932 332
5453 5115 338 5111 342
5057 4783 274 4782 275
5092 4759 333 4750 342
5269 4927 342 4923 346
5270 4902 368 4890 380
5411 5038 373 5028 383
5086 4771 315 4765 321
5149 4835 314 4827 322
4745 4487 258 4482 263
5985 5558 427 5552 433
5413 5057 356 5051 362
5417 5054 363 5048 369
4972 4661 311 4653 319
4975 4660 315 4656 319
4884 4569 315 4561 323
5416 5053 363 5048 368
5027 4710 317 4701 326
5202 4887 315 4881 321
4754 4460 294 4454 300
5130 4794 336 4785 345
5334 5028 306 5021 313
4697 4397 300 4393 304
5157 4828 329 4827 330
5230 4885 345 4879 351
5090 4770 320 4765 325
5091 4778 313 4770 321
5103 4781 322 4771 332
5173 4847 326 4838 335
5657 5269 388 5261 396
4976 4677 299 4663 313
5262 4918 344 4909 353
5445 5124 321 5117 328
5031 4705 326 4700 331
5382 5048 334 5038 344
5180 4864 316 4859 321
5374 5038 336 5034 340
5233 4942 291 4939 294
5430 5084 346 5078 352
5370 5018 352 5009 361
5185 4861 324 4855 330
5078 4731 347 4721 357
5895 5502 393 5495 400
4942 4629 313 4623 319
5171 4851 320 4846 325
5055 4754 301 4749 306
5097 4804 293 4794 303
5019 4708 311 4701 318
4893 4614 279 4606 287
4784 4508 276 4502 282
5716 5344 372 5337 379
4941 4661 280 4654 287
5485 5125 360 5114 371
5122 4820 302 4807 315
5133 4815 318 4800 333
5302 4952 350 4948 354
5457 5127 330 5119 338
4868 4551 317 4544 324
4901 4597 304 4588 313
5321 4987 334 4975 346
5169 4858 311 4853 316
5400 5045 355 5039 361
5002 4695 307 4686 316
5010 4679 331 4671 339
5356 4995 361 4985 371
4868 4512 356 4503 365
5170 4844 326 4833 337
4704 4392 312 4386 318
5140 4825 315 4816 324
5384 5040 344 5031 353
5145 4836 309 4832 313
5130 4820 310 4815 315
5186 4891 295 4886 300
4748 4457 291 4449 299
4757 4475 282 4467 290
5392 5056 336 5047 345
4942 4614 328 4612 330
5160 4850 310 4847 313
4809 4481 328 4473 336
4979 4665 314 4659 320
5078 4763 315 4756 322
5103 4781 322 4772 331
5224 4871 353 4861 363
5182 4853 329 4847 335
5247 4894 353 4881 366
5227 4910 317 4900 327
5107 4750 357 4741 366
5405 5050 355 5043 362
5695 5352 343 5342 353
4995 4661 334 4650 345
4998 4681 317 4674 324
4985 4662 323 4659 326
5194 4882 312 4874 320
4855 4524 331 4515 340
5506 5159 347 5157 349
5371 5023 348 5012 359
5525 5161 364 5153 372
5236 4883 353 4873 363
5263 4935 328 4931 332
5022 4694 328 4687 335
5265 4930 335 4921 344
5084 4782 302 4780 304
4918 4588 330 4578 340
5130 4818 312 4810 320
5457 5081 376 5071 386
5106 4778 328 4767 339
5622 5238 384 5234 388
5198 4871 327 4864 334
5293 4950 343 4944 349
5141 4799 342 4785 356
5091 4793 298 4782 309
5452 5057 395 5054 398
5201 4876 325 4870 331
5312 4977 335 4969 343
4928 4618 310 4612 316
5205 4887 318 4883 322
4619 4339 280 4334 285
5591 5211 380 5208 383
4831 4507 324 4495 336
4978 4682 296 4672 306
4905 4578 327 4574 331
5114 4787 327 4778 336
5002 4686 316 4678 324
5109 4813 296 4802 307
5169 4830 339 4825 344
5119 4790 329 4786 333
5135 4783 352 4769 366
5264 4909 355 4900 364
5225 4903 322 4893 332
5150 4810 340 4807 343
4946 4644 302 4636 310
5398 5057 341 5048 350
5212 4879 333 4874 338
5235 4888 347 4885 350
5363 4981 382 4976 387
5160 4840 320 4837 323
5280 4959 321 4951 329
5291 4957 334 4949 342
5080 4755 325 4750 330
4887 4569 318 4563 324
5294 4931 363 4923 371
5509 5143 366 5137 372
5564 5227 337 5218 346
4962 4647 315 4636 326
5241 4920 321 4914 327
5267 4918 349 4909 358
5098 4784 314 4772 326
5282 4923 359 4915 367
5464 5126 338 5119 345
5047 4691 356 4684 363
5420 5061 359 5055 365
4957 4630 327 4627 330
5152 4831 321 4828 324
5188 4874 314 4866 322
5237 4900 337 4891 346
5389 5047 342 5040 349
5908 5542 366 5535 373
5171 4855 316 4845 326
4881 4557 324 4551 330
5453 5085 368 5073 380
5112 4792 320 4783 329
5059 4718 341 4715 344
4751 4464 287 4456 295
5478 5138 340 5131 347
4925 4620 305 4611 314
5159 4827 332 4823 336
4662 4347 315 4339 323
5066 4771 295 4763 303
4995 4683 312 4676 319
5392 5052 340 5046 346
4965 4651 314 4642 323
5198 4861 337 4856 342
5320 4980 340 4972 348
5095 4780 315 4772 323
5316 4979 337 4964 352
5175 4823 352 4816 359
5286 4952 334 4943 343
5089 4787 302 4777 312
5065 4735 330 4725 340
5381 5026 355 5020 361
5081 4755 326 4750 331
5412 5061 351 5055 357
5320 5006 314 4999 321
5202 4870 332 4862 340
5178 4850 328 4847 331
5121 4802 319 4796 325
4930 4601 329 4595 335
5388 5041 347 5033 355
5680 5312 368 5303 377
5425 5049 376 5041 384
5088 4766 322 4756 332
4794 4487 307 4476 318
5484 5137 347 5133 351
5093 4768 325 4758 335
5221 4889 332 4883 338
5513 5141 372 5129 384
5049 4722 327 4711 338
4815 4537 278 4527 288
5821 5412 409 5404 417
5173 4849 324 4840 333
4917 4581 336 4577 340
5373 5027 346 5021 352
5526 5139 387 5131 395
5675 5308 367 5302 373
5248 4919 329 4918 330
5466 5105 361 5096 370
5168 4833 335 4828 340
5180 4871 309 4864 316
5023 4674 349 4665 358
5231 4904 327 4897 334
4976 4644 332 4633 343
5055 4737 318 4728 327
5168 4853 315 4848 320
5309 4957 352 4948 361
5220 4907 313 4901 319
4865 4557 308 4553 312
5231 4895 336 4889 342
5111 4795 316 4782 329
5408 5061 347 5052 356
5044 4732 312 4721 323
5157 4823 334 4817 340
5717 5354 363 5342 375
5102 4756 346 4745 357
5220 4865 355 4858 362
5353 5028 325 5019 334
5120 4816 304 4808 312
5017 4681 336 4673 344
5313 4975 338 4960 353
5173 4857 316 4853 320
5291 4932 359 4925 366
5111 4789 322 4782 329
5314 4960 354 4950 364
5299 4958 341 4946 353
5589 5220 369 5215 374
5049 4749 300 4741 308
5099 4780 319 4771 328
5487 5134 353 5126 361
5073 4745 328 4736 337
5092 4746 346 4738 354
4889 4593 296 4584 305
5358 5004 354 4996 362
5161 4847 314 4839 322
4982 4646 336 4641 341
4950 4636 314 4629 321
5541 5177 364 5163 378
5330 4977 353 4973 357
5197 4869 328 4859 338
4808 4530 278 4525 283
5100 4756 344 4746 354
