5578 5241 337 5233 345
5442 5118 324 5113 329
5595 5262 333 5256 339
5448 5135 313 5131 317
5562 5258 304 5256 306
5466 5144 322 5137 329
5536 5213 323 5207 329
5408 5062 346 5057 351
5419 5078 341 5066 353
5330 5014 316 5008 322
5340 5062 278 5055 285
5430 5086 344 5079 351
5718 5384 334 5376 342
5811 5443 368 5432 379
5383 5076 307 5070 313
5519 5209 310 5201 318
5451 5126 325 5122 329
5300 4996 304 4989 311
5633 5245 388 5242 391
5333 5034 299 5025 308
5221 4904 317 4897 324
5519 5187 332 5183 336
5610 5271 339 5260 350
5044 4754 290 4749 295
5579 5223 356 5213 366
5613 5289 324 5278 335
5790 5474 316 5465 325
5136 4803 333 4796 340
5131 4796 335 4790 341
5626 5293 333 5288 338
5698 5347 351 5343 355
5684 5365 319 5356 328
5319 5014 305 5009 310
5425 5113 312 5102 323
5316 4993 323 4988 328
5799 5456 343 5450 349
5393 5084 309 5078 315
5256 4926 330 4917 339
4981 4705 276 4693 288
5139 4861 278 4856 283
5323 5005 318 4999 324
5399 5089 310 5077 322
5277 4952 325 4943 334
5590 5252 338 5248 342
5355 5031 324 5017 338
5853 5490 363 5482 371
5252 4938 314 4935 317
5545 5193 352 5187 358
5453 5113 340 5103 350
5520 5188 332 5180 340
5255 4947 308 4939 316
5195 4889 306 4882 313
5207 4867 340 4861 346
5686 5339 347 5330 356
5468 5154 314 5147 321
5366 5047 319 5037 329
5033 4702 331 4696 337
5456 5131 325 5120 336
5177 4888 289 4879 298
5285 4983 302 4973 312
5099 4815 284 4808 291
5120 4804 316 4795 325
5301 4970 331 4967 334
5269 4937 332 4930 339
5135 4814 321 4808 327
4837 4581 256 4574 263
5119 4786 333 4783 336
5166 4854 312 4848 318
4846 4550 296 4549 297
5491 5176 315 5170 321
5221 4908 313 4900 321
4685 4406 279 4399 286
4924 4660 264 4652 272
5166 4842 324 4833 333
5114 4832 282 4825 289
5493 5216 277 5209 284
4966 4700 266 4696 270
4872 4592 280 4586 286
5029 4726 303 4718 311
4847 4564 283 4560 287
4809 4526 283 4520 289
4931 4652 279 4646 285
4973 4690 283 4682 291
5008 4721 287 4713 295
5155 4848 307 4846 309
5478 5182 296 5175 303
5222 4939 283 4932 290
4961 4686 275 4678 283
5420 5059 361 5049 371
5381 5058 323 5047 334
5076 4757 319 4754 322
5177 4879 298 4871 306
5075 4793 282 4788 287
5253 4946 307 4938 315
5151 4854 297 4844 307
5015 4703 312 4692 323
5041 4742 299 4737 304
5185 4873 312 4867 318
4951 4682 269 4673 278
5324 5015 309 5008 316
4974 4662 312 4655 319
4925 4609 316 4607 318
4876 4576 300 4566 310
5090 4779 311 4774 316
5633 5328 305 5321 312
4856 4567 289 4559 297
5134 4839 295 4831 303
4780 4524 256 4519 261
5161 4854 307 4850 311
4994 4691 303 4684 310
5369 5043 326 5035 334
5113 4835 278 4824 289
5288 4960 328 4959 329
5018 4732 286 4729 289
5518 5173 345 5166 352
5431 5128 303 5120 311
5081 4780 301 4770 311
5376 5040 336 5033 343
4724 4436 288 4431 293
5071 4768 303 4761 310
4931 4627 304 4619 312
4915 4596 319 4589 326
4899 4614 285 4610 289
5107 4809 298 4804 303
4982 4689 293 4684 298
4767 4465 302 4457 310
5056 4751 305 4744 312
5229 4928 301 4922 307
5449 5101 348 5093 356
5343 5027 316 5019 324
5158 4843 315 4836 322
5612 5271 341 5262 350
5231 4913 318 4908 323
5079 4756 323 4750 329
5324 5019 305 5010 314
5066 4771 295 4762 304
4980 4697 283 4692 288
5241 4917 324 4908 333
5271 4943 328 4935 336
5209 4896 313 4893 316
5046 4751 295 4745 301
4935 4624 311 4618 317
5208 4881 327 4873 335
5020 4716 304 4708 312
4963 4631 332 4620 343
5449 5130 319 5122 327
5082 4771 311 4764 318
5101 4792 309 4788 313
5368 5052 316 5046 322
5398 5084 314 5078 320
5538 5204 334 5201 337
5630 5323 307 5312 318
5580 5257 323 5254 326
4948 4659 289 4656 292
5483 5137 346 5128 355
5393 5075 318 5068 325
5562 5254 308 5246 316
5819 5488 331 5481 338
5704 5349 355 5343 361
5538 5237 301 5231 307
5517 5200 317 5192 325
5667 5339 328 5336 331
5529 5202 327 5198 331
5479 5163 316 5154 325
5807 5432 375 5427 380
4794 4485 309 4477 317
5452 5138 314 5129 323
5353 5031 322 5022 331
5531 5188 343 5181 350
4828 4563 265 4556 272
5733 5374 359 5370 363
5652 5313 339 5304 348
5836 5484 352 5473 363
5237 4938 299 4933 304
5111 4812 299 4806 305
5785 5460 325 5455 330
5384 5082 302 5077 307
5484 5127 357 5120 364
5414 5097 317 5091 323
5722 5375 347 5367 355
5795 5444 351 5436 359
4666 4406 260 4403 263
5504 5159 345 5148 356
5533 5200 333 5192 341
5123 4780 343 4775 348
5336 5021 315 5016 320
5145 4813 332 4799 346
5517 5173 344 5169 348
5064 4735 329 4728 336
4959 4634 325 4631 328
5855 5507 348 5497 358
5335 5043 292 5037 298
5415 5077 338 5070 345
4940 4672 268 4665 275
5043 4752 291 4749 294
5103 4802 301 4799 304
5167 4879 288 4870 297
5366 5043 323 5035 331
5005 4724 281 4718 287
5349 5031 318 5022 327
5891 5557 334 5554 337
5123 4805 318 4801 322
5630 5276 354 5271 359
5565 5237 328 5233 332
5616 5283 333 5272 344
5154 4796 358 4790 364
5389 5042 347 5032 357
5562 5244 318 5233 329
4829 4510 319 4504 325
5005 4704 301 4698 307
5022 4728 294 4721 301
5496 5146 350 5140 356
5633 5303 330 5293 340
5403 5122 281 5110 293
5295 4962 333 4953 342
5367 5046 321 5038 329
5037 4727 310 4723 314
4992 4704 288 4696 296
5242 4903 339 4897 345
5511 5188 323 5181 330
5287 4962 325 4957 330
5017 4720 297 4711 306
5063 4759 304 4756 307
5499 5149 350 5144 355
5345 5033 312 5025 320
5186 4870 316 4860 326
5273 4950 323 4942 331
5382 5049 333 5040 342
5441 5113 328 5106 335
5180 4876 304 4873 307
5121 4836 285 4830 291
4714 4455 259 4450 264
5082 4772 310 4769 313
5167 4862 305 4851 316
5566 5229 337 5221 345
5169 4851 318 4843 326
5435 5139 296 5135 300
4910 4630 280 4627 283
5708 5380 328 5371 337
5857 5513 344 5507 350
5592 5236 356 5227 365
5012 4682 330 4676 336
4998 4704 294 4700 298
5397 5084 313 5082 315
5376 5045 331 5038 338
4932 4609 323 4603 329
5392 5082 310 5076 316
5370 5071 299 5062 308
5166 4850 316 4846 320
4873 4564 309 4558 315
5214 4902 312 4891 323
5211 4862 349 4854 357
5180 4887 293 4874 306
5061 4741 320 4739 322
5242 4928 314 4921 321
4780 4474 306 4465 315
5322 5009 313 4996 326
5184 4874 310 4866 318
5232 4920 312 4917 315
5290 4977 313 4968 322
5001 4720 281 4717 284
5311 5011 300 5005 306
5126 4823 303 4817 309
5340 5043 297 5035 305
5124 4790 334 4783 341
5070 4769 301 4765 305
5324 5029 295 5023 301
5280 4956 324 4951 329
5598 5296 302 5289 309
5150 4841 309 4833 317
5032 4725 307 4721 311
5175 4873 302 4869 306
5219 4901 318 4895 324
4939 4668 271 4663 276
5381 5079 302 5071 310
5351 5037 314 5034 317
5395 5069 326 5059 336
5159 4867 292 4860 299
5110 4808 302 4797 313
5503 5183 320 5173 330
5551 5207 344 5202 349
5373 5060 313 5054 319
5512 5179 333 5174 338
5475 5162 313 5153 322
5154 4842 312 4836 318
5276 4965 311 4956 320
5755 5415 340 5407 348
5379 5058 321 5053 326
5245 4945 300 4943 302
4786 4512 274 4509 277
5397 5056 341 5052 345
5654 5332 322 5329 325
5132 4855 277 4850 282
5155 4820 335 4816 339
5333 4979 354 4972 361
5336 5014 322 5007 329
5416 5086 330 5083 333
5006 4702 304 4696 310
5101 4809 292 4803 298
5316 5007 309 4999 317
5331 5023 308 5016 315
5131 4837 294 4825 306
5193 4867 326 4860 333
5305 5007 298 5003 302
5642 5295 347 5287 355
5025 4707 318 4703 322
4945 4660 285 4656 289
5200 4862 338 4853 347
5339 4988 351 4979 360
5320 4993 327 4983 337
5159 4822 337 4815 344
4827 4549 278 4544 283
5726 5383 343 5374 352
5345 5076 269 5072 273
4906 4610 296 4604 302
4535 4241 294 4236 299
5057 4737 320 4732 325
5250 4943 307 4936 314
5446 5128 318 5118 328
4837 4555 282 4550 287
5086 4778 308 4768 318
5425 5083 342 5073 352
5162 4847 315 4841 321
5206 4892 314 4880 326
5063 4739 324 4729 334
5103 4801 302 4792 311
5105 4819 286 4814 291
5248 4942 306 4935 313
4922 4639 283 4632 290
5321 5002 319 4995 326
4983 4717 266 4708 275
5302 4980 322 4968 334
5042 4723 319 4717 325
5306 5003 303 4997 309
5043 4757 286 4750 293
5561 5240 321 5232 329
5242 4911 331 4906 336
4957 4664 293 4658 299
5158 4839 319 4833 325
4815 4546 269 4542 273
5112 4798 314 4794 318
5259 4913 346 4906 353
5386 5075 311 5070 316
4930 4634 296 4632 298
5235 4913 322 4908 327
5474 5150 324 5139 335
5298 4955 343 4949 349
5563 5218 345 5215 348
5098 4820 278 4816 282
4838 4531 307 4523 315
5156 4864 292 4859 297
5350 5000 350 4996 354
5015 4717 298 4707 308
5428 5106 322 5099 329
4982 4680 302 4672 310
5297 4982 315 4971 326
5419 5069 350 5062 357
5076 4770 306 4760 316
5045 4751 294 4744 301
5403 5046 357 5036 367
4956 4684 272 4671 285
5140 4803 337 4796 344
5014 4709 305 4705 309
5433 5086 347 5076 357
5129 4827 302 4820 309
5319 5010 309 5003 316
5404 5082 322 5079 325
5280 4934 346 4926 354
5600 5239 361 5232 368
5272 4952 320 4946 326
5465 5127 338 5116 349
4659 4378 281 4369 290
5002 4706 296 4704 298
5337 5007 330 5000 337
4756 4492 264 4489 267
5279 4957 322 4951 328
5045 4756 289 4751 294
4917 4603 314 4591 326
4867 4586 281 4579 288
5144 4838 306 4831 313
4885 4583 302 4580 305
5329 5012 317 5007 322
5088 4774 314 4768 320
5029 4735 294 4725 304
4994 4680 314 4676 318
5226 4904 322 4898 328
5267 4955 312 4948 319
5246 4920 326 4917 329
5162 4866 296 4858 304
4995 4693 302 4686 309
5076 4755 321 4750 326
4926 4627 299 4618 308
5277 4975 302 4967 310
4950 4654 296 4652 298
4951 4675 276 4671 280
5203 4918 285 4910 293
5567 5228 339 5222 345
5266 4941 325 4935 331
5557 5217 340 5212 345
5518 5156 362 5146 372
5307 5000 307 4993 314
5165 4815 350 4810 355
5147 4821 326 4813 334
5298 4974 324 4967 331
5089 4805 284 4801 288
4762 4443 319 4441 321
5364 5046 318 5030 334
4887 4606 281 4603 284
5358 5032 326 5027 331
5231 4911 320 4904 327
5357 5044 313 5034 323
5041 4749 292 4742 299
5247 4965 282 4957 290
5483 5172 311 5165 318
4949 4655 294 4646 303
5128 4815 313 4812 316
5310 5031 279 5018 292
4860 4593 267 4590 270
5293 4968 325 4960 333
4988 4703 285 4695 293
5261 4957 304 4945 316
5319 4992 327 4982 337
5064 4760 304 4753 311
4901 4612 289 4608 293
4975 4668 307 4662 313
4852 4569 283 4566 286
5354 5022 332 5017 337
5503 5200 303 5193 310
5281 4951 330 4941 340
5095 4791 304 4789 306
5022 4729 293 4726 296
5000 4723 277 4721 279
4836 4551 285 4542 294
5018 4711 307 4702 316
4974 4685 289 4679 295
5428 5101 327 5093 335
5007 4693 314 4686 321
4820 4533 287 4530 290
5147 4850 297 4844 303
5302 4976 326 4972 330
5277 4948 329 4941 336
5545 5245 300 5238 307
4972 4663 309 4651 321
5350 5042 308 5033 317
4886 4595 291 4588 298
5343 4986 357 4972 371
4823 4549 274 4539 284
5266 4937 329 4927 339
5139 4825 314 4816 323
5183 4873 310 4866 317
4990 4707 283 4702 288
5199 4883 316 4876 323
5214 4909 305 4900 314
5165 4870 295 4863 302
5644 5300 344 5294 350
5101 4806 295 4800 301
5876 5491 385 5481 395
4958 4630 328 4626 332
5192 4833 359 4829 363
4439 4165 274 4162 277
5146 4836 310 4829 317
5172 4858 314 4851 321
5199 4837 362 4830 369
5243 4918 325 4908 335
5056 4767 289 4761 295
5292 4990 302 4977 315
4911 4625 286 4622 289
5554 5251 303 5243 311
5148 4885 263 4880 268
4955 4661 294 4655 300
5199 4889 310 4881 318
5268 4961 307 4953 315
5039 4706 333 4702 337
5342 5049 293 5041 301
4745 4454 291 4444 301
4663 4369 294 4363 300
5088 4770 318 4765 323
4774 4480 294 4473 301
5007 4685 322 4676 331
5146 4828 318 4825 321
5129 4804 325 4800 329
5303 5008 295 5002 301
5453 5135 318 5123 330
5086 4779 307 4774 312
5176 4888 288 4886 290
5347 5032 315 5027 320
5139 4829 310 4824 315
5065 4786 279 4778 287
4848 4560 288 4555 293
5270 4966 304 4958 312
5067 4783 284 4776 291
5041 4727 314 4713 328
4860 4591 269 4585 275
5484 5162 322 5154 330
5153 4844 309 4837 316
5391 5080 311 5076 315
5303 4993 310 4983 320
4621 4324 297 4319 302
5063 4767 296 4758 305
5206 4894 312 4886 320
5788 5470 318 5462 326
5180 4875 305 4871 309
4638 4360 278 4355 283
4928 4618 310 4615 313
4999 4687 312 4682 317
5005 4710 295 4704 301
5223 4915 308 4901 322
5117 4801 316 4793 324
5068 4775 293 4770 298
5182 4870 312 4862 320
4951 4623 328 4620 331
5440 5145 295 5135 305
4822 4551 271 4545 277
4832 4542 290 4539 293
5632 5261 371 5252 380
5208 4924 284 4914 294
4971 4673 298 4668 303
5088 4778 310 4772 316
5201 4871 330 4861 340
5443 5125 318 5120 323
5529 5201 328 5193 336
5429 5112 317 5101 328
5711 5376 335 5372 339
5373 5029 344 5025 348
5349 5017 332 5011 338
4928 4645 283 4635 293
5287 4968 319 4961 326
5181 4898 283 4895 286
5262 4920 342 4912 350
5306 4976 330 4967 339
5388 5072 316 5061 327
5294 5014 280 5007 287
5186 4865 321 4855 331
5122 4811 311 4810 312
5086 4790 296 4783 303
4801 4524 277 4516 285
5058 4751 307 4743 315
4832 4536 296 4530 302
5121 4796 325 4792 329
4962 4667 295 4665 297
5040 4742 298 4735 305
4740 4464 276 4458 282
5121 4797 324 4789 332
5280 4968 312 4962 318
5001 4736 265 4733 268
5257 4954 303 4952 305
5110 4817 293 4809 301
5556 5241 315 5237 319
4997 4701 296 4692 305
5351 5048 303 5043 308
5120 4831 289 4818 302
5134 4846 288 4840 294
4884 4575 309 4571 313
5094 4768 326 4759 335
5143 4835 308 4833 310
4852 4568 284 4565 287
5321 5009 312 4998 323
5286 4974 312 4967 319
5158 4863 295 4854 304
5071 4753 318 4748 323
5297 4960 337 4950 347
5265 4930 335 4925 340
5102 4833 269 4828 274
4985 4685 300 4679 306
4985 4723 262 4717 268
5558 5228 330 5215 343
5298 4987 311 4978 320
5012 4742 270 4731 281
5381 5064 317 5059 322
5184 4882 302 4877 307
4944 4619 325 4614 330
5111 4797 314 4791 320
4921 4629 292 4620 301
4984 4678 306 4670 314
5250 4915 335 4910 340
5305 4992 313 4985 320
5387 5065 322 5059 328
5010 4728 282 4724 286
5169 4821 348 4816 353
5228 4930 298 4926 302
5155 4817 338 4808 347
5370 5050 320 5047 323
4793 4480 313 4476 317
4840 4531 309 4528 312
5042 4733 309 4726 316
5481 5150 331 5144 337
5222 4868 354 4863 359
4941 4648 293 4643 298
5135 4818 317 4811 324
5243 4943 300 4931 312
5172 4895 277 4891 281
5590 5252 338 5247 343
5435 5117 318 5108 327
5198 4874 324 4870 328
5437 5122 315 5117 320
5353 5057 296 5052 301
5204 4886 318 4878 326
5085 4781 304 4773 312
5270 4937 333 4934 336
5088 4791 297 4782 306
5271 4937 334 4932 339
5435 5104 331 5098 337
5214 4899 315 4889 325
5193 4884 309 4881 312
5584 5253 331 5250 334
5412 5087 325 5078 334
5051 4742 309 4739 312
5024 4735 289 4729 295
4994 4681 313 4673 321
5312 4995 317 4985 327
4983 4697 286 4693 290
5172 4864 308 4860 312
5208 4892 316 4883 325
4915 4610 305 4607 308
4942 4623 319 4615 327
5361 5050 311 5046 315
5236 4898 338 4891 345
4824 4530 294 4524 300
5306 4965 341 4961 345
5099 4790 309 4776 323
4946 4639 307 4635 311
5481 5166 315 5161 320
5326 4981 345 4971 355
5494 5199 295 5191 303
4944 4650 294 4642 302
4895 4587 308 4580 315
4763 4465 298 4458 305
5369 5067 302 5061 308
4704 4434 270 4425 279
5181 4870 311 4864 317
5076 4735 341 4732 344
5255 4929 326 4926 329
4985 4661 324 4653 332
4969 4653 316 4651 318
5031 4753 278 4746 285
4676 4419 257 4414 262
4819 4559 260 4551 268
5200 4875 325 4867 333
4849 4560 289 4556 293
5144 4807 337 4800 344
5353 5032 321 5022 331
5040 4746 294 4741 299
5152 4836 316 4833 319
5282 4942 340 4939 343
4757 4490 267 4483 274
4802 4511 291 4502 300
4693 4422 271 4420 273
5182 4858 324 4850 332
5268 4938 330 4933 335
5047 4725 322 4719 328
5378 5052 326 5047 331
5240 4904 336 4898 342
4979 4653 326 4645 334
5428 5099 329 5092 336
4886 4607 279 4602 284
4913 4588 325 4578 335
5074 4791 283 4783 291
5079 4776 303 4771 308
4865 4570 295 4564 301
5045 4752 293 4745 300
5078 4773 305 4765 313
5190 4894 296 4883 307
5255 4936 319 4929 326
5359 5032 327 5026 333
4935 4617 318 4616 319
5267 4963 304 4957 310
5197 4887 310 4880 317
5202 4899 303 4892 310
5012 4716 296 4710 302
4995 4713 282 4704 291
5168 4830 338 4822 346
5522 5226 296 5213 309
4969 4652 317 4647 322
5151 4810 341 4806 345
5241 4910 331 4899 342
4825 4533 292 4526 299
4994 4686 308 4681 313
4990 4701 289 4692 298
5274 4977 297 4966 308
4931 4614 317 4610 321
4935 4649 286 4641 294
4772 4479 293 4466 306
4925 4656 269 4651 274
4670 4370 300 4366 304
5153 4831 322 4826 327
5221 4914 307 4908 313
5362 5022 340 5013 349
5194 4902 292 4897 297
5000 4701 299 4693 307
5263 4960 303 4953 310
4906 4602 304 4596 310
5572 5245 327 5236 336
5172 4888 284 4884 288
4835 4535 300 4529 306
5028 4737 291 4731 297
5590 5269 321 5261 329
5029 4710 319 4707 322
4694 4415 279 4408 286
4853 4547 306 4539 314
4909 4617 292 4605 304
4947 4648 299 4638 309
5260 4971 289 4968 292
4927 4638 289 4631 296
5000 4691 309 4687 313
4949 4637 312 4632 317
5147 4855 292 4844 303
5616 5283 333 5279 337
5057 4773 284 4764 293
5120 4831 289 4825 295
5276 4948 328 4936 340
4559 4282 277 4275 284
5137 4842 295 4836 301
4981 4661 320 4650 331
4832 4537 295 4532 300
5376 5051 325 5043 333
4961 4643 318 4637 324
5271 4925 346 4918 353
4934 4628 306 4623 311
5012 4734 278 4730 282
4948 4688 260 4679 269
5126 4815 311 4809 317
5111 4806 305 4800 311
5241 4922 319 4908 333
4766 4488 278 4481 285
5120 4789 331 4780 340
5039 4766 273 4762 277
5588 5255 333 5248 340
5244 4952 292 4944 300
5887 5551 336 5542 345
5425 5115 310 5108 317
5522 5208 314 5201 321
5284 4992 292 4981 303
5171 4883 288 4875 296
5099 4772 327 4763 336
5346 5024 322 5013 333
5019 4695 324 4691 328
5809 5489 320 5484 325
4782 4516 266 4511 271
5014 4721 293 4716 298
5069 4757 312 4748 321
5157 4852 305 4848 309
5440 5120 320 5113 327
4781 4514 267 4506 275
4655 4409 246 4403 252
5328 5002 326 4997 331
4874 4566 308 4561 313
5152 4821 331 4814 338
5346 4999 347 4991 355
5338 5025 313 5016 322
5241 4915 326 4914 327
4948 4634 314 4628 320
5264 4976 288 4974 290
5453 5114 339 5111 342
5057 4785 272 4779 278
5092 4776 316 4769 323
5269 4973 296 4967 302
5270 4966 304 4954 316
5411 5071 340 5060 351
5086 4785 301 4778 308
5149 4866 283 4859 290
4745 4448 297 4443 302
5985 5639 346 5632 353
5413 5084 329 5079 334
5417 5102 315 5093 324
4972 4652 320 4646 326
4975 4655 320 4650 325
4884 4588 296 4584 300
5416 5084 332 5073 343
5027 4736 291 4728 299
5202 4882 320 4880 322
4754 4445 309 4440 314
5130 4804 326 4796 334
5334 5027 307 5018 316
4697 4412 285 4403 294
5157 4821 336 4813 344
5230 4922 308 4916 314
5090 4785 305 4776 314
5091 4775 316 4774 317
5103 4813 290 4805 298
5173 4842 331 4836 337
5657 5317 340 5311 346
4976 4688 288 4681 295
5262 4942 320 4937 325
5445 5104 341 5095 350
5031 4715 316 4714 317
5382 5049 333 5042 340
5180 4893 287 4887 293
5374 5053 321 5048 326
5233 4912 321 4905 328
5430 5086 344 5077 353
5370 5022 348 5011 359
5185 4891 294 4888 297
5078 4780 298 4767 311
5895 5521 374 5513 382
4942 4649 293 4640 302
5171 4860 311 4851 320
5055 4747 308 4740 315
5097 4786 311 4785 312
5019 4712 307 4706 313
4893 4593 300 4585 308
4784 4503 281 4494 290
5716 5373 343 5360 356
4941 4645 296 4636 305
5485 5144 341 5138 347
5122 4801 321 4797 325
5133 4807 326 4799 334
5302 4983 319 4977 325
5457 5155 302 5148 309
4868 4536 332 4531 337
4901 4627 274 4624 277
5321 4993 328 4985 336
5169 4841 328 4833 336
5400 5056 344 5049 351
5002 4699 303 4692 310
5010 4709 301 4705 305
5356 5072 284 5063 293
4868 4569 299 4564 304
5170 4874 296 4867 303
4704 4440 264 4428 276
5140 4819 321 4813 327
5384 5076 308 5065 319
5145 4890 255 4886 259
5130 4814 316 4810 320
5186 4895 291 4886 300
4748 4463 285 4455 293
4757 4458 299 4450 307
5392 5048 344 5040 352
4942 4632 310 4627 315
5160 4836 324 4829 331
4809 4558 251 4555 254
4979 4689 290 4677 302
5078 4790 288 4789 289
5103 4816 287 4809 294
5224 4894 330 4888 336
5182 4858 324 4850 332
5247 4924 323 4918 329
5227 4911 316 4901 326
5107 4800 307 4793 314
5405 5112 293 5103 302
5695 5328 367 5319 376
4995 4700 295 4690 305
4998 4716 282 4712 286
4985 4695 290 4686 299
5194 4895 299 4891 303
4855 4585 270 4578 277
5506 5193 313 5187 319
5371 5027 344 5023 348
5525 5196 329 5187 338
5236 4947 289 4934 302
5263 4920 343 4915 348
5022 4741 281 4734 288
5265 4944 321 4938 327
5084 4765 319 4757 327
4918 4626 292 4617 301
5130 4817 313 4810 320
5457 5134 323 5124 333
5106 4822 284 4819 287
5622 5302 320 5292 330
5198 4910 288 4895 303
5293 4979 314 4970 323
5141 4855 286 4852 289
5091 4800 291 4792 299
5452 5117 335 5107 345
5201 4894 307 4886 315
5312 4954 358 4948 364
4928 4645 283 4632 296
5205 4874 331 4866 339
4619 4354 265 4344 275
5591 5265 326 5259 332
4831 4490 341 4486 345
4978 4674 304 4669 309
4905 4630 275 4618 287
5114 4778 336 4771 343
5002 4720 282 4713 289
5109 4785 324 4777 332
5169 4868 301 4861 308
5119 4800 319 4794 325
5135 4807 328 4801 334
5264 4949 315 4943 321
5225 4916 309 4907 318
5150 4854 296 4844 306
4946 4621 325 4612 334
5398 5066 332 5062 336
5212 4879 333 4870 342
5235 4906 329 4900 335
5363 5050 313 5045 318
5160 4858 302 4857 303
5280 4972 308 4966 314
5291 4988 303 4985 306
5080 4762 318 4755 325
4887 4591 296 4580 307
5294 5005 289 4994 300
5509 5202 307 5196 313
5564 5220 344 5213 351
4962 4674 288 4667 295
5241 4896 345 4886 355
5267 4954 313 4949 318
5098 4805 293 4800 298
5282 4964 318 4960 322
5464 5130 334 5125 339
5047 4788 259 4783 264
5420 5102 318 5096 324
4957 4695 262 4684 273
5152 4860 292 4853 299
5188 4866 322 4860 328
5237 4921 316 4913 324
5389 5073 316 5070 319
5908 5544 364 5535 373
5171 4852 319 4844 327
4881 4603 278 4599 282
5453 5103 350 5100 353
5112 4810 302 4806 306
5059 4758 301 4755 304
4751 4454 297 4450 301
5478 5152 326 5142 336
4925 4604 321 4598 327
5159 4876 283 4871 288
4662 4396 266 4392 270
5066 4774 292 4770 296
4995 4730 265 4720 275
5392 5078 314 5070 322
4965 4690 275 4683 282
5198 4873 325 4864 334
5320 4968 352 4961 359
5095 4768 327 4763 332
5316 5010 306 5005 311
5175 4853 322 4845 330
5286 4958 328 4954 332
5089 4759 330 4754 335
5065 4741 324 4733 332
5381 5074 307 5067 314
5081 4804 277 4799 282
5412 5082 330 5074 338
5320 5004 316 4992 328
5202 4901 301 4895 307
5178 4853 325 4848 330
5121 4810 311 4797 324
4930 4615 315 4612 318
5388 5065 323 5057 331
5680 5355 325 5349 331
5425 5139 286 5129 296
5088 4788 300 4784 304
4794 4494 300 4486 308
5484 5168 316 5159 325
5093 4783 310 4776 317
5221 4921 300 4916 305
5513 5185 328 5181 332
5049 4728 321 4724 325
4815 4533 282 4527 288
5821 5468 353 5461 360
5173 4870 303 4864 309
4917 4646 271 4638 279
5373 5070 303 5064 309
5526 5214 312 5207 319
5675 5354 321 5349 326
5248 4903 345 4892 356
5466 5115 351 5107 359
5168 4885 283 4878 290
5180 4906 274 4897 283
5023 4718 305 4707 316
5231 4934 297 4928 303
4976 4684 292 4681 295
5055 4743 312 4732 323
5168 4867 301 4866 302
5309 5009 300 5003 306
5220 4865 355 4859 361
4865 4567 298 4559 306
5231 4927 304 4917 314
5111 4804 307 4800 311
5408 5069 339 5064 344
5044 4736 308 4733 311
5157 4852 305 4842 315
5717 5371 346 5361 356
5102 4815 287 4812 290
5220 4931 289 4928 292
5353 5025 328 5015 338
5120 4823 297 4818 302
5017 4745 272 4737 280
5313 5001 312 4996 317
5173 4838 335 4836 337
5291 4990 301 4983 308
5111 4786 325 4780 331
5314 4993 321 4985 329
5299 4998 301 4994 305
5589 5261 328 5255 334
5049 4732 317 4726 323
5099 4784 315 4779 320
5487 5195 292 5184 303
5073 4769 304 4764 309
5092 4765 327 4754 338
4889 4586 303 4577 312
5358 5023 335 5022 336
5161 4845 316 4834 327
4982 4696 286 4690 292
4950 4655 295 4648 302
5541 5230 311 5226 315
5330 5021 309 5013 317
5197 4898 299 4891 306
4808 4517 291 4504 304
5100 4805 295 4798 302
