5578 5532 46 5532 46
5442 5386 56 5385 57
5595 5547 48 5547 48
5448 5390 58 5390 58
5562 5528 34 5528 34
5466 5431 35 5431 35
5536 5488 48 5488 48
5408 5352 56 5352 56
5419 5379 40 5379 40
5330 5269 61 5268 62
5340 5305 35 5305 35
5430 5377 53 5377 53
5718 5667 51 5667 51
5811 5762 49 5762 49
5383 5336 47 5336 47
5519 5470 49 5470 49
5451 5401 50 5401 50
5300 5254 46 5254 46
5633 5581 52 5581 52
5333 5288 45 5288 45
5221 5177 44 5177 44
5519 5478 41 5478 41
5610 5564 46 5564 46
5044 5001 43 5001 43
5579 5531 48 5531 48
5613 5570 43 5570 43
5790 5739 51 5739 51
5136 5090 46 5090 46
5131 5078 53 5078 53
5626 5576 50 5576 50
5698 5639 59 5639 59
5684 5624 60 5624 60
5319 5272 47 5272 47
5425 5374 51 5374 51
5316 5275 41 5275 41
5799 5748 51 5748 51
5393 5349 44 5349 44
5256 5199 57 5199 57
4981 4941 40 4941 40
5139 5096 43 5096 43
5323 5275 48 5275 48
5399 5347 52 5347 52
5277 5231 46 5231 46
5590 5538 52 5538 52
5355 5305 50 5305 50
5853 5806 47 5805 48
5252 5204 48 5204 48
5545 5500 45 5500 45
5453 5403 50 5403 50
5520 5472 48 5472 48
5255 5198 57 5198 57
5195 5151 44 5151 44
5207 5151 56 5151 56
5686 5627 59 5626 60
5468 5421 47 5421 47
5366 5323 43 5323 43
5033 4994 39 4994 39
5456 5409 47 5408 48
5177 5126 51 5126 51
5285 5242 43 5242 43
5099 5056 43 5056 43
5120 5059 61 5059 61
5301 5246 55 5246 55
5269 5232 37 5232 37
5135 5084 51 5084 51
4837 4790 47 4790 47
5119 5062 57 5062 57
5166 5110 56 5108 58
4846 4813 33 4813 33
5491 5444 47 5444 47
5221 5168 53 5167 54
4685 4648 37 4648 37
4924 4878 46 4878 46
5166 5129 37 5129 37
5114 5064 50 5064 50
5493 5443 50 5443 50
4966 4907 59 4906 60
4872 4840 32 4840 32
5029 4983 46 4983 46
4847 4804 43 4804 43
4809 4772 37 4772 37
4931 4894 37 4894 37
4973 4922 51 4922 51
5008 4965 43 4965 43
5155 5101 54 5101 54
5478 5429 49 5429 49
5222 5171 51 5171 51
4961 4915 46 4915 46
5420 5369 51 5369 51
5381 5342 39 5342 39
5076 5033 43 5032 44
5177 5142 35 5142 35
5075 5039 36 5038 37
5253 5207 46 5207 46
5151 5102 49 5102 49
5015 4965 50 4965 50
5041 4993 48 4993 48
5185 5153 32 5153 32
4951 4910 41 4910 41
5324 5278 46 5278 46
4974 4931 43 4930 44
4925 4887 38 4887 38
4876 4835 41 4835 41
5090 5049 41 5049 41
5633 5583 50 5583 50
4856 4817 39 4817 39
5134 5089 45 5089 45
4780 4753 27 4753 27
5161 5121 40 5121 40
4994 4947 47 4947 47
5369 5326 43 5326 43
5113 5065 48 5065 48
5288 5249 39 5249 39
5018 4964 54 4964 54
5518 5470 48 5470 48
5431 5373 58 5373 58
5081 5043 38 5043 38
5376 5330 46 5330 46
4724 4687 37 4687 37
5071 5026 45 5026 45
4931 4887 44 4887 44
4915 4867 48 4866 49
4899 4854 45 4854 45
5107 5052 55 5052 55
4982 4933 49 4933 49
4767 4724 43 4724 43
5056 5006 50 5006 50
5229 5189 40 5189 40
5449 5405 44 5405 44
5343 5287 56 5287 56
5158 5115 43 5115 43
5612 5566 46 5566 46
5231 5183 48 5183 48
5079 5030 49 5029 50
5324 5282 42 5282 42
5066 5019 47 5019 47
4980 4937 43 4937 43
5241 5203 38 5203 38
5271 5227 44 5227 44
5209 5164 45 5164 45
5046 4996 50 4995 51
4935 4888 47 4886 49
5208 5155 53 5155 53
5020 4974 46 4974 46
4963 4923 40 4923 40
5449 5398 51 5398 51
5082 5035 47 5035 47
5101 5046 55 5046 55
5368 5331 37 5331 37
5398 5352 46 5351 47
5538 5497 41 5497 41
5630 5595 35 5595 35
5580 5532 48 5532 48
4948 4906 42 4906 42
5483 5432 51 5431 52
5393 5336 57 5336 57
5562 5507 55 5507 55
5819 5759 60 5759 60
5704 5651 53 5651 53
5538 5497 41 5497 41
5517 5471 46 5471 46
5667 5627 40 5627 40
5529 5480 49 5479 50
5479 5426 53 5426 53
5807 5751 56 5751 56
4794 4755 39 4754 40
5452 5395 57 5395 57
5353 5319 34 5319 34
5531 5480 51 5479 52
4828 4773 55 4773 55
5733 5684 49 5684 49
5652 5594 58 5594 58
5836 5785 51 5784 52
5237 5167 70 5167 70
5111 5064 47 5064 47
5785 5737 48 5736 49
5384 5335 49 5335 49
5484 5426 58 5425 59
5414 5366 48 5366 48
5722 5678 44 5678 44
5795 5725 70 5725 70
4666 4627 39 4627 39
5504 5460 44 5460 44
5533 5481 52 5481 52
5123 5074 49 5074 49
5336 5292 44 5292 44
5145 5093 52 5093 52
5517 5459 58 5458 59
5064 5015 49 5015 49
4959 4924 35 4924 35
5855 5814 41 5814 41
5335 5291 44 5291 44
5415 5361 54 5360 55
4940 4898 42 4898 42
5043 4994 49 4993 50
5103 5054 49 5053 50
5167 5111 56 5111 56
5366 5312 54 5311 55
5005 4969 36 4969 36
5349 5306 43 5306 43
5891 5822 69 5821 70
5123 5083 40 5083 40
5630 5576 54 5576 54
5565 5514 51 5512 53
5616 5566 50 5566 50
5154 5106 48 5106 48
5389 5330 59 5330 59
5562 5517 45 5517 45
4829 4786 43 4785 44
5005 4960 45 4960 45
5022 4981 41 4981 41
5496 5450 46 5450 46
5633 5592 41 5592 41
5403 5372 31 5372 31
5295 5250 45 5250 45
5367 5326 41 5325 42
5037 4993 44 4993 44
4992 4954 38 4954 38
5242 5198 44 5198 44
5511 5458 53 5458 53
5287 5241 46 5241 46
5017 4975 42 4975 42
5063 5025 38 5025 38
5499 5463 36 5463 36
5345 5297 48 5297 48
5186 5142 44 5141 45
5273 5225 48 5225 48
5382 5325 57 5325 57
5441 5395 46 5395 46
5180 5138 42 5138 42
5121 5063 58 5063 58
4714 4672 42 4672 42
5082 5034 48 5034 48
5167 5134 33 5133 34
5566 5520 46 5520 46
5169 5120 49 5120 49
5435 5385 50 5385 50
4910 4872 38 4872 38
5708 5659 49 5659 49
5857 5806 51 5806 51
5592 5551 41 5551 41
5012 4950 62 4950 62
4998 4957 41 4957 41
5397 5350 47 5350 47
5376 5328 48 5328 48
4932 4890 42 4890 42
5392 5343 49 5343 49
5370 5327 43 5327 43
5166 5127 39 5127 39
4873 4837 36 4837 36
5214 5162 52 5162 52
5211 5165 46 5165 46
5180 5135 45 5134 46
5061 5004 57 5004 57
5242 5199 43 5199 43
4780 4737 43 4737 43
5322 5267 55 5267 55
5184 5138 46 5138 46
5232 5194 38 5194 38
5290 5243 47 5243 47
5001 4960 41 4960 41
5311 5262 49 5262 49
5126 5086 40 5086 40
5340 5292 48 5292 48
5124 5076 48 5076 48
5070 5029 41 5029 41
5324 5279 45 5279 45
5280 5239 41 5239 41
5598 5551 47 5551 47
5150 5109 41 5109 41
5032 4990 42 4990 42
5175 5130 45 5130 45
5219 5187 32 5187 32
4939 4897 42 4897 42
5381 5341 40 5340 41
5351 5302 49 5302 49
5395 5350 45 5350 45
5159 5114 45 5114 45
5110 5062 48 5062 48
5503 5453 50 5452 51
5551 5499 52 5499 52
5373 5322 51 5322 51
5512 5460 52 5460 52
5475 5438 37 5438 37
5154 5113 41 5113 41
5276 5232 44 5232 44
5755 5720 35 5720 35
5379 5323 56 5323 56
5245 5185 60 5185 60
4786 4741 45 4741 45
5397 5337 60 5337 60
5654 5607 47 5607 47
5132 5090 42 5090 42
5155 5118 37 5118 37
5333 5292 41 5292 41
5336 5292 44 5292 44
5416 5357 59 5357 59
5006 4970 36 4970 36
5101 5065 36 5065 36
5316 5264 52 5264 52
5331 5279 52 5279 52
5131 5084 47 5084 47
5193 5147 46 5147 46
5305 5252 53 5252 53
5642 5581 61 5581 61
5025 4970 55 4969 56
4945 4901 44 4901 44
5200 5161 39 5161 39
5339 5289 50 5289 50
5320 5264 56 5264 56
5159 5118 41 5118 41
4827 4786 41 4786 41
5726 5687 39 5687 39
5345 5300 45 5300 45
4906 4853 53 4852 54
4535 4492 43 4492 43
5057 5010 47 5009 48
5250 5205 45 5205 45
5446 5392 54 5391 55
4837 4791 46 4791 46
5086 5039 47 5039 47
5425 5381 44 5381 44
5162 5112 50 5111 51
5206 5164 42 5164 42
5063 5013 50 5011 52
5103 5054 49 5054 49
5105 5059 46 5059 46
5248 5206 42 5206 42
4922 4876 46 4876 46
5321 5274 47 5274 47
4983 4933 50 4933 50
5302 5260 42 5260 42
5042 4995 47 4994 48
5306 5253 53 5253 53
5043 4999 44 4999 44
5561 5518 43 5518 43
5242 5202 40 5202 40
4957 4918 39 4918 39
5158 5113 45 5113 45
4815 4760 55 4760 55
5112 5067 45 5066 46
5259 5219 40 5218 41
5386 5329 57 5329 57
4930 4885 45 4885 45
5235 5197 38 5196 39
5474 5425 49 5425 49
5298 5248 50 5248 50
5563 5500 63 5500 63
5098 5064 34 5064 34
4838 4798 40 4798 40
5156 5108 48 5108 48
5350 5310 40 5310 40
5015 4973 42 4973 42
5428 5376 52 5376 52
4982 4945 37 4945 37
5297 5243 54 5243 54
5419 5359 60 5358 61
5076 5023 53 5023 53
5045 5008 37 5008 37
5403 5351 52 5351 52
4956 4906 50 4906 50
5140 5101 39 5101 39
5014 4970 44 4970 44
5433 5385 48 5384 49
5129 5082 47 5082 47
5319 5264 55 5264 55
5404 5355 49 5355 49
5280 5247 33 5247 33
5600 5537 63 5537 63
5272 5238 34 5238 34
5465 5399 66 5399 66
4659 4618 41 4618 41
5002 4955 47 4954 48
5337 5287 50 5287 50
4756 4708 48 4707 49
5279 5222 57 5222 57
5045 5005 40 5005 40
4917 4880 37 4879 38
4867 4818 49 4817 50
5144 5093 51 5092 52
4885 4851 34 4851 34
5329 5281 48 5280 49
5088 5041 47 5041 47
5029 4970 59 4970 59
4994 4938 56 4938 56
5226 5179 47 5179 47
5267 5220 47 5220 47
5246 5205 41 5205 41
5162 5116 46 5116 46
4995 4953 42 4953 42
5076 5036 40 5035 41
4926 4877 49 4877 49
5277 5229 48 5228 49
4950 4905 45 4905 45
4951 4914 37 4913 38
5203 5154 49 5154 49
5567 5510 57 5510 57
5266 5215 51 5215 51
5557 5501 56 5500 57
5518 5475 43 5475 43
5307 5255 52 5255 52
5165 5121 44 5121 44
5147 5097 50 5097 50
5298 5255 43 5255 43
5089 5033 56 5033 56
4762 4708 54 4708 54
5364 5322 42 5322 42
4887 4829 58 4829 58
5358 5307 51 5307 51
5231 5189 42 5189 42
5357 5315 42 5315 42
5041 5006 35 5006 35
5247 5202 45 5202 45
5483 5423 60 5422 61
4949 4913 36 4913 36
5128 5088 40 5088 40
5310 5268 42 5267 43
4860 4823 37 4823 37
5293 5249 44 5248 45
4988 4930 58 4930 58
5261 5228 33 5228 33
5319 5281 38 5281 38
5064 5016 48 5016 48
4901 4845 56 4845 56
4975 4930 45 4930 45
4852 4814 38 4814 38
5354 5305 49 5305 49
5503 5444 59 5444 59
5281 5232 49 5232 49
5095 5051 44 5051 44
5022 4965 57 4965 57
5000 4951 49 4951 49
4836 4795 41 4795 41
5018 4968 50 4968 50
4974 4925 49 4925 49
5428 5385 43 5385 43
5007 4960 47 4959 48
4820 4774 46 4773 47
5147 5089 58 5089 58
5302 5245 57 5245 57
5277 5224 53 5224 53
5545 5504 41 5503 42
4972 4932 40 4932 40
5350 5298 52 5298 52
4886 4839 47 4839 47
5343 5295 48 5295 48
4823 4792 31 4792 31
5266 5226 40 5226 40
5139 5099 40 5099 40
5183 5137 46 5137 46
4990 4947 43 4947 43
5199 5158 41 5158 41
5214 5169 45 5169 45
5165 5120 45 5120 45
5644 5607 37 5607 37
5101 5046 55 5046 55
5876 5819 57 5817 59
4958 4904 54 4904 54
5192 5155 37 5155 37
4439 4389 50 4389 50
5146 5093 53 5093 53
5172 5123 49 5123 49
5199 5150 49 5150 49
5243 5205 38 5205 38
5056 5011 45 5011 45
5292 5254 38 5254 38
4911 4856 55 4856 55
5554 5510 44 5508 46
5148 5097 51 5097 51
4955 4906 49 4906 49
5199 5154 45 5154 45
5268 5221 47 5221 47
5039 4990 49 4990 49
5342 5277 65 5277 65
4745 4702 43 4701 44
4663 4621 42 4621 42
5088 5054 34 5054 34
4774 4731 43 4730 44
5007 4950 57 4950 57
5146 5106 40 5106 40
5129 5074 55 5074 55
5303 5261 42 5261 42
5453 5416 37 5416 37
5086 5038 48 5038 48
5176 5124 52 5124 52
5347 5307 40 5306 41
5139 5098 41 5098 41
5065 5018 47 5017 48
4848 4806 42 4806 42
5270 5230 40 5230 40
5067 5018 49 5018 49
5041 5005 36 5004 37
4860 4837 23 4837 23
5484 5436 48 5436 48
5153 5103 50 5103 50
5391 5334 57 5334 57
5303 5248 55 5248 55
4621 4575 46 4575 46
5063 5021 42 5021 42
5206 5156 50 5156 50
5788 5724 64 5723 65
5180 5131 49 5131 49
4638 4596 42 4596 42
4928 4883 45 4882 46
4999 4956 43 4956 43
5005 4956 49 4956 49
5223 5178 45 5174 49
5117 5070 47 5070 47
5068 5014 54 5014 54
5182 5133 49 5133 49
4951 4904 47 4904 47
5440 5381 59 5381 59
4822 4773 49 4773 49
4832 4794 38 4794 38
5632 5583 49 5583 49
5208 5166 42 5166 42
4971 4941 30 4940 31
5088 5038 50 5038 50
5201 5163 38 5163 38
5443 5397 46 5397 46
5529 5482 47 5482 47
5429 5383 46 5383 46
5711 5659 52 5659 52
5373 5316 57 5316 57
5349 5303 46 5303 46
4928 4885 43 4885 43
5287 5235 52 5235 52
5181 5148 33 5148 33
5262 5226 36 5226 36
5306 5254 52 5253 53
5388 5348 40 5348 40
5294 5249 45 5249 45
5186 5142 44 5142 44
5122 5075 47 5075 47
5086 5043 43 5042 44
4801 4751 50 4750 51
5058 5002 56 5002 56
4832 4794 38 4794 38
5121 5068 53 5068 53
4962 4925 37 4925 37
5040 4996 44 4996 44
4740 4698 42 4698 42
5121 5089 32 5089 32
5280 5247 33 5247 33
5001 4961 40 4961 40
5257 5207 50 5207 50
5110 5059 51 5059 51
5556 5517 39 5517 39
4997 4950 47 4950 47
5351 5293 58 5293 58
5120 5074 46 5074 46
5134 5091 43 5091 43
4884 4827 57 4827 57
5094 5045 49 5043 51
5143 5099 44 5099 44
4852 4825 27 4825 27
5321 5264 57 5264 57
5286 5233 53 5232 54
5158 5124 34 5124 34
5071 5033 38 5033 38
5297 5251 46 5251 46
5265 5223 42 5223 42
5102 5057 45 5057 45
4985 4947 38 4947 38
4985 4942 43 4942 43
5558 5511 47 5511 47
5298 5242 56 5242 56
5012 4964 48 4964 48
5381 5351 30 5351 30
5184 5138 46 5138 46
4944 4892 52 4892 52
5111 5064 47 5064 47
4921 4879 42 4879 42
4984 4929 55 4929 55
5250 5202 48 5201 49
5305 5264 41 5264 41
5387 5343 44 5342 45
5010 4966 44 4966 44
5169 5131 38 5131 38
5228 5184 44 5184 44
5155 5106 49 5106 49
5370 5330 40 5330 40
4793 4744 49 4744 49
4840 4801 39 4801 39
5042 5005 37 5005 37
5481 5425 56 5425 56
5222 5165 57 5165 57
4941 4899 42 4899 42
5135 5092 43 5092 43
5243 5200 43 5200 43
5172 5128 44 5128 44
5590 5549 41 5549 41
5435 5380 55 5380 55
5198 5145 53 5144 54
5437 5389 48 5389 48
5353 5304 49 5304 49
5204 5153 51 5153 51
5085 5039 46 5039 46
5270 5222 48 5222 48
5088 5048 40 5048 40
5271 5227 44 5226 45
5435 5384 51 5384 51
5214 5158 56 5158 56
5193 5140 53 5140 53
5584 5537 47 5536 48
5412 5371 41 5371 41
5051 4992 59 4992 59
5024 4979 45 4979 45
4994 4951 43 4951 43
5312 5258 54 5258 54
4983 4938 45 4938 45
5172 5128 44 5128 44
5208 5159 49 5159 49
4915 4868 47 4867 48
4942 4895 47 4894 48
5361 5312 49 5312 49
5236 5201 35 5201 35
4824 4785 39 4785 39
5306 5263 43 5263 43
5099 5046 53 5046 53
4946 4908 38 4908 38
5481 5434 47 5433 48
5326 5274 52 5273 53
5494 5445 49 5445 49
4944 4905 39 4905 39
4895 4840 55 4840 55
4763 4716 47 4715 48
5369 5311 58 5311 58
4704 4667 37 4667 37
5181 5127 54 5127 54
5076 5017 59 5017 59
5255 5196 59 5196 59
4985 4937 48 4937 48
4969 4929 40 4928 41
5031 4987 44 4987 44
4676 4638 38 4638 38
4819 4764 55 4763 56
5200 5165 35 5165 35
4849 4793 56 4793 56
5144 5101 43 5101 43
5353 5304 49 5304 49
5040 4986 54 4986 54
5152 5110 42 5110 42
5282 5237 45 5237 45
4757 4720 37 4720 37
4802 4769 33 4769 33
4693 4652 41 4652 41
5182 5133 49 5133 49
5268 5222 46 5222 46
5047 5009 38 5009 38
5378 5323 55 5322 56
5240 5188 52 5188 52
4979 4934 45 4934 45
5428 5375 53 5374 54
4886 4850 36 4849 37
4913 4872 41 4872 41
5074 5028 46 5028 46
5079 5032 47 5032 47
4865 4816 49 4816 49
5045 4999 46 4999 46
5078 5025 53 5025 53
5190 5135 55 5135 55
5255 5209 46 5209 46
5359 5311 48 5310 49
4935 4879 56 4878 57
5267 5217 50 5217 50
5197 5163 34 5163 34
5202 5147 55 5147 55
5012 4964 48 4964 48
4995 4956 39 4956 39
5168 5112 56 5112 56
5522 5475 47 5475 47
4969 4929 40 4929 40
5151 5111 40 5111 40
5241 5200 41 5200 41
4825 4785 40 4785 40
4994 4946 48 4946 48
4990 4956 34 4956 34
5274 5237 37 5236 38
4931 4896 35 4896 35
4935 4887 48 4887 48
4772 4733 39 4733 39
4925 4882 43 4882 43
4670 4620 50 4620 50
5153 5108 45 5108 45
5221 5177 44 5177 44
5362 5311 51 5311 51
5194 5159 35 5159 35
5000 4958 42 4958 42
5263 5213 50 5212 51
4906 4866 40 4866 40
5572 5520 52 5520 52
5172 5124 48 5124 48
4835 4784 51 4784 51
5028 4978 50 4978 50
5590 5538 52 5537 53
5029 4982 47 4982 47
4694 4650 44 4649 45
4853 4815 38 4815 38
4909 4873 36 4873 36
4947 4903 44 4903 44
5260 5204 56 5204 56
4927 4890 37 4890 37
5000 4961 39 4960 40
4949 4920 29 4920 29
5147 5105 42 5105 42
5616 5581 35 5581 35
5057 4999 58 4999 58
5120 5078 42 5078 42
5276 5228 48 5228 48
4559 4520 39 4520 39
5137 5089 48 5089 48
4981 4943 38 4943 38
4832 4785 47 4784 48
5376 5328 48 5327 49
4961 4908 53 4908 53
5271 5226 45 5226 45
4934 4883 51 4883 51
5012 4981 31 4981 31
4948 4896 52 4896 52
5126 5079 47 5079 47
5111 5065 46 5065 46
5241 5189 52 5189 52
4766 4727 39 4727 39
5120 5078 42 5078 42
5039 4987 52 4987 52
5588 5543 45 5543 45
5244 5199 45 5197 47
5887 5839 48 5839 48
5425 5383 42 5383 42
5522 5478 44 5478 44
5284 5228 56 5228 56
5171 5120 51 5120 51
5099 5047 52 5047 52
5346 5299 47 5299 47
5019 4984 35 4983 36
5809 5749 60 5749 60
4782 4740 42 4740 42
5014 4969 45 4968 46
5069 5018 51 5018 51
5157 5119 38 5119 38
5440 5398 42 5398 42
4781 4738 43 4738 43
4655 4600 55 4600 55
5328 5279 49 5278 50
4874 4821 53 4821 53
5152 5122 30 5122 30
5346 5290 56 5290 56
5338 5305 33 5304 34
5241 5185 56 5184 57
4948 4917 31 4917 31
5264 5205 59 5205 59
5453 5406 47 5406 47
5057 5001 56 5001 56
5092 5026 66 5026 66
5269 5218 51 5216 53
5270 5223 47 5223 47
5411 5356 55 5355 56
5086 5038 48 5038 48
5149 5101 48 5101 48
4745 4712 33 4712 33
5985 5936 49 5936 49
5413 5351 62 5351 62
5417 5376 41 5376 41
4972 4926 46 4926 46
4975 4919 56 4918 57
4884 4849 35 4849 35
5416 5359 57 5359 57
5027 4987 40 4987 40
5202 5151 51 5150 52
4754 4707 47 4707 47
5130 5082 48 5082 48
5334 5267 67 5267 67
4697 4661 36 4661 36
5157 5112 45 5112 45
5230 5187 43 5187 43
5090 5051 39 5051 39
5091 5055 36 5055 36
5103 5053 50 5053 50
5173 5137 36 5135 38
5657 5610 47 5610 47
4976 4935 41 4935 41
5262 5206 56 5206 56
5445 5401 44 5401 44
5031 4991 40 4990 41
5382 5338 44 5338 44
5180 5128 52 5128 52
5374 5326 48 5326 48
5233 5185 48 5185 48
5430 5379 51 5379 51
5370 5324 46 5324 46
5185 5151 34 5151 34
5078 5028 50 5028 50
5895 5855 40 5855 40
4942 4888 54 4888 54
5171 5133 38 5133 38
5055 5022 33 5022 33
5097 5058 39 5058 39
5019 4963 56 4963 56
4893 4858 35 4858 35
4784 4741 43 4741 43
5716 5656 60 5656 60
4941 4895 46 4895 46
5485 5434 51 5434 51
5122 5075 47 5075 47
5133 5090 43 5090 43
5302 5257 45 5257 45
5457 5401 56 5401 56
4868 4817 51 4817 51
4901 4855 46 4855 46
5321 5280 41 5280 41
5169 5121 48 5120 49
5400 5351 49 5351 49
5002 4948 54 4947 55
5010 4965 45 4965 45
5356 5301 55 5301 55
4868 4826 42 4825 43
5170 5116 54 5116 54
4704 4659 45 4659 45
5140 5100 40 5100 40
5384 5341 43 5341 43
5145 5110 35 5110 35
5130 5095 35 5095 35
5186 5142 44 5142 44
4748 4707 41 4706 42
4757 4710 47 4710 47
5392 5344 48 5344 48
4942 4909 33 4909 33
5160 5119 41 5119 41
4809 4773 36 4773 36
4979 4931 48 4931 48
5078 5037 41 5037 41
5103 5055 48 5055 48
5224 5190 34 5190 34
5182 5132 50 5132 50
5247 5192 55 5192 55
5227 5173 54 5173 54
5107 5063 44 5063 44
5405 5362 43 5362 43
5695 5635 60 5635 60
4995 4946 49 4946 49
4998 4946 52 4946 52
4985 4942 43 4942 43
5194 5148 46 5147 47
4855 4811 44 4811 44
5506 5447 59 5447 59
5371 5324 47 5323 48
5525 5470 55 5470 55
5236 5179 57 5179 57
5263 5211 52 5211 52
5022 4982 40 4982 40
5265 5200 65 5200 65
5084 5040 44 5040 44
4918 4862 56 4862 56
5130 5093 37 5093 37
5457 5406 51 5406 51
5106 5071 35 5070 36
5622 5566 56 5565 57
5198 5144 54 5144 54
5293 5248 45 5248 45
5141 5095 46 5095 46
5091 5032 59 5032 59
5452 5410 42 5410 42
5201 5159 42 5159 42
5312 5259 53 5259 53
4928 4877 51 4877 51
5205 5156 49 5156 49
4619 4581 38 4581 38
5591 5533 58 5532 59
4831 4785 46 4785 46
4978 4937 41 4937 41
4905 4855 50 4855 50
5114 5061 53 5061 53
5002 4960 42 4960 42
5109 5057 52 5057 52
5169 5119 50 5119 50
5119 5057 62 5057 62
5135 5091 44 5091 44
5264 5224 40 5223 41
5225 5183 42 5183 42
5150 5111 39 5111 39
4946 4904 42 4904 42
5398 5347 51 5347 51
5212 5167 45 5167 45
5235 5190 45 5190 45
5363 5304 59 5304 59
5160 5114 46 5114 46
5280 5225 55 5225 55
5291 5246 45 5245 46
5080 5036 44 5036 44
4887 4846 41 4846 41
5294 5247 47 5247 47
5509 5465 44 5465 44
5564 5501 63 5500 64
4962 4907 55 4907 55
5241 5201 40 5201 40
5267 5214 53 5214 53
5098 5053 45 5053 45
5282 5229 53 5229 53
5464 5415 49 5414 50
5047 5010 37 5010 37
5420 5372 48 5372 48
4957 4914 43 4914 43
5152 5102 50 5102 50
5188 5142 46 5142 46
5237 5174 63 5174 63
5389 5333 56 5333 56
5908 5860 48 5860 48
5171 5114 57 5114 57
4881 4833 48 4833 48
5453 5403 50 5403 50
5112 5059 53 5059 53
5059 5011 48 5010 49
4751 4711 40 4711 40
5478 5433 45 5432 46
4925 4872 53 4872 53
5159 5114 45 5114 45
4662 4624 38 4624 38
5066 5019 47 5019 47
4995 4937 58 4936 59
5392 5336 56 5336 56
4965 4933 32 4933 32
5198 5155 43 5155 43
5320 5264 56 5264 56
5095 5045 50 5045 50
5316 5267 49 5266 50
5175 5140 35 5140 35
5286 5239 47 5239 47
5089 5046 43 5046 43
5065 5020 45 5020 45
5381 5331 50 5331 50
5081 5036 45 5036 45
5412 5364 48 5364 48
5320 5260 60 5260 60
5202 5154 48 5154 48
5178 5130 48 5130 48
5121 5065 56 5065 56
4930 4879 51 4879 51
5388 5341 47 5341 47
5680 5626 54 5626 54
5425 5377 48 5377 48
5088 5047 41 5047 41
4794 4762 32 4762 32
5484 5449 35 5448 36
5093 5043 50 5043 50
5221 5180 41 5180 41
5513 5456 57 5456 57
5049 5008 41 5008 41
4815 4757 58 4756 59
5821 5759 62 5758 63
5173 5118 55 5118 55
4917 4874 43 4874 43
5373 5324 49 5324 49
5526 5468 58 5468 58
5675 5619 56 5619 56
5248 5204 44 5204 44
5466 5428 38 5428 38
5168 5126 42 5126 42
5180 5134 46 5134 46
5023 4988 35 4988 35
5231 5185 46 5185 46
4976 4935 41 4935 41
5055 5013 42 5013 42
5168 5111 57 5111 57
5309 5251 58 5251 58
5220 5176 44 5176 44
4865 4821 44 4821 44
5231 5183 48 5183 48
5111 5067 44 5067 44
5408 5372 36 5372 36
5044 5011 33 5011 33
5157 5116 41 5116 41
5717 5669 48 5669 48
5102 5069 33 5069 33
5220 5175 45 5175 45
5353 5313 40 5313 40
5120 5071 49 5071 49
5017 4976 41 4976 41
5313 5276 37 5276 37
5173 5129 44 5128 45
5291 5245 46 5245 46
5111 5081 30 5081 30
5314 5266 48 5266 48
5299 5260 39 5260 39
5589 5531 58 5531 58
5049 5009 40 5009 40
5099 5048 51 5048 51
5487 5448 39 5448 39
5073 5026 47 5026 47
5092 5055 37 5055 37
4889 4832 57 4832 57
5358 5312 46 5312 46
5161 5110 51 5109 52
4982 4935 47 4935 47
4950 4913 37 4913 37
5541 5493 48 5493 48
5330 5270 60 5270 60
5197 5139 58 5139 58
4808 4768 40 4768 40
5100 5066 34 5066 34
