5578 5510 68 5510 68
5442 5372 70 5372 70
5595 5525 70 5525 70
5448 5378 70 5378 70
5562 5491 71 5491 71
5466 5393 73 5393 73
5536 5463 73 5463 73
5408 5344 64 5344 64
5419 5351 68 5351 68
5330 5261 69 5261 69
5340 5260 80 5260 80
5430 5357 73 5357 73
5718 5644 74 5643 75
5811 5723 88 5723 88
5383 5308 75 5307 76
5519 5446 73 5446 73
5451 5385 66 5385 66
5300 5227 73 5226 74
5633 5560 73 5560 73
5333 5268 65 5268 65
5221 5126 95 5126 95
5519 5440 79 5440 79
5610 5533 77 5533 77
5044 4979 65 4979 65
5579 5495 84 5495 84
5613 5538 75 5536 77
5790 5699 91 5699 91
5136 5069 67 5069 67
5131 5078 53 5078 53
5626 5537 89 5537 89
5698 5624 74 5623 75
5684 5611 73 5611 73
5319 5260 59 5260 59
5425 5356 69 5355 70
5316 5236 80 5235 81
5799 5720 79 5720 79
5393 5321 72 5321 72
5256 5194 62 5194 62
4981 4914 67 4914 67
5139 5062 77 5062 77
5323 5250 73 5250 73
5399 5325 74 5325 74
5277 5206 71 5205 72
5590 5507 83 5507 83
5355 5268 87 5268 87
5853 5772 81 5771 82
5252 5198 54 5198 54
5545 5484 61 5484 61
5453 5393 60 5393 60
5520 5445 75 5444 76
5255 5183 72 5183 72
5195 5127 68 5127 68
5207 5137 70 5137 70
5686 5621 65 5621 65
5468 5390 78 5390 78
5366 5293 73 5292 74
5033 4962 71 4962 71
5456 5383 73 5382 74
5177 5112 65 5112 65
5285 5205 80 5205 80
5099 5027 72 5027 72
5120 5048 72 5048 72
5301 5230 71 5230 71
5269 5207 62 5207 62
5135 5057 78 5057 78
4837 4762 75 4761 76
5119 5054 65 5054 65
5166 5084 82 5084 82
4846 4780 66 4780 66
5491 5406 85 5406 85
5221 5159 62 5159 62
4685 4614 71 4614 71
4924 4851 73 4850 74
5166 5102 64 5101 65
5114 5051 63 5051 63
5493 5418 75 5418 75
4966 4908 58 4908 58
4872 4810 62 4809 63
5029 4978 51 4978 51
4847 4787 60 4786 61
4809 4754 55 4753 56
4931 4855 76 4855 76
4973 4916 57 4916 57
5008 4944 64 4944 64
5155 5082 73 5081 74
5478 5391 87 5391 87
5222 5148 74 5148 74
4961 4884 77 4884 77
5420 5346 74 5346 74
5381 5319 62 5319 62
5076 4996 80 4996 80
5177 5103 74 5103 74
5075 5011 64 5011 64
5253 5166 87 5166 87
5151 5078 73 5078 73
5015 4962 53 4962 53
5041 4963 78 4963 78
5185 5109 76 5108 77
4951 4873 78 4873 78
5324 5252 72 5252 72
4974 4905 69 4905 69
4925 4872 53 4872 53
4876 4810 66 4810 66
5090 5025 65 5024 66
5633 5560 73 5560 73
4856 4793 63 4792 64
5134 5077 57 5076 58
4780 4717 63 4716 64
5161 5076 85 5076 85
4994 4923 71 4923 71
5369 5304 65 5304 65
5113 5043 70 5042 71
5288 5210 78 5210 78
5018 4950 68 4949 69
5518 5451 67 5451 67
5431 5372 59 5372 59
5081 4996 85 4996 85
5376 5312 64 5312 64
4724 4666 58 4664 60
5071 4998 73 4998 73
4931 4866 65 4866 65
4915 4865 50 4865 50
4899 4830 69 4829 70
5107 5055 52 5055 52
4982 4911 71 4911 71
4767 4701 66 4701 66
5056 4988 68 4988 68
5229 5151 78 5151 78
5449 5371 78 5371 78
5343 5266 77 5266 77
5158 5092 66 5091 67
5612 5549 63 5549 63
5231 5168 63 5168 63
5079 5020 59 5018 61
5324 5245 79 5244 80
5066 4996 70 4996 70
4980 4927 53 4926 54
5241 5183 58 5183 58
5271 5200 71 5200 71
5209 5147 62 5147 62
5046 4995 51 4994 52
4935 4865 70 4864 71
5208 5135 73 5135 73
5020 4956 64 4954 66
4963 4908 55 4908 55
5449 5378 71 5376 73
5082 5015 67 5015 67
5101 5031 70 5030 71
5368 5298 70 5298 70
5398 5341 57 5340 58
5538 5471 67 5471 67
5630 5553 77 5553 77
5580 5503 77 5503 77
4948 4882 66 4882 66
5483 5410 73 5410 73
5393 5313 80 5313 80
5562 5489 73 5489 73
5819 5744 75 5744 75
5704 5625 79 5625 79
5538 5468 70 5468 70
5517 5452 65 5452 65
5667 5601 66 5601 66
5529 5455 74 5455 74
5479 5418 61 5418 61
5807 5725 82 5725 82
4794 4740 54 4740 54
5452 5381 71 5381 71
5353 5270 83 5268 85
5531 5459 72 5459 72
4828 4751 77 4751 77
5733 5651 82 5651 82
5652 5584 68 5584 68
5836 5745 91 5744 92
5237 5180 57 5180 57
5111 5050 61 5048 63
5785 5705 80 5705 80
5384 5301 83 5301 83
5484 5421 63 5421 63
5414 5334 80 5333 81
5722 5645 77 5644 78
5795 5706 89 5705 90
4666 4600 66 4599 67
5504 5431 73 5431 73
5533 5452 81 5452 81
5123 5054 69 5054 69
5336 5277 59 5276 60
5145 5079 66 5079 66
5517 5440 77 5440 77
5064 4987 77 4987 77
4959 4890 69 4888 71
5855 5779 76 5779 76
5335 5271 64 5271 64
5415 5351 64 5351 64
4940 4879 61 4879 61
5043 4983 60 4983 60
5103 5033 70 5033 70
5167 5094 73 5093 74
5366 5296 70 5295 71
5005 4931 74 4930 75
5349 5256 93 5255 94
5891 5825 66 5825 66
5123 5062 61 5061 62
5630 5548 82 5547 83
5565 5476 89 5476 89
5616 5549 67 5548 68
5154 5086 68 5086 68
5389 5307 82 5307 82
5562 5489 73 5489 73
4829 4763 66 4762 67
5005 4920 85 4920 85
5022 4951 71 4951 71
5496 5428 68 5427 69
5633 5548 85 5548 85
5403 5331 72 5331 72
5295 5226 69 5226 69
5367 5306 61 5306 61
5037 4973 64 4973 64
4992 4933 59 4932 60
5242 5158 84 5158 84
5511 5448 63 5448 63
5287 5209 78 5209 78
5017 4954 63 4954 63
5063 4994 69 4993 70
5499 5425 74 5425 74
5345 5290 55 5290 55
5186 5119 67 5118 68
5273 5207 66 5207 66
5382 5305 77 5303 79
5441 5381 60 5381 60
5180 5117 63 5117 63
5121 5050 71 5050 71
4714 4643 71 4642 72
5082 4996 86 4996 86
5167 5094 73 5094 73
5566 5506 60 5506 60
5169 5117 52 5116 53
5435 5363 72 5363 72
4910 4840 70 4840 70
5708 5622 86 5622 86
5857 5784 73 5784 73
5592 5506 86 5506 86
5012 4951 61 4951 61
4998 4940 58 4940 58
5397 5322 75 5322 75
5376 5315 61 5315 61
4932 4874 58 4874 58
5392 5318 74 5318 74
5370 5302 68 5301 69
5166 5090 76 5089 77
4873 4813 60 4813 60
5214 5146 68 5146 68
5211 5138 73 5138 73
5180 5105 75 5105 75
5061 4987 74 4987 74
5242 5172 70 5172 70
4780 4724 56 4723 57
5322 5249 73 5249 73
5184 5116 68 5116 68
5232 5153 79 5152 80
5290 5214 76 5212 78
5001 4932 69 4932 69
5311 5240 71 5239 72
5126 5044 82 5044 82
5340 5262 78 5262 78
5124 5049 75 5049 75
5070 4999 71 4999 71
5324 5259 65 5259 65
5280 5203 77 5203 77
5598 5532 66 5532 66
5150 5085 65 5084 66
5032 4963 69 4963 69
5175 5114 61 5114 61
5219 5133 86 5132 87
4939 4864 75 4864 75
5381 5308 73 5308 73
5351 5274 77 5274 77
5395 5327 68 5327 68
5159 5077 82 5076 83
5110 5048 62 5048 62
5503 5432 71 5432 71
5551 5481 70 5481 70
5373 5288 85 5288 85
5512 5438 74 5438 74
5475 5408 67 5408 67
5154 5076 78 5075 79
5276 5208 68 5208 68
5755 5670 85 5670 85
5379 5304 75 5303 76
5245 5174 71 5174 71
4786 4722 64 4722 64
5397 5326 71 5325 72
5654 5557 97 5557 97
5132 5058 74 5058 74
5155 5086 69 5085 70
5333 5260 73 5259 74
5336 5267 69 5267 69
5416 5347 69 5347 69
5006 4932 74 4932 74
5101 5042 59 5042 59
5316 5247 69 5246 70
5331 5263 68 5262 69
5131 5062 69 5062 69
5193 5119 74 5119 74
5305 5235 70 5234 71
5642 5558 84 5557 85
5025 4967 58 4967 58
4945 4895 50 4895 50
5200 5130 70 5130 70
5339 5284 55 5283 56
5320 5242 78 5242 78
5159 5094 65 5094 65
4827 4767 60 4767 60
5726 5647 79 5647 79
5345 5275 70 5275 70
4906 4837 69 4837 69
4535 4481 54 4480 55
5057 4998 59 4998 59
5250 5177 73 5177 73
5446 5368 78 5368 78
4837 4775 62 4775 62
5086 5018 68 5018 68
5425 5354 71 5354 71
5162 5086 76 5085 77
5206 5128 78 5128 78
5063 4999 64 4999 64
5103 5034 69 5034 69
5105 5045 60 5045 60
5248 5174 74 5174 74
4922 4860 62 4860 62
5321 5258 63 5258 63
4983 4918 65 4918 65
5302 5235 67 5235 67
5042 4977 65 4977 65
5306 5234 72 5233 73
5043 4972 71 4972 71
5561 5482 79 5482 79
5242 5171 71 5170 72
4957 4889 68 4888 69
5158 5099 59 5099 59
4815 4758 57 4758 57
5112 5031 81 5030 82
5259 5192 67 5191 68
5386 5321 65 5321 65
4930 4851 79 4849 81
5235 5159 76 5159 76
5474 5387 87 5387 87
5298 5224 74 5224 74
5563 5491 72 5490 73
5098 5020 78 5020 78
4838 4759 79 4759 79
5156 5072 84 5072 84
5350 5292 58 5291 59
5015 4938 77 4938 77
5428 5356 72 5356 72
4982 4905 77 4904 78
5297 5208 89 5208 89
5419 5345 74 5343 76
5076 5001 75 5000 76
5045 4972 73 4972 73
5403 5322 81 5322 81
4956 4890 66 4890 66
5140 5084 56 5084 56
5014 4944 70 4944 70
5433 5355 78 5355 78
5129 5062 67 5061 68
5319 5240 79 5240 79
5404 5335 69 5335 69
5280 5217 63 5216 64
5600 5531 69 5530 70
5272 5183 89 5182 90
5465 5394 71 5394 71
4659 4607 52 4607 52
5002 4945 57 4944 58
5337 5276 61 5275 62
4756 4691 65 4690 66
5279 5198 81 5198 81
5045 4977 68 4977 68
4917 4856 61 4856 61
4867 4798 69 4798 69
5144 5077 67 5077 67
4885 4832 53 4831 54
5329 5256 73 5256 73
5088 5022 66 5021 67
5029 4970 59 4970 59
4994 4919 75 4919 75
5226 5173 53 5173 53
5267 5204 63 5204 63
5246 5184 62 5183 63
5162 5094 68 5094 68
4995 4925 70 4924 71
5076 5003 73 5002 74
4926 4868 58 4868 58
5277 5198 79 5198 79
4950 4868 82 4868 82
4951 4892 59 4892 59
5203 5143 60 5143 60
5567 5479 88 5478 89
5266 5188 78 5188 78
5557 5480 77 5480 77
5518 5440 78 5440 78
5307 5239 68 5239 68
5165 5097 68 5097 68
5147 5082 65 5082 65
5298 5224 74 5224 74
5089 5013 76 5013 76
4762 4684 78 4684 78
5364 5286 78 5284 80
4887 4827 60 4826 61
5358 5285 73 5285 73
5231 5141 90 5140 91
5357 5306 51 5306 51
5041 4974 67 4974 67
5247 5178 69 5177 70
5483 5403 80 5402 81
4949 4866 83 4866 83
5128 5058 70 5058 70
5310 5247 63 5247 63
4860 4800 60 4800 60
5293 5235 58 5235 58
4988 4921 67 4921 67
5261 5194 67 5194 67
5319 5237 82 5235 84
5064 5008 56 5008 56
4901 4827 74 4827 74
4975 4908 67 4908 67
4852 4774 78 4774 78
5354 5283 71 5283 71
5503 5440 63 5440 63
5281 5213 68 5212 69
5095 5026 69 5026 69
5022 4945 77 4944 78
5000 4928 72 4928 72
4836 4776 60 4774 62
5018 4944 74 4944 74
4974 4902 72 4902 72
5428 5367 61 5367 61
5007 4940 67 4940 67
4820 4755 65 4755 65
5147 5071 76 5069 78
5302 5241 61 5241 61
5277 5200 77 5200 77
5545 5477 68 5476 69
4972 4897 75 4897 75
5350 5284 66 5283 67
4886 4818 68 4816 70
5343 5276 67 5276 67
4823 4767 56 4767 56
5266 5180 86 5180 86
5139 5080 59 5080 59
5183 5115 68 5115 68
4990 4946 44 4946 44
5199 5133 66 5133 66
5214 5150 64 5149 65
5165 5084 81 5084 81
5644 5577 67 5577 67
5101 5034 67 5034 67
5876 5782 94 5782 94
4958 4888 70 4888 70
5192 5120 72 5119 73
4439 4380 59 4378 61
5146 5076 70 5076 70
5172 5121 51 5121 51
5199 5131 68 5131 68
5243 5182 61 5182 61
5056 4994 62 4994 62
5292 5217 75 5216 76
4911 4858 53 4857 54
5554 5461 93 5461 93
5148 5074 74 5074 74
4955 4898 57 4896 59
5199 5124 75 5124 75
5268 5191 77 5191 77
5039 4985 54 4985 54
5342 5258 84 5257 85
4745 4679 66 4678 67
4663 4597 66 4597 66
5088 5026 62 5026 62
4774 4719 55 4719 55
5007 4940 67 4940 67
5146 5067 79 5067 79
5129 5072 57 5070 59
5303 5229 74 5228 75
5453 5385 68 5384 69
5086 5017 69 5017 69
5176 5112 64 5111 65
5347 5281 66 5281 66
5139 5081 58 5081 58
5065 5017 48 5016 49
4848 4787 61 4787 61
5270 5189 81 5189 81
5067 5005 62 5005 62
5041 4961 80 4960 81
4860 4784 76 4784 76
5484 5405 79 5405 79
5153 5090 63 5090 63
5391 5323 68 5322 69
5303 5225 78 5225 78
4621 4553 68 4553 68
5063 4997 66 4997 66
5206 5124 82 5124 82
5788 5690 98 5689 99
5180 5115 65 5115 65
4638 4569 69 4569 69
4928 4850 78 4850 78
4999 4920 79 4920 79
5005 4941 64 4941 64
5223 5156 67 5156 67
5117 5033 84 5033 84
5068 5000 68 5000 68
5182 5098 84 5098 84
4951 4878 73 4878 73
5440 5372 68 5372 68
4822 4758 64 4757 65
4832 4759 73 4759 73
5632 5554 78 5554 78
5208 5138 70 5138 70
4971 4904 67 4902 69
5088 5020 68 5020 68
5201 5157 44 5156 45
5443 5374 69 5374 69
5529 5454 75 5454 75
5429 5360 69 5360 69
5711 5637 74 5636 75
5373 5313 60 5312 61
5349 5287 62 5287 62
4928 4864 64 4864 64
5287 5210 77 5208 79
5181 5111 70 5111 70
5262 5190 72 5190 72
5306 5241 65 5240 66
5388 5310 78 5309 79
5294 5228 66 5228 66
5186 5123 63 5122 64
5122 5054 68 5053 69
5086 5033 53 5033 53
4801 4742 59 4742 59
5058 4975 83 4975 83
4832 4784 48 4784 48
5121 5051 70 5051 70
4962 4896 66 4896 66
5040 4973 67 4972 68
4740 4679 61 4679 61
5121 5057 64 5056 65
5280 5205 75 5205 75
5001 4933 68 4933 68
5257 5191 66 5190 67
5110 5040 70 5040 70
5556 5485 71 5485 71
4997 4930 67 4930 67
5351 5277 74 5277 74
5120 5033 87 5033 87
5134 5069 65 5068 66
4884 4830 54 4830 54
5094 5023 71 5023 71
5143 5082 61 5082 61
4852 4792 60 4792 60
5321 5245 76 5244 77
5286 5212 74 5212 74
5158 5087 71 5087 71
5071 5002 69 5002 69
5297 5222 75 5222 75
5265 5198 67 5198 67
5102 5035 67 5035 67
4985 4911 74 4911 74
4985 4927 58 4927 58
5558 5487 71 5487 71
5298 5237 61 5236 62
5012 4947 65 4947 65
5381 5326 55 5326 55
5184 5119 65 5119 65
4944 4884 60 4884 60
5111 5056 55 5056 55
4921 4853 68 4852 69
4984 4928 56 4928 56
5250 5171 79 5171 79
5305 5236 69 5235 70
5387 5304 83 5304 83
5010 4930 80 4930 80
5169 5088 81 5088 81
5228 5163 65 5162 66
5155 5083 72 5083 72
5370 5295 75 5295 75
4793 4738 55 4738 55
4840 4765 75 4764 76
5042 4964 78 4963 79
5481 5415 66 5415 66
5222 5157 65 5157 65
4941 4873 68 4873 68
5135 5057 78 5056 79
5243 5172 71 5172 71
5172 5099 73 5099 73
5590 5514 76 5513 77
5435 5356 79 5356 79
5198 5124 74 5123 75
5437 5359 78 5359 78
5353 5278 75 5278 75
5204 5139 65 5139 65
5085 5015 70 5013 72
5270 5200 70 5198 72
5088 5027 61 5027 61
5271 5204 67 5204 67
5435 5369 66 5369 66
5214 5141 73 5141 73
5193 5117 76 5117 76
5584 5508 76 5507 77
5412 5329 83 5329 83
5051 4998 53 4997 54
5024 4963 61 4963 61
4994 4931 63 4931 63
5312 5235 77 5235 77
4983 4925 58 4924 59
5172 5117 55 5116 56
5208 5135 73 5134 74
4915 4839 76 4839 76
4942 4885 57 4885 57
5361 5293 68 5293 68
5236 5159 77 5159 77
4824 4759 65 4759 65
5306 5237 69 5237 69
5099 5024 75 5023 76
4946 4869 77 4869 77
5481 5409 72 5408 73
5326 5257 69 5257 69
5494 5422 72 5422 72
4944 4876 68 4876 68
4895 4838 57 4837 58
4763 4704 59 4704 59
5369 5288 81 5288 81
4704 4631 73 4630 74
5181 5109 72 5109 72
5076 5012 64 5012 64
5255 5179 76 5179 76
4985 4912 73 4912 73
4969 4891 78 4891 78
5031 4969 62 4968 63
4676 4618 58 4618 58
4819 4761 58 4760 59
5200 5121 79 5121 79
4849 4777 72 4776 73
5144 5071 73 5070 74
5353 5288 65 5288 65
5040 4976 64 4976 64
5152 5092 60 5092 60
5282 5209 73 5209 73
4757 4703 54 4702 55
4802 4738 64 4738 64
4693 4638 55 4637 56
5182 5116 66 5116 66
5268 5203 65 5203 65
5047 4977 70 4977 70
5378 5312 66 5312 66
5240 5172 68 5172 68
4979 4898 81 4898 81
5428 5352 76 5350 78
4886 4822 64 4821 65
4913 4854 59 4853 60
5074 5003 71 5003 71
5079 5019 60 5019 60
4865 4799 66 4798 67
5045 4975 70 4973 72
5078 5007 71 5007 71
5190 5122 68 5122 68
5255 5186 69 5186 69
5359 5285 74 5285 74
4935 4868 67 4868 67
5267 5206 61 5205 62
5197 5146 51 5146 51
5202 5129 73 5129 73
5012 4933 79 4933 79
4995 4933 62 4933 62
5168 5112 56 5112 56
5522 5451 71 5451 71
4969 4894 75 4892 77
5151 5082 69 5082 69
5241 5174 67 5173 68
4825 4753 72 4752 73
4994 4927 67 4927 67
4990 4916 74 4914 76
5274 5205 69 5205 69
4931 4865 66 4865 66
4935 4870 65 4870 65
4772 4689 83 4689 83
4925 4850 75 4849 76
4670 4610 60 4610 60
5153 5081 72 5080 73
5221 5154 67 5154 67
5362 5293 69 5293 69
5194 5118 76 5118 76
5000 4938 62 4938 62
5263 5192 71 5192 71
4906 4836 70 4836 70
5572 5492 80 5491 81
5172 5098 74 5098 74
4835 4774 61 4772 63
5028 4955 73 4955 73
5590 5515 75 5515 75
5029 4948 81 4948 81
4694 4629 65 4629 65
4853 4792 61 4792 61
4909 4844 65 4844 65
4947 4877 70 4877 70
5260 5187 73 5187 73
4927 4861 66 4861 66
5000 4932 68 4932 68
4949 4893 56 4892 57
5147 5084 63 5084 63
5616 5532 84 5532 84
5057 5002 55 5000 57
5120 5051 69 5050 70
5276 5212 64 5212 64
4559 4501 58 4501 58
5137 5081 56 5080 57
4981 4917 64 4917 64
4832 4768 64 4768 64
5376 5317 59 5316 60
4961 4899 62 4898 63
5271 5185 86 5184 87
4934 4871 63 4870 64
5012 4953 59 4953 59
4948 4872 76 4872 76
5126 5052 74 5051 75
5111 5020 91 5018 93
5241 5175 66 5175 66
4766 4701 65 4699 67
5120 5045 75 5045 75
5039 4969 70 4969 70
5588 5521 67 5521 67
5244 5171 73 5169 75
5887 5798 89 5798 89
5425 5345 80 5345 80
5522 5448 74 5448 74
5284 5220 64 5219 65
5171 5092 79 5092 79
5099 5032 67 5032 67
5346 5280 66 5279 67
5019 4949 70 4948 71
5809 5726 83 5726 83
4782 4701 81 4701 81
5014 4944 70 4943 71
5069 5001 68 4999 70
5157 5082 75 5082 75
5440 5363 77 5363 77
4781 4718 63 4718 63
4655 4594 61 4594 61
5328 5261 67 5261 67
4874 4807 67 4807 67
5152 5091 61 5090 62
5346 5281 65 5281 65
5338 5270 68 5270 68
5241 5178 63 5178 63
4948 4889 59 4889 59
5264 5190 74 5189 75
5453 5385 68 5385 68
5057 4988 69 4988 69
5092 5026 66 5026 66
5269 5192 77 5191 78
5270 5203 67 5203 67
5411 5332 79 5331 80
5086 5022 64 5022 64
5149 5090 59 5090 59
4745 4685 60 4685 60
5985 5904 81 5904 81
5413 5358 55 5358 55
5417 5333 84 5333 84
4972 4904 68 4904 68
4975 4906 69 4906 69
4884 4817 67 4817 67
5416 5345 71 5345 71
5027 4962 65 4961 66
5202 5140 62 5140 62
4754 4684 70 4684 70
5130 5055 75 5055 75
5334 5274 60 5274 60
4697 4644 53 4644 53
5157 5084 73 5084 73
5230 5164 66 5164 66
5090 5031 59 5031 59
5091 5036 55 5036 55
5103 5025 78 5024 79
5173 5108 65 5106 67
5657 5578 79 5577 80
4976 4917 59 4917 59
5262 5180 82 5180 82
5445 5383 62 5383 62
5031 4962 69 4962 69
5382 5317 65 5317 65
5180 5111 69 5111 69
5374 5293 81 5293 81
5233 5158 75 5158 75
5430 5355 75 5355 75
5370 5296 74 5295 75
5185 5103 82 5102 83
5078 5009 69 5009 69
5895 5827 68 5826 69
4942 4861 81 4861 81
5171 5095 76 5095 76
5055 4983 72 4983 72
5097 5031 66 5031 66
5019 4954 65 4953 66
4893 4828 65 4828 65
4784 4735 49 4734 50
5716 5639 77 5639 77
4941 4859 82 4859 82
5485 5419 66 5418 67
5122 5057 65 5057 65
5133 5069 64 5069 64
5302 5233 69 5233 69
5457 5390 67 5389 68
4868 4802 66 4802 66
4901 4842 59 4842 59
5321 5255 66 5254 67
5169 5109 60 5109 60
5400 5317 83 5317 83
5002 4939 63 4938 64
5010 4956 54 4956 54
5356 5283 73 5283 73
4868 4797 71 4797 71
5170 5097 73 5097 73
4704 4657 47 4657 47
5140 5054 86 5052 88
5384 5309 75 5309 75
5145 5084 61 5084 61
5130 5052 78 5052 78
5186 5121 65 5121 65
4748 4679 69 4679 69
4757 4689 68 4689 68
5392 5320 72 5320 72
4942 4881 61 4880 62
5160 5091 69 5090 70
4809 4742 67 4742 67
4979 4902 77 4902 77
5078 5004 74 5004 74
5103 5043 60 5043 60
5224 5161 63 5161 63
5182 5121 61 5120 62
5247 5175 72 5175 72
5227 5155 72 5155 72
5107 5039 68 5039 68
5405 5341 64 5340 65
5695 5624 71 5624 71
4995 4925 70 4925 70
4998 4937 61 4937 61
4985 4927 58 4927 58
5194 5118 76 5118 76
4855 4797 58 4797 58
5506 5424 82 5424 82
5371 5303 68 5303 68
5525 5444 81 5444 81
5236 5175 61 5175 61
5263 5197 66 5197 66
5022 4956 66 4955 67
5265 5197 68 5196 69
5084 5022 62 5022 62
4918 4864 54 4864 54
5130 5062 68 5060 70
5457 5391 66 5391 66
5106 5029 77 5029 77
5622 5559 63 5559 63
5198 5126 72 5125 73
5293 5230 63 5230 63
5141 5066 75 5066 75
5091 5014 77 5013 78
5452 5395 57 5395 57
5201 5146 55 5146 55
5312 5248 64 5248 64
4928 4857 71 4857 71
5205 5128 77 5128 77
4619 4557 62 4555 64
5591 5526 65 5524 67
4831 4755 76 4754 77
4978 4928 50 4928 50
4905 4842 63 4842 63
5114 5035 79 5034 80
5002 4944 58 4944 58
5109 5049 60 5048 61
5169 5091 78 5091 78
5119 5059 60 5059 60
5135 5061 74 5060 75
5264 5189 75 5189 75
5225 5151 74 5151 74
5150 5087 63 5087 63
4946 4877 69 4877 69
5398 5336 62 5334 64
5212 5147 65 5147 65
5235 5155 80 5155 80
5363 5301 62 5301 62
5160 5086 74 5085 75
5280 5205 75 5204 76
5291 5213 78 5212 79
5080 5016 64 5016 64
4887 4809 78 4808 79
5294 5216 78 5216 78
5509 5444 65 5443 66
5564 5477 87 5477 87
4962 4890 72 4890 72
5241 5176 65 5176 65
5267 5194 73 5193 74
5098 5046 52 5046 52
5282 5214 68 5214 68
5464 5383 81 5383 81
5047 4975 72 4975 72
5420 5339 81 5339 81
4957 4885 72 4884 73
5152 5066 86 5066 86
5188 5118 70 5117 71
5237 5157 80 5157 80
5389 5317 72 5316 73
5908 5832 76 5832 76
5171 5106 65 5106 65
4881 4808 73 4808 73
5453 5369 84 5369 84
5112 5050 62 5050 62
5059 4986 73 4986 73
4751 4700 51 4699 52
5478 5405 73 5405 73
4925 4846 79 4846 79
5159 5096 63 5095 64
4662 4577 85 4577 85
5066 4994 72 4994 72
4995 4911 84 4910 85
5392 5335 57 5335 57
4965 4894 71 4894 71
5198 5118 80 5117 81
5320 5251 69 5251 69
5095 5008 87 5008 87
5316 5258 58 5258 58
5175 5104 71 5104 71
5286 5221 65 5221 65
5089 5009 80 5009 80
5065 4986 79 4985 80
5381 5314 67 5314 67
5081 5007 74 5007 74
5412 5345 67 5345 67
5320 5244 76 5244 76
5202 5136 66 5136 66
5178 5117 61 5114 64
5121 5042 79 5042 79
4930 4877 53 4876 54
5388 5332 56 5332 56
5680 5608 72 5608 72
5425 5355 70 5355 70
5088 5024 64 5023 65
4794 4719 75 4719 75
5484 5402 82 5402 82
5093 5025 68 5025 68
5221 5139 82 5138 83
5513 5443 70 5443 70
5049 4972 77 4972 77
4815 4753 62 4753 62
5821 5744 77 5744 77
5173 5105 68 5105 68
4917 4847 70 4847 70
5373 5288 85 5287 86
5526 5462 64 5462 64
5675 5590 85 5590 85
5248 5182 66 5182 66
5466 5392 74 5390 76
5168 5090 78 5090 78
5180 5127 53 5126 54
5023 4954 69 4954 69
5231 5147 84 5147 84
4976 4924 52 4923 53
5055 4998 57 4998 57
5168 5094 74 5094 74
5309 5239 70 5238 71
5220 5159 61 5159 61
4865 4804 61 4804 61
5231 5172 59 5172 59
5111 5042 69 5041 70
5408 5336 72 5336 72
5044 4969 75 4969 75
5157 5079 78 5079 78
5717 5648 69 5648 69
5102 5033 69 5032 70
5220 5163 57 5163 57
5353 5280 73 5280 73
5120 5041 79 5041 79
5017 4944 73 4944 73
5313 5244 69 5244 69
5173 5114 59 5114 59
5291 5222 69 5222 69
5111 5034 77 5034 77
5314 5250 64 5250 64
5299 5242 57 5242 57
5589 5515 74 5514 75
5049 4991 58 4991 58
5099 5039 60 5038 61
5487 5407 80 5407 80
5073 5011 62 5010 63
5092 5036 56 5036 56
4889 4834 55 4834 55
5358 5288 70 5287 71
5161 5067 94 5067 94
4982 4911 71 4911 71
4950 4894 56 4894 56
5541 5475 66 5475 66
5330 5249 81 5248 82
5197 5128 69 5128 69
4808 4736 72 4736 72
5100 5026 74 5026 74
