5578 5380 198 1794 3784
5442 5253 189 1417 4025
5595 5418 177 470 5125
5448 5285 163 989 4459
5562 5390 172 471 5091
5466 5285 181 2137 3329
5536 5366 170 667 4869
5408 5246 162 1945 3463
5419 5262 157 3826 1593
5330 5153 177 1447 3883
5340 5171 169 5170 170
5430 5259 171 5259 171
5718 5537 181 5535 183
5811 5634 177 3455 2356
5383 5208 175 1634 3749
5519 5349 170 5347 172
5451 5294 157 5293 158
5300 5141 159 5139 161
5633 5466 167 904 4729
5333 5152 181 250 5083
5221 5064 157 5063 158
5519 5355 164 229 5290
5610 5432 178 1179 4431
5044 4870 174 4869 175
5579 5425 154 4196 1383
5613 5449 164 1779 3834
5790 5605 185 2212 3578
5136 4981 155 1068 4068
5131 4963 168 2401 2730
5626 5446 180 2657 2969
5698 5514 184 5264 434
5684 5494 190 1652 4032
5319 5166 153 1186 4133
5425 5248 177 1993 3432
5316 5137 179 3274 2042
5799 5647 152 1814 3985
5393 5216 177 768 4625
5256 5092 164 2758 2498
4981 4820 161 2525 2456
5139 4988 151 2909 2230
5323 5152 171 2919 2404
5399 5223 176 271 5128
5277 5130 147 366 4911
5590 5416 174 5415 175
5355 5199 156 596 4759
5853 5679 174 3418 2435
5252 5080 172 3206 2046
5545 5371 174 2316 3229
5453 5289 164 1277 4176
5520 5324 196 5323 197
5255 5089 166 1025 4230
5195 5017 178 1344 3851
5207 5027 180 266 4941
5686 5514 172 2194 3492
5468 5304 164 1657 3811
5366 5204 162 759 4607
5033 4889 144 1408 3625
5456 5277 179 525 4931
5177 5019 158 795 4382
5285 5111 174 1388 3897
5099 4949 150 2229 2870
5120 4957 163 4957 163
5301 5124 177 2233 3068
5269 5101 168 4373 896
5135 4963 172 1758 3377
4837 4703 134 2027 2810
5119 4964 155 264 4855
5166 5017 149 798 4368
4846 4689 157 3593 1253
5491 5307 184 619 4872
5221 5042 179 1323 3898
4685 4520 165 2490 2195
4924 4763 161 4763 161
5166 4989 177 4989 177
5114 4949 165 477 4637
5493 5326 167 1022 4471
4966 4790 176 1095 3871
4872 4718 154 1456 3416
5029 4871 158 1039 3990
4847 4709 138 1444 3403
4809 4660 149 1622 3187
4931 4779 152 466 4465
4973 4815 158 4815 158
5008 4840 168 1002 4006
5155 4990 165 160 4995
5478 5303 175 3341 2137
5222 5054 168 2741 2481
4961 4793 168 4793 168
5420 5243 177 926 4494
5381 5205 176 5146 235
5076 4922 154 407 4669
5177 5022 155 1437 3740
5075 4920 155 2038 3037
5253 5078 175 4477 776
5151 4991 160 1149 4002
5015 4853 162 2558 2457
5041 4854 187 2095 2946
5185 5016 169 5015 170
4951 4781 170 557 4394
5324 5152 172 5152 172
4974 4805 169 209 4765
4925 4757 168 2128 2797
4876 4717 159 1134 3742
5090 4915 175 4914 176
5633 5429 204 5429 204
4856 4678 178 4677 179
5134 4957 177 1152 3982
4780 4610 170 1150 3630
5161 5014 147 3515 1646
4994 4830 164 754 4240
5369 5191 178 1916 3453
5113 4941 172 2300 2813
5288 5144 144 3026 2262
5018 4850 168 1681 3337
5518 5364 154 4796 722
5431 5258 173 2536 2895
5081 4946 135 284 4797
5376 5197 179 5197 179
4724 4572 152 1848 2876
5071 4915 156 2559 2512
4931 4766 165 875 4056
4915 4750 165 523 4392
4899 4741 158 1649 3250
5107 4943 164 4794 313
4982 4819 163 4819 163
4767 4615 152 973 3794
5056 4882 174 489 4567
5229 5073 156 963 4266
5449 5290 159 5290 159
5343 5175 168 5175 168
5158 5014 144 5013 145
5612 5441 171 1964 3648
5231 5076 155 1033 4198
5079 4923 156 3244 1835
5324 5153 171 5152 172
5066 4922 144 3193 1873
4980 4823 157 1467 3513
5241 5076 165 1701 3540
5271 5114 157 3093 2178
5209 5033 176 1150 4059
5046 4901 145 4901 145
4935 4763 172 4762 173
5208 5050 158 1038 4170
5020 4863 157 2846 2174
4963 4799 164 406 4557
5449 5259 190 585 4864
5082 4922 160 1194 3888
5101 4941 160 2912 2189
5368 5197 171 533 4835
5398 5217 181 1762 3636
5538 5357 181 4546 992
5630 5447 183 5447 183
5580 5405 175 1152 4428
4948 4802 146 2186 2762
5483 5303 180 655 4828
5393 5216 177 2157 3236
5562 5387 175 1121 4441
5819 5619 200 2713 3106
5704 5533 171 3295 2409
5538 5362 176 1530 4008
5517 5371 146 1724 3793
5667 5486 181 879 4788
5529 5328 201 2515 3014
5479 5312 167 2632 2847
5807 5608 199 1626 4181
4794 4658 136 337 4457
5452 5286 166 2681 2771
5353 5182 171 5182 171
5531 5350 181 262 5269
4828 4689 139 4433 395
5733 5569 164 814 4919
5652 5463 189 2361 3291
5836 5650 186 921 4915
5237 5033 204 2189 3048
5111 4947 164 3885 1226
5785 5629 156 5628 157
5384 5209 175 3683 1701
5484 5324 160 1999 3485
5414 5263 151 2332 3082
5722 5525 197 379 5343
5795 5640 155 2666 3129
4666 4498 168 2509 2157
5504 5337 167 4686 818
5533 5360 173 3771 1762
5123 4967 156 4964 159
5336 5154 182 4556 780
5145 4986 159 3513 1632
5517 5329 188 5329 188
5064 4923 141 679 4385
4959 4783 176 686 4273
5855 5669 186 3793 2062
5335 5165 170 2196 3139
5415 5226 189 685 4730
4940 4779 161 1731 3209
5043 4894 149 2801 2242
5103 4934 169 3671 1432
5167 5024 143 342 4825
5366 5198 168 1471 3895
5005 4852 153 4844 161
5349 5178 171 2099 3250
5891 5714 177 1875 4016
5123 4950 173 1958 3165
5630 5450 180 4549 1081
5565 5395 170 4135 1430
5616 5463 153 1232 4384
5154 5008 146 2811 2343
5389 5215 174 699 4690
5562 5371 191 5371 191
4829 4663 166 1527 3302
5005 4869 136 3673 1332
5022 4854 168 764 4258
5496 5306 190 1121 4375
5633 5458 175 805 4828
5403 5236 167 441 4962
5295 5126 169 1001 4294
5367 5224 143 3480 1887
5037 4875 162 2127 2910
4992 4848 144 4847 145
5242 5052 190 231 5011
5511 5330 181 923 4588
5287 5111 176 2486 2801
5017 4871 146 439 4578
5063 4908 155 450 4613
5499 5322 177 5321 178
5345 5191 154 2208 3137
5186 5033 153 3019 2167
5273 5092 181 2512 2761
5382 5209 173 5209 173
5441 5294 147 225 5216
5180 5003 177 5002 178
5121 4951 170 3192 1929
4714 4574 140 905 3809
5082 4914 168 4269 813
5167 5012 155 2350 2817
5566 5416 150 2997 2569
5169 5013 156 893 4276
5435 5279 156 794 4641
4910 4758 152 4757 153
5708 5496 212 2655 3053
5857 5668 189 2214 3643
5592 5427 165 895 4697
5012 4868 144 2418 2594
4998 4827 171 4204 794
5397 5241 156 1382 4015
5376 5199 177 1962 3414
4932 4773 159 570 4362
5392 5231 161 4223 1169
5370 5207 163 730 4640
5166 4998 168 4997 169
4873 4703 170 503 4370
5214 5051 163 1187 4027
5211 5059 152 795 4416
5180 4991 189 637 4543
5061 4883 178 1037 4024
5242 5076 166 2491 2751
4780 4634 146 1806 2974
5322 5163 159 3090 2232
5184 5006 178 5004 180
5232 5063 169 672 4560
5290 5127 163 4717 573
5001 4820 181 4199 802
5311 5148 163 1144 4167
5126 4972 154 2954 2172
5340 5178 162 789 4551
5124 4964 160 938 4186
5070 4927 143 3156 1914
5324 5139 185 1070 4254
5280 5116 164 444 4836
5598 5436 162 4987 611
5150 4973 177 4107 1043
5032 4884 148 4379 653
5175 5016 159 4473 702
5219 5066 153 1341 3878
4939 4786 153 425 4514
5381 5211 170 2726 2655
5351 5197 154 464 4887
5395 5217 178 2262 3133
5159 4969 190 2991 2168
5110 4958 152 1532 3578
5503 5308 195 5308 195
5551 5374 177 831 4720
5373 5197 176 5196 177
5512 5330 182 2845 2667
5475 5300 175 5299 176
5154 4988 166 714 4440
5276 5093 183 947 4329
5755 5568 187 1777 3978
5379 5181 198 4205 1174
5245 5061 184 1315 3930
4786 4643 143 2512 2274
5397 5242 155 1903 3494
5654 5462 192 2921 2733
5132 4971 161 4932 200
5155 4992 163 3333 1822
5333 5165 168 377 4956
5336 5155 181 5154 182
5416 5259 157 1015 4401
5006 4862 144 3450 1556
5101 4929 172 1078 4023
5316 5163 153 124 5192
5331 5163 168 2044 3287
5131 4970 161 776 4355
5193 5024 169 3349 1844
5305 5119 186 4106 1199
5642 5456 186 5455 187
5025 4860 165 2643 2382
4945 4819 126 714 4231
5200 5034 166 5033 167
5339 5157 182 5157 182
5320 5158 162 4951 369
5159 4991 168 4991 168
4827 4681 146 4681 146
5726 5545 181 1114 4612
5345 5178 167 1214 4131
4906 4765 141 3438 1468
4535 4392 143 4012 523
5057 4881 176 1532 3525
5250 5061 189 927 4323
5446 5271 175 5271 175
4837 4697 140 909 3928
5086 4939 147 2212 2874
5425 5265 160 1565 3860
5162 4991 171 560 4602
5206 5043 163 5043 163
5063 4886 177 4886 177
5103 4960 143 573 4530
5105 4936 169 4577 528
5248 5077 171 1862 3386
4922 4761 161 1636 3286
5321 5158 163 707 4614
4983 4836 147 1585 3398
5302 5113 189 2704 2598
5042 4867 175 717 4325
5306 5153 153 4139 1167
5043 4876 167 4384 659
5561 5391 170 155 5406
5242 5070 172 620 4622
4957 4812 145 3333 1624
5158 5007 151 1732 3426
4815 4687 128 4687 128
5112 4944 168 1793 3319
5259 5076 183 5076 183
5386 5221 165 1171 4215
4930 4771 159 1439 3491
5235 5049 186 860 4375
5474 5303 171 4938 536
5298 5121 177 1023 4275
5563 5374 189 1703 3860
5098 4938 160 998 4100
4838 4680 158 4400 438
5156 4997 159 4997 159
5350 5163 187 1039 4311
5015 4871 144 505 4510
5428 5240 188 1149 4279
4982 4841 141 2530 2452
5297 5131 166 5131 166
5419 5219 200 4115 1304
5076 4921 155 1948 3128
5045 4884 161 153 4892
5403 5221 182 4358 1045
4956 4822 134 4822 134
5140 4956 184 191 4949
5014 4847 167 4847 167
5433 5250 183 1892 3541
5129 4963 166 3307 1822
5319 5132 187 2393 2926
5404 5221 183 165 5239
5280 5113 167 2304 2976
5600 5407 193 1648 3952
5272 5086 186 2204 3068
5465 5294 171 4364 1101
4659 4519 140 4518 141
5002 4820 182 1943 3059
5337 5171 166 1760 3577
4756 4600 156 2336 2420
5279 5095 184 1468 3811
5045 4902 143 2027 3018
4917 4751 166 1966 2951
4867 4701 166 2588 2279
5144 4958 186 412 4732
4885 4737 148 1118 3767
5329 5128 201 1338 3991
5088 4943 145 1332 3756
5029 4862 167 1742 3287
4994 4840 154 3242 1752
5226 5067 159 2261 2965
5267 5100 167 1221 4046
5246 5073 173 5073 173
5162 4990 172 769 4393
4995 4832 163 2916 2079
5076 4897 179 3603 1473
4926 4774 152 4772 154
5277 5101 176 2009 3268
4950 4801 149 298 4652
4951 4794 157 3287 1664
5203 5025 178 3285 1918
5567 5400 167 675 4892
5266 5099 167 2753 2513
5557 5387 170 5385 172
5518 5346 172 5346 172
5307 5141 166 1211 4096
5165 5011 154 1609 3556
5147 4991 156 1801 3346
5298 5150 148 2965 2333
5089 4938 151 809 4280
4762 4608 154 3206 1556
5364 5206 158 622 4742
4887 4740 147 1765 3122
5358 5202 156 5202 156
5231 5030 201 5030 201
5357 5207 150 1406 3951
5041 4879 162 4878 163
5247 5052 195 2986 2261
5483 5307 176 3827 1656
4949 4775 174 2956 1993
5128 4952 176 3381 1747
5310 5121 189 2669 2641
4860 4731 129 2963 1897
5293 5133 160 2646 2647
4988 4804 184 1923 3065
5261 5105 156 2267 2994
5319 5130 189 5130 189
5064 4886 178 725 4339
4901 4732 169 832 4069
4975 4807 168 4361 614
4852 4681 171 1412 3440
5354 5177 177 1415 3939
5503 5353 150 1087 4416
5281 5090 191 3868 1413
5095 4919 176 69 5026
5022 4860 162 452 4570
5000 4833 167 340 4660
4836 4689 147 1139 3697
5018 4841 177 825 4193
4974 4822 152 621 4353
5428 5247 181 5247 181
5007 4857 150 4857 150
4820 4675 145 536 4284
5147 4989 158 277 4870
5302 5152 150 1276 4026
5277 5095 182 1389 3888
5545 5382 163 2706 2839
4972 4814 158 4813 159
5350 5203 147 737 4613
4886 4733 153 1727 3159
5343 5158 185 5157 186
4823 4662 161 1312 3511
5266 5099 167 4223 1043
5139 4950 189 1566 3573
5183 5007 176 3109 2074
4990 4851 139 359 4631
5199 5026 173 5025 174
5214 5048 166 2870 2344
5165 5029 136 245 4920
5644 5451 193 564 5080
5101 4929 172 991 4110
5876 5698 178 2043 3833
4958 4794 164 1003 3955
5192 5013 179 684 4508
4439 4295 144 1534 2905
5146 4985 161 3931 1215
5172 5008 164 2091 3081
5199 5020 179 2840 2359
5243 5087 156 3228 2015
5056 4916 140 2867 2189
5292 5121 171 1078 4214
4911 4761 150 3893 1018
5554 5363 191 3607 1947
5148 4993 155 1775 3373
4955 4797 158 2973 1982
5199 5006 193 4967 232
5268 5091 177 2798 2470
5039 4869 170 4868 171
5342 5172 170 1670 3672
4745 4598 147 724 4021
4663 4519 144 397 4266
5088 4937 151 325 4763
4774 4631 143 4629 145
5007 4845 162 1943 3064
5146 4975 171 1399 3747
5129 4974 155 4974 155
5303 5128 175 4511 792
5453 5291 162 3044 2409
5086 4943 143 1211 3875
5176 5014 162 157 5019
5347 5181 166 394 4953
5139 4973 166 4972 167
5065 4900 165 1076 3989
4848 4688 160 3240 1608
5270 5098 172 1739 3531
5067 4903 164 1629 3438
5041 4884 157 4883 158
4860 4725 135 119 4741
5484 5336 148 822 4662
5153 4978 175 1024 4129
5391 5233 158 4958 433
5303 5151 152 2017 3286
4621 4443 178 4442 179
5063 4900 163 4898 165
5206 5024 182 2982 2224
5788 5601 187 1797 3991
5180 5000 180 675 4505
4638 4492 146 872 3766
4928 4787 141 470 4458
4999 4833 166 2280 2719
5005 4868 137 4806 199
5223 5063 160 5062 161
5117 4954 163 574 4543
5068 4887 181 724 4344
5182 5042 140 336 4846
4951 4785 166 1356 3595
5440 5265 175 584 4856
4822 4674 148 458 4364
4832 4664 168 4663 169
5632 5462 170 577 5055
5208 5049 159 809 4399
4971 4814 157 2867 2104
5088 4918 170 2306 2782
5201 5033 168 5032 169
5443 5247 196 3963 1480
5529 5334 195 2796 2733
5429 5235 194 5235 194
5711 5543 168 1297 4414
5373 5208 165 208 5165
5349 5180 169 794 4555
4928 4766 162 327 4601
5287 5143 144 348 4939
5181 5030 151 219 4962
5262 5087 175 652 4610
5306 5135 171 276 5030
5388 5228 160 5227 161
5294 5116 178 948 4346
5186 5025 161 791 4395
5122 4950 172 4936 186
5086 4918 168 2413 2673
4801 4629 172 2686 2115
5058 4885 173 4885 173
4832 4667 165 3820 1012
5121 4962 159 293 4828
4962 4813 149 1710 3252
5040 4891 149 153 4887
4740 4568 172 4567 173
5121 4970 151 399 4722
5280 5081 199 5081 199
5001 4839 162 4837 164
5257 5090 167 3207 2050
5110 4960 150 2116 2994
5556 5365 191 1106 4450
4997 4847 150 1205 3792
5351 5187 164 814 4537
5120 4962 158 1074 4046
5134 4965 169 2861 2273
4884 4716 168 1277 3607
5094 4925 169 4924 170
5143 4993 150 2126 3017
4852 4680 172 3952 900
5321 5157 164 5157 164
5286 5128 158 1046 4240
5158 4994 164 594 4564
5071 4914 157 4912 159
5297 5114 183 1741 3556
5265 5074 191 507 4758
5102 4944 158 918 4184
4985 4821 164 4821 164
4985 4826 159 692 4293
5558 5374 184 643 4915
5298 5130 168 1684 3614
5012 4872 140 2846 2166
5381 5208 173 885 4496
5184 5013 171 250 4934
4944 4752 192 4752 192
5111 4942 169 1936 3175
4921 4758 163 2350 2571
4984 4810 174 3229 1755
5250 5082 168 825 4425
5305 5137 168 3030 2275
5387 5207 180 596 4791
5010 4837 173 633 4377
5169 5029 140 4067 1102
5228 5068 160 1835 3393
5155 5011 144 3505 1650
5370 5192 178 5192 178
4793 4625 168 4625 168
4840 4699 141 1237 3603
5042 4868 174 1727 3315
5481 5295 186 3794 1687
5222 5084 138 1516 3706
4941 4776 165 696 4245
5135 4987 148 674 4461
5243 5070 173 994 4249
5172 5013 159 3562 1610
5590 5427 163 2420 3170
5435 5264 171 4598 837
5198 5035 163 544 4654
5437 5246 191 4878 559
5353 5184 169 471 4882
5204 5064 140 430 4774
5085 4911 174 847 4238
5270 5117 153 5115 155
5088 4929 159 4929 159
5271 5076 195 1830 3441
5435 5259 176 5258 177
5214 5030 184 1470 3744
5193 5028 165 191 5002
5584 5404 180 2304 3280
5412 5236 176 4432 980
5051 4880 171 451 4600
5024 4887 137 4887 137
4994 4833 161 385 4609
5312 5132 180 672 4640
4983 4828 155 1983 3000
5172 5007 165 5003 169
5208 5025 183 627 4581
4915 4740 175 4739 176
4942 4783 159 1721 3221
5361 5173 188 2080 3281
5236 5074 162 1184 4052
4824 4671 153 322 4502
5306 5140 166 2327 2979
5099 4917 182 4916 183
4946 4790 156 4790 156
5481 5294 187 5293 188
5326 5158 168 416 4910
5494 5312 182 3251 2243
4944 4785 159 4680 264
4895 4730 165 745 4150
4763 4592 171 4592 171
5369 5197 172 973 4396
4704 4542 162 1764 2940
5181 5034 147 1758 3423
5076 4932 144 544 4532
5255 5069 186 692 4563
4985 4810 175 4810 175
4969 4797 172 4797 172
5031 4873 158 2989 2042
4676 4539 137 3851 825
4819 4654 165 4654 165
5200 5036 164 3018 2182
4849 4698 151 769 4080
5144 4955 189 1312 3832
5353 5185 168 2221 3132
5040 4862 178 4862 178
5152 4993 159 415 4737
5282 5106 176 1317 3965
4757 4602 155 1381 3376
4802 4647 155 4646 156
4693 4563 130 758 3935
5182 5017 165 4051 1131
5268 5093 175 3787 1481
5047 4889 158 4889 158
5378 5208 170 5208 170
5240 5055 185 1852 3388
4979 4795 184 855 4124
5428 5268 160 1572 3856
4886 4720 166 739 4147
4913 4754 159 2393 2520
5074 4914 160 755 4319
5079 4935 144 127 4952
4865 4712 153 428 4437
5045 4913 132 4912 133
5078 4919 159 1337 3741
5190 5042 148 947 4243
5255 5083 172 1113 4142
5359 5190 169 2340 3019
4935 4790 145 2240 2695
5267 5113 154 209 5058
5197 5005 192 2043 3154
5202 5037 165 474 4728
5012 4873 139 2477 2535
4995 4821 174 143 4852
5168 4972 196 1142 4026
5522 5347 175 1365 4157
4969 4806 163 3913 1056
5151 5012 139 3351 1800
5241 5089 152 1714 3527
4825 4678 147 1910 2915
4994 4822 172 4822 172
4990 4839 151 473 4517
5274 5097 177 1454 3820
4931 4806 125 4803 128
4935 4762 173 181 4754
4772 4631 141 168 4604
4925 4758 167 4758 167
4670 4521 149 4521 149
5153 4966 187 897 4256
5221 5065 156 596 4625
5362 5203 159 2041 3321
5194 5008 186 5008 186
5000 4840 160 2496 2504
5263 5114 149 679 4584
4906 4765 141 752 4154
5572 5405 167 1395 4177
5172 4999 173 4993 179
4835 4669 166 2453 2382
5028 4871 157 3912 1116
5590 5408 182 1549 4041
5029 4868 161 2608 2421
4694 4548 146 283 4411
4853 4706 147 704 4149
4909 4760 149 4367 542
4947 4797 150 4129 818
5260 5091 169 1620 3640
4927 4783 144 2266 2661
5000 4833 167 2998 2002
4949 4791 158 1750 3199
5147 4988 159 1117 4030
5616 5437 179 867 4749
5057 4867 190 2698 2359
5120 4969 151 2438 2682
5276 5116 160 1060 4216
4559 4427 132 3120 1439
5137 4983 154 614 4523
4981 4815 166 1021 3960
4832 4659 173 3790 1042
5376 5238 138 1432 3944
4961 4820 141 1070 3891
5271 5069 202 2369 2902
4934 4800 134 380 4554
5012 4838 174 302 4710
4948 4778 170 3217 1731
5126 4965 161 4268 858
5111 4954 157 3095 2016
5241 5084 157 1208 4033
4766 4602 164 104 4662
5120 4961 159 3268 1852
5039 4890 149 2025 3014
5588 5421 167 749 4839
5244 5101 143 5100 144
5887 5682 205 2057 3830
5425 5262 163 3887 1538
5522 5346 176 574 4948
5284 5099 185 1170 4114
5171 4983 188 735 4436
5099 4935 164 763 4336
5346 5187 159 375 4971
5019 4858 161 3586 1433
5809 5612 197 5288 521
4782 4638 144 2897 1885
5014 4853 161 3810 1204
5069 4905 164 434 4635
5157 4989 168 2403 2754
5440 5243 197 5243 197
4781 4633 148 4632 149
4655 4519 136 249 4406
5328 5166 162 4958 370
4874 4736 138 4735 139
5152 4983 169 3817 1335
5346 5192 154 2150 3196
5338 5165 173 4113 1225
5241 5068 173 380 4861
4948 4794 154 3869 1079
5264 5080 184 1784 3480
5453 5279 174 306 5147
5057 4872 185 921 4136
5092 4908 184 4015 1077
5269 5092 177 5091 178
5270 5108 162 4132 1138
5411 5247 164 5247 164
5086 4927 159 3440 1646
5149 5002 147 4300 849
4745 4600 145 2893 1852
5985 5788 197 2306 3679
5413 5238 175 247 5166
5417 5233 184 703 4714
4972 4818 154 4817 155
4975 4815 160 1906 3069
4884 4725 159 4450 434
5416 5239 177 5239 177
5027 4864 163 2363 2664
5202 5020 182 1396 3806
4754 4598 156 4597 157
5130 4979 151 3136 1994
5334 5184 150 2074 3260
4697 4554 143 1350 3347
5157 4971 186 424 4733
5230 5053 177 796 4434
5090 4926 164 4923 167
5091 4923 168 1146 3945
5103 4953 150 4953 150
5173 5010 163 5010 163
5657 5488 169 1924 3733
4976 4797 179 4796 180
5262 5086 176 1248 4014
5445 5271 174 3918 1527
5031 4875 156 662 4369
5382 5220 162 5220 162
5180 5007 173 2075 3105
5374 5220 154 2158 3216
5233 5076 157 204 5029
5430 5271 159 534 4896
5370 5223 147 3094 2276
5185 5015 170 2852 2333
5078 4925 153 4494 584
5895 5711 184 963 4932
4942 4769 173 4768 174
5171 5016 155 3202 1969
5055 4899 156 620 4435
5097 4924 173 260 4837
5019 4849 170 2918 2101
4893 4737 156 2826 2067
4784 4628 156 1494 3290
5716 5543 173 255 5461
4941 4790 151 2759 2182
5485 5306 179 577 4908
5122 4953 169 998 4124
5133 4960 173 4960 173
5302 5148 154 3900 1402
5457 5279 178 789 4668
4868 4735 133 2390 2478
4901 4745 156 365 4536
5321 5163 158 5162 159
5169 4994 175 1386 3783
5400 5214 186 5213 187
5002 4838 164 4838 164
5010 4847 163 4846 164
5356 5167 189 419 4937
4868 4718 150 1995 2873
5170 5021 149 5021 149
4704 4535 169 3603 1101
5140 4980 160 964 4176
5384 5192 192 2985 2399
5145 4985 160 2345 2800
5130 4963 167 2675 2455
5186 5026 160 3573 1613
4748 4588 160 4587 161
4757 4613 144 2948 1809
5392 5224 168 351 5041
4942 4791 151 192 4750
5160 4994 166 1903 3257
4809 4656 153 1407 3402
4979 4805 174 3346 1633
5078 4934 144 1998 3080
5103 4935 168 1556 3547
5224 5062 162 1275 3949
5182 5028 154 1143 4039
5247 5090 157 824 4423
5227 5080 147 580 4647
5107 4906 201 1214 3893
5405 5242 163 2056 3349
5695 5533 162 5530 165
4995 4812 183 530 4465
4998 4838 160 4837 161
4985 4818 167 1143 3842
5194 5047 147 429 4765
4855 4694 161 896 3959
5506 5369 137 5367 139
5371 5219 152 1333 4038
5525 5333 192 501 5024
5236 5069 167 519 4717
5263 5096 167 1516 3747
5022 4863 159 245 4777
5265 5105 160 5105 160
5084 4920 164 1944 3140
4918 4756 162 1015 3903
5130 4964 166 2042 3088
5457 5295 162 519 4938
5106 4938 168 881 4225
5622 5428 194 2478 3144
5198 5020 178 5020 178
5293 5132 161 1308 3985
5141 4986 155 2949 2192
5091 4919 172 4919 172
5452 5272 180 4315 1137
5201 5035 166 5035 166
5312 5136 176 697 4615
4928 4766 162 1563 3365
5205 5031 174 342 4863
4619 4473 146 3788 831
5591 5427 164 1985 3606
4831 4697 134 883 3948
4978 4798 180 1270 3708
4905 4743 162 901 4004
5114 4964 150 1682 3432
5002 4862 140 3682 1320
5109 4948 161 4774 335
5169 5002 167 5001 168
5119 4961 158 2537 2582
5135 4954 181 733 4402
5264 5095 169 3368 1896
5225 5071 154 785 4440
5150 4976 174 4975 175
4946 4777 169 4777 169
5398 5202 196 1848 3550
5212 5047 165 2423 2789
5235 5078 157 343 4892
5363 5179 184 3444 1919
5160 4995 165 122 5038
5280 5099 181 5099 181
5291 5123 168 5120 171
5080 4931 149 3443 1637
4887 4729 158 3120 1767
5294 5126 168 2395 2899
5509 5313 196 4705 804
5564 5394 170 1239 4325
4962 4785 177 1555 3407
5241 5083 158 5083 158
5267 5103 164 1332 3935
5098 4938 160 2626 2472
5282 5141 141 304 4978
5464 5306 158 664 4800
5047 4874 173 4874 173
5420 5240 180 1755 3665
4957 4808 149 1371 3586
5152 4997 155 4965 187
5188 5007 181 5007 181
5237 5069 168 5068 169
5389 5196 193 5196 193
5908 5722 186 1004 4904
5171 5007 164 5007 164
4881 4718 163 2400 2481
5453 5274 179 293 5160
5112 4967 145 2637 2475
5059 4883 176 931 4128
4751 4613 138 295 4456
5478 5310 168 2323 3155
4925 4770 155 4770 155
5159 4991 168 4596 563
4662 4508 154 173 4489
5066 4917 149 673 4393
4995 4833 162 443 4552
5392 5217 175 1257 4135
4965 4788 177 179 4786
5198 5039 159 5036 162
5320 5158 162 1190 4130
5095 4928 167 1074 4021
5316 5142 174 5142 174
5175 5015 160 737 4438
5286 5119 167 5118 168
5089 4908 181 755 4334
5065 4903 162 3117 1948
5381 5221 160 3647 1734
5081 4931 150 1342 3739
5412 5248 164 1114 4298
5320 5167 153 2206 3114
5202 5008 194 2625 2577
5178 4998 180 2517 2661
5121 4959 162 1384 3737
4930 4763 167 581 4349
5388 5233 155 951 4437
5680 5503 177 5503 177
5425 5253 172 336 5089
5088 4933 155 4057 1031
4794 4644 150 2613 2181
5484 5316 168 635 4849
5093 4946 147 3491 1602
5221 5055 166 265 4956
5513 5332 181 785 4728
5049 4906 143 509 4540
4815 4653 162 4653 162
5821 5630 191 1467 4354
5173 5011 162 5011 162
4917 4740 177 1430 3487
5373 5190 183 510 4863
5526 5352 174 3221 2305
5675 5486 189 5485 190
5248 5091 157 2064 3184
5466 5285 181 109 5357
5168 5014 154 3998 1170
5180 5025 155 1480 3700
5023 4875 148 3442 1581
5231 5070 161 4501 730
4976 4828 148 889 4087
5055 4862 193 808 4247
5168 4994 174 3848 1320
5309 5154 155 368 4941
5220 5051 169 1522 3698
4865 4711 154 4709 156
5231 5092 139 897 4334
5111 4943 168 4943 168
5408 5247 161 5246 162
5044 4866 178 4865 179
5157 5011 146 456 4701
5717 5513 204 2608 3109
5102 4940 162 3172 1930
5220 5058 162 573 4647
5353 5177 176 484 4869
5120 4959 161 716 4404
5017 4856 161 1015 4002
5313 5120 193 169 5144
5173 5003 170 2366 2807
5291 5135 156 1381 3910
5111 4951 160 2005 3106
5314 5131 183 4009 1305
5299 5149 150 4340 959
5589 5418 171 272 5317
5049 4893 156 1522 3527
5099 4948 151 627 4472
5487 5312 175 614 4873
5073 4934 139 1250 3823
5092 4951 141 2671 2421
4889 4730 159 626 4263
5358 5186 172 154 5204
5161 4991 170 1367 3794
4982 4828 154 2079 2903
4950 4771 179 291 4659
5541 5388 153 5387 154
5330 5141 189 1697 3633
5197 5048 149 1259 3938
4808 4650 158 4649 159
5100 4940 160 2077 3023
