5578 342 5236 0 5578
5442 329 5113 0 5442
5595 325 5270 0 5595
5448 305 5143 0 5448
5562 322 5240 0 5562
5466 333 5133 0 5466
5536 350 5186 0 5536
5408 284 5124 0 5408
5419 321 5098 0 5419
5330 296 5034 0 5330
5340 312 5028 0 5340
5430 304 5126 0 5430
5718 329 5389 0 5718
5811 330 5481 0 5811
5383 304 5079 0 5383
5519 353 5166 0 5519
5451 355 5096 0 5451
5300 308 4992 0 5300
5633 334 5299 0 5633
5333 336 4997 0 5333
5221 292 4929 0 5221
5519 325 5194 0 5519
5610 326 5284 0 5610
5044 285 4759 0 5044
5579 361 5218 0 5579
5613 327 5286 0 5613
5790 324 5466 0 5790
5136 289 4847 0 5136
5131 275 4856 0 5131
5626 326 5300 0 5626
5698 327 5371 0 5698
5684 349 5335 0 5684
5319 289 5030 0 5319
5425 318 5107 0 5425
5316 285 5031 0 5316
5799 329 5470 0 5799
5393 322 5071 0 5393
5256 316 4940 0 5256
4981 268 4713 0 4981
5139 283 4856 0 5139
5323 272 5051 0 5323
5399 326 5073 0 5399
5277 346 4931 0 5277
5590 294 5296 0 5590
5355 308 5047 0 5355
5853 313 5540 0 5853
5252 311 4941 0 5252
5545 345 5200 0 5545
5453 337 5116 0 5453
5520 305 5215 0 5520
5255 355 4900 0 5255
5195 310 4885 0 5195
5207 283 4924 0 5207
5686 326 5360 0 5686
5468 324 5144 0 5468
5366 305 5061 0 5366
5033 291 4742 0 5033
5456 316 5140 0 5456
5177 312 4865 0 5177
5285 335 4950 0 5285
5099 280 4819 0 5099
5120 290 4830 0 5120
5301 320 4981 0 5301
5269 289 4980 0 5269
5135 289 4846 0 5135
4837 274 4563 0 4837
5119 287 4832 0 5119
5166 297 4869 0 5166
4846 300 4546 0 4846
5491 313 5178 0 5491
5221 309 4912 0 5221
4685 262 4423 0 4685
4924 290 4634 0 4924
5166 363 4803 0 5166
5114 257 4857 0 5114
5493 314 5179 0 5493
4966 296 4670 0 4966
4872 272 4600 0 4872
5029 291 4738 0 5029
4847 288 4559 0 4847
4809 269 4540 0 4809
4931 290 4641 0 4931
4973 291 4682 0 4973
5008 308 4700 0 5008
5155 299 4856 0 5155
5478 295 5183 0 5478
5222 291 4931 0 5222
4961 290 4671 0 4961
5420 310 5110 0 5420
5381 307 5074 0 5381
5076 320 4756 0 5076
5177 276 4901 0 5177
5075 268 4807 0 5075
5253 305 4948 0 5253
5151 302 4849 0 5151
5015 297 4718 0 5015
5041 270 4771 0 5041
5185 280 4905 0 5185
4951 282 4669 0 4951
5324 313 5011 0 5324
4974 325 4649 0 4974
4925 283 4642 0 4925
4876 311 4565 0 4876
5090 303 4787 0 5090
5633 363 5270 0 5633
4856 273 4583 0 4856
5134 312 4822 0 5134
4780 282 4498 0 4780
5161 308 4853 0 5161
4994 293 4701 0 4994
5369 323 5046 0 5369
5113 304 4809 0 5113
5288 342 4946 0 5288
5018 272 4746 0 5018
5518 306 5212 0 5518
5431 318 5113 0 5431
5081 308 4773 0 5081
5376 305 5071 0 5376
4724 267 4457 0 4724
5071 278 4793 0 5071
4931 299 4632 0 4931
4915 310 4605 0 4915
4899 306 4593 0 4899
5107 276 4831 0 5107
4982 292 4690 0 4982
4767 262 4505 0 4767
5056 283 4773 0 5056
5229 289 4940 0 5229
5449 319 5130 0 5449
5343 320 5023 0 5343
5158 298 4860 0 5158
5612 337 5275 0 5612
5231 304 4927 0 5231
5079 299 4780 0 5079
5324 318 5006 0 5324
5066 328 4738 0 5066
4980 306 4674 0 4980
5241 338 4903 0 5241
5271 346 4925 0 5271
5209 314 4895 0 5209
5046 306 4740 0 5046
4935 293 4642 0 4935
5208 301 4907 0 5208
5020 295 4725 0 5020
4963 308 4655 0 4963
5449 342 5107 0 5449
5082 320 4762 0 5082
5101 308 4793 0 5101
5368 328 5040 0 5368
5398 312 5086 0 5398
5538 325 5213 0 5538
5630 332 5298 0 5630
5580 330 5250 0 5580
4948 275 4673 0 4948
5483 358 5125 0 5483
5393 324 5069 0 5393
5562 326 5236 0 5562
5819 331 5488 0 5819
5704 337 5367 0 5704
5538 315 5223 0 5538
5517 296 5221 0 5517
5667 316 5351 0 5667
5529 322 5207 0 5529
5479 292 5187 0 5479
5807 356 5451 0 5807
4794 301 4493 0 4794
5452 311 5141 0 5452
5353 319 5034 0 5353
5531 332 5199 0 5531
4828 290 4538 0 4828
5733 336 5397 0 5733
5652 319 5333 0 5652
5836 317 5519 0 5836
5237 306 4931 0 5237
5111 264 4847 0 5111
5785 323 5462 0 5785
5384 272 5112 0 5384
5484 337 5147 0 5484
5414 305 5109 0 5414
5722 348 5374 0 5722
5795 345 5450 0 5795
4666 254 4412 0 4666
5504 335 5169 0 5504
5533 333 5200 0 5533
5123 325 4798 0 5123
5336 311 5025 0 5336
5145 301 4844 0 5145
5517 319 5198 0 5517
5064 290 4774 0 5064
4959 300 4659 0 4959
5855 304 5551 0 5855
5335 305 5030 0 5335
5415 331 5084 0 5415
4940 299 4641 0 4940
5043 294 4749 0 5043
5103 282 4821 0 5103
5167 304 4863 0 5167
5366 282 5084 0 5366
5005 295 4710 0 5005
5349 283 5066 0 5349
5891 326 5565 0 5891
5123 299 4824 0 5123
5630 335 5295 0 5630
5565 333 5232 0 5565
5616 341 5275 0 5616
5154 293 4861 0 5154
5389 305 5084 0 5389
5562 328 5234 0 5562
4829 270 4559 0 4829
5005 271 4734 0 5005
5022 292 4730 0 5022
5496 332 5164 0 5496
5633 324 5309 0 5633
5403 327 5076 0 5403
5295 313 4982 0 5295
5367 283 5084 0 5367
5037 297 4740 0 5037
4992 309 4683 0 4992
5242 281 4961 0 5242
5511 297 5214 0 5511
5287 309 4978 0 5287
5017 273 4744 0 5017
5063 285 4778 0 5063
5499 319 5180 0 5499
5345 302 5043 0 5345
5186 305 4881 0 5186
5273 339 4934 0 5273
5382 284 5098 0 5382
5441 310 5131 0 5441
5180 296 4884 0 5180
5121 283 4838 0 5121
4714 274 4440 0 4714
5082 314 4768 0 5082
5167 307 4860 0 5167
5566 333 5233 0 5566
5169 316 4853 0 5169
5435 335 5100 0 5435
4910 283 4627 0 4910
5708 357 5351 0 5708
5857 358 5499 0 5857
5592 299 5293 0 5592
5012 306 4706 0 5012
4998 285 4713 0 4998
5397 333 5064 0 5397
5376 320 5056 0 5376
4932 307 4625 0 4932
5392 331 5061 0 5392
5370 322 5048 0 5370
5166 298 4868 0 5166
4873 290 4583 0 4873
5214 302 4912 0 5214
5211 333 4878 0 5211
5180 284 4896 0 5180
5061 310 4751 0 5061
5242 325 4917 0 5242
4780 280 4500 0 4780
5322 277 5045 0 5322
5184 299 4885 0 5184
5232 301 4931 0 5232
5290 315 4975 0 5290
5001 286 4715 0 5001
5311 302 5009 0 5311
5126 264 4862 0 5126
5340 319 5021 0 5340
5124 295 4829 0 5124
5070 285 4785 0 5070
5324 321 5003 0 5324
5280 314 4966 0 5280
5598 361 5237 0 5598
5150 291 4859 0 5150
5032 278 4754 0 5032
5175 302 4873 0 5175
5219 287 4932 0 5219
4939 293 4646 0 4939
5381 297 5084 0 5381
5351 302 5049 0 5351
5395 325 5070 0 5395
5159 294 4865 0 5159
5110 311 4799 0 5110
5503 362 5141 0 5503
5551 305 5246 0 5551
5373 313 5060 0 5373
5512 358 5154 0 5512
5475 344 5131 0 5475
5154 292 4862 0 5154
5276 294 4982 0 5276
5755 327 5428 0 5755
5379 302 5077 0 5379
5245 303 4942 0 5245
4786 282 4504 0 4786
5397 298 5099 0 5397
5654 333 5321 0 5654
5132 294 4838 0 5132
5155 300 4855 0 5155
5333 328 5005 0 5333
5336 308 5028 0 5336
5416 342 5074 0 5416
5006 320 4686 0 5006
5101 297 4804 0 5101
5316 351 4965 0 5316
5331 309 5022 0 5331
5131 278 4853 0 5131
5193 307 4886 0 5193
5305 312 4993 0 5305
5642 325 5317 0 5642
5025 279 4746 0 5025
4945 264 4681 0 4945
5200 278 4922 0 5200
5339 331 5008 0 5339
5320 313 5007 0 5320
5159 315 4844 0 5159
4827 276 4551 0 4827
5726 347 5379 0 5726
5345 325 5020 0 5345
4906 296 4610 0 4906
4535 264 4271 0 4535
5057 314 4743 0 5057
5250 317 4933 0 5250
5446 296 5150 0 5446
4837 269 4568 0 4837
5086 299 4787 0 5086
5425 311 5114 0 5425
5162 286 4876 0 5162
5206 335 4871 0 5206
5063 290 4773 0 5063
5103 273 4830 0 5103
5105 285 4820 0 5105
5248 320 4928 0 5248
4922 290 4632 0 4922
5321 300 5021 0 5321
4983 278 4705 0 4983
5302 318 4984 0 5302
5042 286 4756 0 5042
5306 310 4996 0 5306
5043 287 4756 0 5043
5561 296 5265 0 5561
5242 306 4936 0 5242
4957 268 4689 0 4957
5158 283 4875 0 5158
4815 263 4552 0 4815
5112 327 4785 0 5112
5259 324 4935 0 5259
5386 313 5073 0 5386
4930 291 4639 0 4930
5235 279 4956 0 5235
5474 330 5144 0 5474
5298 308 4990 0 5298
5563 346 5217 0 5563
5098 311 4787 0 5098
4838 276 4562 0 4838
5156 329 4827 0 5156
5350 336 5014 0 5350
5015 316 4699 0 5015
5428 334 5094 0 5428
4982 290 4692 0 4982
5297 307 4990 0 5297
5419 315 5104 0 5419
5076 298 4778 0 5076
5045 310 4735 0 5045
5403 336 5067 0 5403
4956 280 4676 0 4956
5140 298 4842 0 5140
5014 301 4713 0 5014
5433 304 5129 0 5433
5129 288 4841 0 5129
5319 301 5018 0 5319
5404 305 5099 0 5404
5280 304 4976 0 5280
5600 322 5278 0 5600
5272 314 4958 0 5272
5465 329 5136 0 5465
4659 274 4385 0 4659
5002 294 4708 0 5002
5337 328 5009 0 5337
4756 302 4454 0 4756
5279 310 4969 0 5279
5045 255 4790 0 5045
4917 278 4639 0 4917
4867 282 4585 0 4867
5144 311 4833 0 5144
4885 278 4607 0 4885
5329 292 5037 0 5329
5088 281 4807 0 5088
5029 258 4771 0 5029
4994 272 4722 0 4994
5226 303 4923 0 5226
5267 282 4985 0 5267
5246 305 4941 0 5246
5162 315 4847 0 5162
4995 296 4699 0 4995
5076 323 4753 0 5076
4926 289 4637 0 4926
5277 317 4960 0 5277
4950 307 4643 0 4950
4951 282 4669 0 4951
5203 303 4900 0 5203
5567 306 5261 0 5567
5266 292 4974 0 5266
5557 316 5241 0 5557
5518 328 5190 0 5518
5307 319 4988 0 5307
5165 302 4863 0 5165
5147 300 4847 0 5147
5298 287 5011 0 5298
5089 296 4793 0 5089
4762 277 4485 0 4762
5364 306 5058 0 5364
4887 272 4615 0 4887
5358 310 5048 0 5358
5231 322 4909 0 5231
5357 316 5041 0 5357
5041 318 4723 0 5041
5247 315 4932 0 5247
5483 302 5181 0 5483
4949 316 4633 0 4949
5128 281 4847 0 5128
5310 314 4996 0 5310
4860 302 4558 0 4860
5293 298 4995 0 5293
4988 292 4696 0 4988
5261 321 4940 0 5261
5319 286 5033 0 5319
5064 301 4763 0 5064
4901 305 4596 0 4901
4975 289 4686 0 4975
4852 286 4566 0 4852
5354 325 5029 0 5354
5503 357 5146 0 5503
5281 272 5009 0 5281
5095 283 4812 0 5095
5022 284 4738 0 5022
5000 232 4768 0 5000
4836 295 4541 0 4836
5018 303 4715 0 5018
4974 289 4685 0 4974
5428 343 5085 0 5428
5007 300 4707 0 5007
4820 284 4536 0 4820
5147 306 4841 0 5147
5302 313 4989 0 5302
5277 310 4967 0 5277
5545 311 5234 0 5545
4972 305 4667 0 4972
5350 306 5044 0 5350
4886 311 4575 0 4886
5343 307 5036 0 5343
4823 266 4557 0 4823
5266 316 4950 0 5266
5139 311 4828 0 5139
5183 310 4873 0 5183
4990 308 4682 0 4990
5199 295 4904 0 5199
5214 289 4925 0 5214
5165 299 4866 0 5165
5644 302 5342 0 5644
5101 280 4821 0 5101
5876 343 5533 0 5876
4958 295 4663 0 4958
5192 310 4882 0 5192
4439 260 4179 0 4439
5146 307 4839 0 5146
5172 280 4892 0 5172
5199 332 4867 0 5199
5243 298 4945 0 5243
5056 275 4781 0 5056
5292 324 4968 0 5292
4911 271 4640 0 4911
5554 319 5235 0 5554
5148 291 4857 0 5148
4955 273 4682 0 4955
5199 292 4907 0 5199
5268 297 4971 0 5268
5039 326 4713 0 5039
5342 296 5046 0 5342
4745 297 4448 0 4745
4663 279 4384 0 4663
5088 305 4783 0 5088
4774 288 4486 0 4774
5007 281 4726 0 5007
5146 343 4803 0 5146
5129 303 4826 0 5129
5303 317 4986 0 5303
5453 319 5134 0 5453
5086 282 4804 0 5086
5176 307 4869 0 5176
5347 302 5045 0 5347
5139 299 4840 0 5139
5065 298 4767 0 5065
4848 290 4558 0 4848
5270 298 4972 0 5270
5067 290 4777 0 5067
5041 294 4747 0 5041
4860 298 4562 0 4860
5484 315 5169 0 5484
5153 279 4874 0 5153
5391 332 5059 0 5391
5303 324 4979 0 5303
4621 303 4318 0 4621
5063 281 4782 0 5063
5206 307 4899 0 5206
5788 326 5462 0 5788
5180 270 4910 0 5180
4638 291 4347 0 4638
4928 310 4618 0 4928
4999 298 4701 0 4999
5005 299 4706 0 5005
5223 318 4905 0 5223
5117 331 4786 0 5117
5068 311 4757 0 5068
5182 282 4900 0 5182
4951 307 4644 0 4951
5440 306 5134 0 5440
4822 270 4552 0 4822
4832 306 4526 0 4832
5632 346 5286 0 5632
5208 277 4931 0 5208
4971 316 4655 0 4971
5088 305 4783 0 5088
5201 304 4897 0 5201
5443 316 5127 0 5443
5529 322 5207 0 5529
5429 342 5087 0 5429
5711 301 5410 0 5711
5373 274 5099 0 5373
5349 315 5034 0 5349
4928 287 4641 0 4928
5287 279 5008 0 5287
5181 274 4907 0 5181
5262 321 4941 0 5262
5306 304 5002 0 5306
5388 318 5070 0 5388
5294 329 4965 0 5294
5186 287 4899 0 5186
5122 338 4784 0 5122
5086 285 4801 0 5086
4801 286 4515 0 4801
5058 305 4753 0 5058
4832 276 4556 0 4832
5121 292 4829 0 5121
4962 289 4673 0 4962
5040 282 4758 0 5040
4740 264 4476 0 4740
5121 301 4820 0 5121
5280 333 4947 0 5280
5001 281 4720 0 5001
5257 313 4944 0 5257
5110 308 4802 0 5110
5556 328 5228 0 5556
4997 291 4706 0 4997
5351 310 5041 0 5351
5120 331 4789 0 5120
5134 307 4827 0 5134
4884 246 4638 0 4884
5094 340 4754 0 5094
5143 306 4837 0 5143
4852 295 4557 0 4852
5321 311 5010 0 5321
5286 326 4960 0 5286
5158 286 4872 0 5158
5071 304 4767 0 5071
5297 287 5010 0 5297
5265 296 4969 0 5265
5102 277 4825 0 5102
4985 293 4692 0 4985
4985 275 4710 0 4985
5558 335 5223 0 5558
5298 317 4981 0 5298
5012 302 4710 0 5012
5381 296 5085 0 5381
5184 287 4897 0 5184
4944 314 4630 0 4944
5111 295 4816 0 5111
4921 286 4635 0 4921
4984 309 4675 0 4984
5250 329 4921 0 5250
5305 314 4991 0 5305
5387 326 5061 0 5387
5010 267 4743 0 5010
5169 277 4892 0 5169
5228 309 4919 0 5228
5155 303 4852 0 5155
5370 307 5063 0 5370
4793 262 4531 0 4793
4840 284 4556 0 4840
5042 259 4783 0 5042
5481 313 5168 0 5481
5222 296 4926 0 5222
4941 271 4670 0 4941
5135 298 4837 0 5135
5243 271 4972 0 5243
5172 319 4853 0 5172
5590 340 5250 0 5590
5435 322 5113 0 5435
5198 261 4937 0 5198
5437 314 5123 0 5437
5353 284 5069 0 5353
5204 287 4917 0 5204
5085 301 4784 0 5085
5270 264 5006 0 5270
5088 303 4785 0 5088
5271 314 4957 0 5271
5435 354 5081 0 5435
5214 299 4915 0 5214
5193 306 4887 0 5193
5584 305 5279 0 5584
5412 312 5100 0 5412
5051 278 4773 0 5051
5024 310 4714 0 5024
4994 281 4713 0 4994
5312 347 4965 0 5312
4983 276 4707 0 4983
5172 301 4871 0 5172
5208 295 4913 0 5208
4915 297 4618 0 4915
4942 287 4655 0 4942
5361 302 5059 0 5361
5236 321 4915 0 5236
4824 262 4562 0 4824
5306 327 4979 0 5306
5099 314 4785 0 5099
4946 263 4683 0 4946
5481 309 5172 0 5481
5326 278 5048 0 5326
5494 317 5177 0 5494
4944 265 4679 0 4944
4895 295 4600 0 4895
4763 296 4467 0 4763
5369 283 5086 0 5369
4704 272 4432 0 4704
5181 301 4880 0 5181
5076 308 4768 0 5076
5255 295 4960 0 5255
4985 308 4677 0 4985
4969 303 4666 0 4969
5031 322 4709 0 5031
4676 275 4401 0 4676
4819 253 4566 0 4819
5200 293 4907 0 5200
4849 296 4553 0 4849
5144 295 4849 0 5144
5353 325 5028 0 5353
5040 275 4765 0 5040
5152 318 4834 0 5152
5282 310 4972 0 5282
4757 284 4473 0 4757
4802 295 4507 0 4802
4693 264 4429 0 4693
5182 287 4895 0 5182
5268 315 4953 0 5268
5047 313 4734 0 5047
5378 314 5064 0 5378
5240 309 4931 0 5240
4979 270 4709 0 4979
5428 315 5113 0 5428
4886 290 4596 0 4886
4913 254 4659 0 4913
5074 321 4753 0 5074
5079 290 4789 0 5079
4865 284 4581 0 4865
5045 284 4761 0 5045
5078 270 4808 0 5078
5190 321 4869 0 5190
5255 324 4931 0 5255
5359 319 5040 0 5359
4935 304 4631 0 4935
5267 342 4925 0 5267
5197 301 4896 0 5197
5202 331 4871 0 5202
5012 290 4722 0 5012
4995 308 4687 0 4995
5168 301 4867 0 5168
5522 332 5190 0 5522
4969 321 4648 0 4969
5151 291 4860 0 5151
5241 298 4943 0 5241
4825 270 4555 0 4825
4994 286 4708 0 4994
4990 287 4703 0 4990
5274 284 4990 0 5274
4931 262 4669 0 4931
4935 293 4642 0 4935
4772 286 4486 0 4772
4925 295 4630 0 4925
4670 278 4392 0 4670
5153 310 4843 0 5153
5221 314 4907 0 5221
5362 325 5037 0 5362
5194 310 4884 0 5194
5000 299 4701 0 5000
5263 320 4943 0 5263
4906 288 4618 0 4906
5572 322 5250 0 5572
5172 303 4869 0 5172
4835 315 4520 0 4835
5028 289 4739 0 5028
5590 361 5229 0 5590
5029 295 4734 0 5029
4694 253 4441 0 4694
4853 294 4559 0 4853
4909 266 4643 0 4909
4947 294 4653 0 4947
5260 313 4947 0 5260
4927 276 4651 0 4927
5000 299 4701 0 5000
4949 294 4655 0 4949
5147 315 4832 0 5147
5616 327 5289 0 5616
5057 308 4749 0 5057
5120 303 4817 0 5120
5276 313 4963 0 5276
4559 270 4289 0 4559
5137 319 4818 0 5137
4981 312 4669 0 4981
4832 277 4555 0 4832
5376 332 5044 0 5376
4961 263 4698 0 4961
5271 289 4982 0 5271
4934 281 4653 0 4934
5012 286 4726 0 5012
4948 280 4668 0 4948
5126 298 4828 0 5126
5111 274 4837 0 5111
5241 295 4946 0 5241
4766 284 4482 0 4766
5120 298 4822 0 5120
5039 322 4717 0 5039
5588 294 5294 0 5588
5244 281 4963 0 5244
5887 331 5556 0 5887
5425 343 5082 0 5425
5522 318 5204 0 5522
5284 291 4993 0 5284
5171 328 4843 0 5171
5099 327 4772 0 5099
5346 305 5041 0 5346
5019 298 4721 0 5019
5809 315 5494 0 5809
4782 288 4494 0 4782
5014 296 4718 0 5014
5069 287 4782 0 5069
5157 259 4898 0 5157
5440 310 5130 0 5440
4781 283 4498 0 4781
4655 266 4389 0 4655
5328 317 5011 0 5328
4874 301 4573 0 4874
5152 293 4859 0 5152
5346 315 5031 0 5346
5338 300 5038 0 5338
5241 293 4948 0 5241
4948 326 4622 0 4948
5264 300 4964 0 5264
5453 331 5122 0 5453
5057 297 4760 0 5057
5092 312 4780 0 5092
5269 329 4940 0 5269
5270 305 4965 0 5270
5411 311 5100 0 5411
5086 293 4793 0 5086
5149 290 4859 0 5149
4745 278 4467 0 4745
5985 318 5667 0 5985
5413 345 5068 0 5413
5417 310 5107 0 5417
4972 299 4673 0 4972
4975 307 4668 0 4975
4884 275 4609 0 4884
5416 308 5108 0 5416
5027 288 4739 0 5027
5202 304 4898 0 5202
4754 269 4485 0 4754
5130 291 4839 0 5130
5334 285 5049 0 5334
4697 259 4438 0 4697
5157 332 4825 0 5157
5230 276 4954 0 5230
5090 264 4826 0 5090
5091 316 4775 0 5091
5103 280 4823 0 5103
5173 294 4879 0 5173
5657 322 5335 0 5657
4976 296 4680 0 4976
5262 292 4970 0 5262
5445 312 5133 0 5445
5031 312 4719 0 5031
5382 327 5055 0 5382
5180 286 4894 0 5180
5374 274 5100 0 5374
5233 260 4973 0 5233
5430 315 5115 0 5430
5370 344 5026 0 5370
5185 274 4911 0 5185
5078 289 4789 0 5078
5895 375 5520 0 5895
4942 320 4622 0 4942
5171 292 4879 0 5171
5055 283 4772 0 5055
5097 268 4829 0 5097
5019 306 4713 0 5019
4893 278 4615 0 4893
4784 269 4515 0 4784
5716 364 5352 0 5716
4941 290 4651 0 4941
5485 318 5167 0 5485
5122 308 4814 0 5122
5133 304 4829 0 5133
5302 306 4996 0 5302
5457 311 5146 0 5457
4868 257 4611 0 4868
4901 295 4606 0 4901
5321 349 4972 0 5321
5169 258 4911 0 5169
5400 308 5092 0 5400
5002 277 4725 0 5002
5010 292 4718 0 5010
5356 311 5045 0 5356
4868 290 4578 0 4868
5170 289 4881 0 5170
4704 289 4415 0 4704
5140 292 4848 0 5140
5384 299 5085 0 5384
5145 275 4870 0 5145
5130 290 4840 0 5130
5186 288 4898 0 5186
4748 280 4468 0 4748
4757 279 4478 0 4757
5392 299 5093 0 5392
4942 296 4646 0 4942
5160 295 4865 0 5160
4809 303 4506 0 4809
4979 295 4684 0 4979
5078 298 4780 0 5078
5103 290 4813 0 5103
5224 316 4908 0 5224
5182 323 4859 0 5182
5247 291 4956 0 5247
5227 332 4895 0 5227
5107 283 4824 0 5107
5405 303 5102 0 5405
5695 326 5369 0 5695
4995 266 4729 0 4995
4998 328 4670 0 4998
4985 303 4682 0 4985
5194 320 4874 0 5194
4855 285 4570 0 4855
5506 291 5215 0 5506
5371 307 5064 0 5371
5525 303 5222 0 5525
5236 316 4920 0 5236
5263 296 4967 0 5263
5022 293 4729 0 5022
5265 308 4957 0 5265
5084 335 4749 0 5084
4918 284 4634 0 4918
5130 333 4797 0 5130
5457 350 5107 0 5457
5106 260 4846 0 5106
5622 323 5299 0 5622
5198 328 4870 0 5198
5293 291 5002 0 5293
5141 292 4849 0 5141
5091 299 4792 0 5091
5452 319 5133 0 5452
5201 270 4931 0 5201
5312 315 4997 0 5312
4928 280 4648 0 4928
5205 302 4903 0 5205
4619 289 4330 0 4619
5591 330 5261 0 5591
4831 280 4551 0 4831
4978 289 4689 0 4978
4905 257 4648 0 4905
5114 316 4798 0 5114
5002 274 4728 0 5002
5109 318 4791 0 5109
5169 296 4873 0 5169
5119 310 4809 0 5119
5135 312 4823 0 5135
5264 317 4947 0 5264
5225 320 4905 0 5225
5150 308 4842 0 5150
4946 255 4691 0 4946
5398 312 5086 0 5398
5212 288 4924 0 5212
5235 321 4914 0 5235
5363 326 5037 0 5363
5160 333 4827 0 5160
5280 298 4982 0 5280
5291 310 4981 0 5291
5080 324 4756 0 5080
4887 280 4607 0 4887
5294 326 4968 0 5294
5509 325 5184 0 5509
5564 321 5243 0 5564
4962 294 4668 0 4962
5241 319 4922 0 5241
5267 304 4963 0 5267
5098 328 4770 0 5098
5282 306 4976 0 5282
5464 295 5169 0 5464
5047 274 4773 0 5047
5420 310 5110 0 5420
4957 290 4667 0 4957
5152 287 4865 0 5152
5188 304 4884 0 5188
5237 312 4925 0 5237
5389 324 5065 0 5389
5908 327 5581 0 5908
5171 287 4884 0 5171
4881 290 4591 0 4881
5453 345 5108 0 5453
5112 322 4790 0 5112
5059 279 4780 0 5059
4751 285 4466 0 4751
5478 316 5162 0 5478
4925 291 4634 0 4925
5159 311 4848 0 5159
4662 283 4379 0 4662
5066 303 4763 0 5066
4995 309 4686 0 4995
5392 292 5100 0 5392
4965 316 4649 0 4965
5198 271 4927 0 5198
5320 310 5010 0 5320
5095 280 4815 0 5095
5316 334 4982 0 5316
5175 287 4888 0 5175
5286 301 4985 0 5286
5089 268 4821 0 5089
5065 262 4803 0 5065
5381 331 5050 0 5381
5081 305 4776 0 5081
5412 326 5086 0 5412
5320 315 5005 0 5320
5202 317 4885 0 5202
5178 310 4868 0 5178
5121 278 4843 0 5121
4930 278 4652 0 4930
5388 304 5084 0 5388
5680 322 5358 0 5680
5425 310 5115 0 5425
5088 319 4769 0 5088
4794 300 4494 0 4794
5484 314 5170 0 5484
5093 286 4807 0 5093
5221 295 4926 0 5221
5513 306 5207 0 5513
5049 297 4752 0 5049
4815 310 4505 0 4815
5821 362 5459 0 5821
5173 310 4863 0 5173
4917 262 4655 0 4917
5373 314 5059 0 5373
5526 310 5216 0 5526
5675 326 5349 0 5675
5248 295 4953 0 5248
5466 334 5132 0 5466
5168 301 4867 0 5168
5180 322 4858 0 5180
5023 299 4724 0 5023
5231 310 4921 0 5231
4976 293 4683 0 4976
5055 291 4764 0 5055
5168 310 4858 0 5168
5309 303 5006 0 5309
5220 305 4915 0 5220
4865 296 4569 0 4865
5231 295 4936 0 5231
5111 287 4824 0 5111
5408 307 5101 0 5408
5044 285 4759 0 5044
5157 316 4841 0 5157
5717 372 5345 0 5717
5102 318 4784 0 5102
5220 293 4927 0 5220
5353 319 5034 0 5353
5120 305 4815 0 5120
5017 328 4689 0 5017
5313 306 5007 0 5313
5173 268 4905 0 5173
5291 328 4963 0 5291
5111 283 4828 0 5111
5314 309 5005 0 5314
5299 316 4983 0 5299
5589 299 5290 0 5589
5049 273 4776 0 5049
5099 317 4782 0 5099
5487 336 5151 0 5487
5073 304 4769 0 5073
5092 293 4799 0 5092
4889 250 4639 0 4889
5358 300 5058 0 5358
5161 296 4865 0 5161
4982 304 4678 0 4982
4950 259 4691 0 4950
5541 317 5224 0 5541
5330 321 5009 0 5330
5197 291 4906 0 5197
4808 274 4534 0 4808
5100 304 4796 0 5100
