5578 4059 1519 3868 1710
5442 3966 1476 3794 1648
5595 4072 1523 3877 1718
5448 3957 1491 3786 1662
5562 4017 1545 3850 1712
5466 4010 1456 3841 1625
5536 4028 1508 3843 1693
5408 3918 1490 3726 1682
5419 3892 1527 3705 1714
5330 3842 1488 3650 1680
5340 3866 1474 3690 1650
5430 3975 1455 3789 1641
5718 4165 1553 3949 1769
5811 4217 1594 4001 1810
5383 3905 1478 3735 1648
5519 4023 1496 3828 1691
5451 3976 1475 3796 1655
5300 3872 1428 3696 1604
5633 4049 1584 3846 1787
5333 3854 1479 3676 1657
5221 3710 1511 3566 1655
5519 4018 1501 3811 1708
5610 4022 1588 3834 1776
5044 3688 1356 3503 1541
5579 4010 1569 3825 1754
5613 4060 1553 3901 1712
5790 4250 1540 4092 1698
5136 3732 1404 3565 1571
5131 3691 1440 3529 1602
5626 4110 1516 3920 1706
5698 4124 1574 3942 1756
5684 4198 1486 3988 1696
5319 3869 1450 3704 1615
5425 3938 1487 3740 1685
5316 3851 1465 3676 1640
5799 4234 1565 4026 1773
5393 3890 1503 3704 1689
5256 3859 1397 3687 1569
4981 3610 1371 3438 1543
5139 3773 1366 3600 1539
5323 3844 1479 3664 1659
5399 3992 1407 3802 1597
5277 3840 1437 3654 1623
5590 4053 1537 3870 1720
5355 3866 1489 3706 1649
5853 4208 1645 4037 1816
5252 3831 1421 3659 1593
5545 3968 1577 3795 1750
5453 3954 1499 3764 1689
5520 4052 1468 3850 1670
5255 3826 1429 3645 1610
5195 3770 1425 3607 1588
5207 3791 1416 3609 1598
5686 4084 1602 3913 1773
5468 4004 1464 3822 1646
5366 3869 1497 3695 1671
5033 3638 1395 3459 1574
5456 3990 1466 3807 1649
5177 3735 1442 3567 1610
5285 3841 1444 3671 1614
5099 3685 1414 3493 1606
5120 3716 1404 3541 1579
5301 3848 1453 3687 1614
5269 3826 1443 3642 1627
5135 3723 1412 3553 1582
4837 3549 1288 3343 1494
5119 3735 1384 3579 1540
5166 3761 1405 3592 1574
4846 3445 1401 3289 1557
5491 3999 1492 3835 1656
5221 3731 1490 3543 1678
4685 3445 1240 3293 1392
4924 3550 1374 3375 1549
5166 3711 1455 3537 1629
5114 3735 1379 3570 1544
5493 4041 1452 3861 1632
4966 3645 1321 3458 1508
4872 3498 1374 3327 1545
5029 3677 1352 3522 1507
4847 3523 1324 3360 1487
4809 3485 1324 3317 1492
4931 3593 1338 3415 1516
4973 3574 1399 3402 1571
5008 3625 1383 3459 1549
5155 3779 1376 3601 1554
5478 4027 1451 3829 1649
5222 3803 1419 3639 1583
4961 3612 1349 3449 1512
5420 3980 1440 3780 1640
5381 3878 1503 3675 1706
5076 3737 1339 3579 1497
5177 3814 1363 3649 1528
5075 3703 1372 3513 1562
5253 3845 1408 3693 1560
5151 3759 1392 3615 1536
5015 3659 1356 3498 1517
5041 3650 1391 3475 1566
5185 3794 1391 3609 1576
4951 3626 1325 3464 1487
5324 3877 1447 3690 1634
4974 3552 1422 3394 1580
4925 3605 1320 3436 1489
4876 3515 1361 3343 1533
5090 3701 1389 3528 1562
5633 4128 1505 3935 1698
4856 3572 1284 3412 1444
5134 3709 1425 3548 1586
4780 3476 1304 3316 1464
5161 3769 1392 3582 1579
4994 3603 1391 3469 1525
5369 3927 1442 3743 1626
5113 3679 1434 3508 1605
5288 3846 1442 3672 1616
5018 3702 1316 3530 1488
5518 4030 1488 3843 1675
5431 3949 1482 3761 1670
5081 3678 1403 3491 1590
5376 3830 1546 3650 1726
4724 3433 1291 3271 1453
5071 3709 1362 3551 1520
4931 3554 1377 3390 1541
4915 3600 1315 3442 1473
4899 3563 1336 3398 1501
5107 3664 1443 3486 1621
4982 3630 1352 3452 1530
4767 3436 1331 3273 1494
5056 3733 1323 3551 1505
5229 3809 1420 3615 1614
5449 4025 1424 3836 1613
5343 3883 1460 3698 1645
5158 3709 1449 3525 1633
5612 4074 1538 3892 1720
5231 3790 1441 3618 1613
5079 3666 1413 3501 1578
5324 3819 1505 3637 1687
5066 3668 1398 3494 1572
4980 3611 1369 3449 1531
5241 3782 1459 3614 1627
5271 3840 1431 3667 1604
5209 3817 1392 3650 1559
5046 3651 1395 3464 1582
4935 3605 1330 3420 1515
5208 3775 1433 3576 1632
5020 3639 1381 3483 1537
4963 3578 1385 3421 1542
5449 3974 1475 3780 1669
5082 3688 1394 3513 1569
5101 3711 1390 3534 1567
5368 3937 1431 3749 1619
5398 3909 1489 3711 1687
5538 3998 1540 3817 1721
5630 4140 1490 3979 1651
5580 4049 1531 3872 1708
4948 3625 1323 3462 1486
5483 3976 1507 3790 1693
5393 3915 1478 3702 1691
5562 4062 1500 3866 1696
5819 4193 1626 4010 1809
5704 4095 1609 3890 1814
5538 4027 1511 3837 1701
5517 4039 1478 3831 1686
5667 4161 1506 3980 1687
5529 4016 1513 3831 1698
5479 4007 1472 3806 1673
5807 4178 1629 3965 1842
4794 3474 1320 3288 1506
5452 3919 1533 3729 1723
5353 3919 1434 3724 1629
5531 4036 1495 3842 1689
4828 3515 1313 3323 1505
5733 4179 1554 3978 1755
5652 4163 1489 3984 1668
5836 4238 1598 4055 1781
5237 3788 1449 3612 1625
5111 3762 1349 3598 1513
5785 4179 1606 3995 1790
5384 3952 1432 3741 1643
5484 3976 1508 3782 1702
5414 3957 1457 3778 1636
5722 4092 1630 3922 1800
5795 4181 1614 4000 1795
4666 3398 1268 3238 1428
5504 4074 1430 3861 1643
5533 3974 1559 3794 1739
5123 3685 1438 3513 1610
5336 3854 1482 3682 1654
5145 3767 1378 3592 1553
5517 4016 1501 3837 1680
5064 3677 1387 3482 1582
4959 3591 1368 3412 1547
5855 4266 1589 4095 1760
5335 3895 1440 3695 1640
5415 3940 1475 3783 1632
4940 3566 1374 3382 1558
5043 3671 1372 3495 1548
5103 3706 1397 3564 1539
5167 3814 1353 3654 1513
5366 3919 1447 3719 1647
5005 3644 1361 3458 1547
5349 3878 1471 3708 1641
5891 4229 1662 4011 1880
5123 3733 1390 3553 1570
5630 4059 1571 3863 1767
5565 3995 1570 3790 1775
5616 4085 1531 3882 1734
5154 3793 1361 3622 1532
5389 3896 1493 3727 1662
5562 4043 1519 3850 1712
4829 3549 1280 3382 1447
5005 3584 1421 3413 1592
5022 3696 1326 3535 1487
5496 3982 1514 3799 1697
5633 4111 1522 3926 1707
5403 3903 1500 3719 1684
5295 3845 1450 3677 1618
5367 3861 1506 3690 1677
5037 3652 1385 3476 1561
4992 3611 1381 3451 1541
5242 3788 1454 3612 1630
5511 3988 1523 3804 1707
5287 3831 1456 3658 1629
5017 3603 1414 3444 1573
5063 3593 1470 3431 1632
5499 3970 1529 3807 1692
5345 3843 1502 3651 1694
5186 3811 1375 3645 1541
5273 3862 1411 3684 1589
5382 3906 1476 3729 1653
5441 4020 1421 3820 1621
5180 3771 1409 3586 1594
5121 3695 1426 3530 1591
4714 3455 1259 3294 1420
5082 3723 1359 3523 1559
5167 3777 1390 3605 1562
5566 4082 1484 3879 1687
5169 3719 1450 3559 1610
5435 3948 1487 3765 1670
4910 3554 1356 3392 1518
5708 4119 1589 3939 1769
5857 4253 1604 4066 1791
5592 4042 1550 3870 1722
5012 3663 1349 3490 1522
4998 3684 1314 3518 1480
5397 3854 1543 3685 1712
5376 3867 1509 3698 1678
4932 3604 1328 3431 1501
5392 3919 1473 3749 1643
5370 3901 1469 3717 1653
5166 3791 1375 3619 1547
4873 3544 1329 3376 1497
5214 3766 1448 3598 1616
5211 3746 1465 3572 1639
5180 3779 1401 3603 1577
5061 3682 1379 3514 1547
5242 3875 1367 3695 1547
4780 3479 1301 3318 1462
5322 3909 1413 3714 1608
5184 3795 1389 3598 1586
5232 3805 1427 3649 1583
5290 3843 1447 3661 1629
5001 3691 1310 3513 1488
5311 3878 1433 3698 1613
5126 3775 1351 3625 1501
5340 3922 1418 3724 1616
5124 3733 1391 3581 1543
5070 3720 1350 3537 1533
5324 3879 1445 3693 1631
5280 3781 1499 3596 1684
5598 3999 1599 3804 1794
5150 3738 1412 3574 1576
5032 3650 1382 3483 1549
5175 3739 1436 3568 1607
5219 3788 1431 3608 1611
4939 3613 1326 3436 1503
5381 3887 1494 3713 1668
5351 3943 1408 3758 1593
5395 3889 1506 3713 1682
5159 3773 1386 3584 1575
5110 3677 1433 3488 1622
5503 3990 1513 3829 1674
5551 4087 1464 3937 1614
5373 3958 1415 3749 1624
5512 4025 1487 3821 1691
5475 3954 1521 3759 1716
5154 3743 1411 3569 1585
5276 3795 1481 3612 1664
5755 4209 1546 3997 1758
5379 3859 1520 3674 1705
5245 3790 1455 3638 1607
4786 3452 1334 3286 1500
5397 3901 1496 3695 1702
5654 4117 1537 3929 1725
5132 3730 1402 3558 1574
5155 3735 1420 3548 1607
5333 3907 1426 3735 1598
5336 3899 1437 3722 1614
5416 3968 1448 3776 1640
5006 3573 1433 3402 1604
5101 3732 1369 3540 1561
5316 3904 1412 3718 1598
5331 3834 1497 3657 1674
5131 3760 1371 3603 1528
5193 3754 1439 3563 1630
5305 3875 1430 3720 1585
5642 4085 1557 3876 1766
5025 3704 1321 3530 1495
4945 3561 1384 3425 1520
5200 3730 1470 3547 1653
5339 3826 1513 3631 1708
5320 3887 1433 3710 1610
5159 3742 1417 3562 1597
4827 3488 1339 3334 1493
5726 4105 1621 3925 1801
5345 3883 1462 3680 1665
4906 3513 1393 3343 1563
4535 3263 1272 3104 1431
5057 3740 1317 3563 1494
5250 3828 1422 3660 1590
5446 3873 1573 3683 1763
4837 3531 1306 3364 1473
5086 3711 1375 3541 1545
5425 3902 1523 3751 1674
5162 3773 1389 3571 1591
5206 3772 1434 3586 1620
5063 3727 1336 3554 1509
5103 3692 1411 3519 1584
5105 3706 1399 3536 1569
5248 3807 1441 3640 1608
4922 3514 1408 3349 1573
5321 3910 1411 3711 1610
4983 3604 1379 3452 1531
5302 3880 1422 3700 1602
5042 3648 1394 3467 1575
5306 3778 1528 3616 1690
5043 3693 1350 3516 1527
5561 4067 1494 3863 1698
5242 3778 1464 3575 1667
4957 3514 1443 3344 1613
5158 3763 1395 3596 1562
4815 3434 1381 3285 1530
5112 3684 1428 3500 1612
5259 3848 1411 3659 1600
5386 3942 1444 3767 1619
4930 3539 1391 3379 1551
5235 3751 1484 3567 1668
5474 3967 1507 3760 1714
5298 3885 1413 3719 1579
5563 4024 1539 3846 1717
5098 3688 1410 3496 1602
4838 3518 1320 3368 1470
5156 3749 1407 3564 1592
5350 3861 1489 3690 1660
5015 3660 1355 3505 1510
5428 3955 1473 3785 1643
4982 3541 1441 3384 1598
5297 3843 1454 3680 1617
5419 3959 1460 3772 1647
5076 3703 1373 3520 1556
5045 3693 1352 3520 1525
5403 3855 1548 3678 1725
4956 3587 1369 3420 1536
5140 3769 1371 3578 1562
5014 3625 1389 3466 1548
5433 3939 1494 3745 1688
5129 3767 1362 3602 1527
5319 3881 1438 3713 1606
5404 3861 1543 3692 1712
5280 3910 1370 3742 1538
5600 4106 1494 3905 1695
5272 3809 1463 3630 1642
5465 3958 1507 3795 1670
4659 3395 1264 3249 1410
5002 3599 1403 3422 1580
5337 3875 1462 3672 1665
4756 3467 1289 3324 1432
5279 3837 1442 3657 1622
5045 3643 1402 3480 1565
4917 3517 1400 3351 1566
4867 3517 1350 3342 1525
5144 3693 1451 3523 1621
4885 3523 1362 3365 1520
5329 3809 1520 3630 1699
5088 3705 1383 3531 1557
5029 3633 1396 3458 1571
4994 3613 1381 3428 1566
5226 3832 1394 3654 1572
5267 3815 1452 3645 1622
5246 3838 1408 3678 1568
5162 3768 1394 3610 1552
4995 3634 1361 3460 1535
5076 3680 1396 3491 1585
4926 3545 1381 3380 1546
5277 3859 1418 3697 1580
4950 3627 1323 3448 1502
4951 3631 1320 3469 1482
5203 3758 1445 3593 1610
5567 3995 1572 3808 1759
5266 3866 1400 3677 1589
5557 4017 1540 3820 1737
5518 4069 1449 3895 1623
5307 3875 1432 3708 1599
5165 3742 1423 3566 1599
5147 3731 1416 3554 1593
5298 3854 1444 3669 1629
5089 3692 1397 3529 1560
4762 3457 1305 3302 1460
5364 3919 1445 3746 1618
4887 3562 1325 3394 1493
5358 3881 1477 3693 1665
5231 3803 1428 3632 1599
5357 3819 1538 3630 1727
5041 3677 1364 3511 1530
5247 3837 1410 3670 1577
5483 4036 1447 3879 1604
4949 3587 1362 3434 1515
5128 3710 1418 3516 1612
5310 3899 1411 3719 1591
4860 3532 1328 3376 1484
5293 3869 1424 3674 1619
4988 3613 1375 3435 1553
5261 3834 1427 3657 1604
5319 3872 1447 3710 1609
5064 3729 1335 3570 1494
4901 3521 1380 3337 1564
4975 3613 1362 3467 1508
4852 3513 1339 3343 1509
5354 3839 1515 3679 1675
5503 4012 1491 3815 1688
5281 3841 1440 3649 1632
5095 3760 1335 3573 1522
5022 3619 1403 3426 1596
5000 3697 1303 3547 1453
4836 3543 1293 3395 1441
5018 3673 1345 3500 1518
4974 3565 1409 3407 1567
5428 3968 1460 3800 1628
5007 3650 1357 3495 1512
4820 3494 1326 3328 1492
5147 3771 1376 3612 1535
5302 3799 1503 3612 1690
5277 3836 1441 3660 1617
5545 3951 1594 3760 1785
4972 3614 1358 3425 1547
5350 3925 1425 3724 1626
4886 3551 1335 3366 1520
5343 3879 1464 3682 1661
4823 3506 1317 3324 1499
5266 3783 1483 3611 1655
5139 3780 1359 3590 1549
5183 3733 1450 3545 1638
4990 3659 1331 3496 1494
5199 3786 1413 3616 1583
5214 3796 1418 3623 1591
5165 3708 1457 3539 1626
5644 4139 1505 3940 1704
5101 3632 1469 3460 1641
5876 4248 1628 4066 1810
4958 3649 1309 3484 1474
5192 3756 1436 3574 1618
4439 3250 1189 3116 1323
5146 3748 1398 3560 1586
5172 3756 1416 3601 1571
5199 3759 1440 3566 1633
5243 3788 1455 3622 1621
5056 3653 1403 3466 1590
5292 3835 1457 3623 1669
4911 3526 1385 3369 1542
5554 4036 1518 3843 1711
5148 3766 1382 3587 1561
4955 3630 1325 3465 1490
5199 3740 1459 3566 1633
5268 3815 1453 3643 1625
5039 3592 1447 3401 1638
5342 3874 1468 3702 1640
4745 3439 1306 3271 1474
4663 3365 1298 3233 1430
5088 3723 1365 3567 1521
4774 3515 1259 3340 1434
5007 3528 1479 3385 1622
5146 3766 1380 3578 1568
5129 3746 1383 3600 1529
5303 3874 1429 3678 1625
5453 3965 1488 3779 1674
5086 3650 1436 3480 1606
5176 3817 1359 3642 1534
5347 3954 1393 3787 1560
5139 3704 1435 3535 1604
5065 3695 1370 3518 1547
4848 3481 1367 3325 1523
5270 3825 1445 3649 1621
5067 3702 1365 3530 1537
5041 3701 1340 3519 1522
4860 3541 1319 3383 1477
5484 3909 1575 3717 1767
5153 3710 1443 3530 1623
5391 3947 1444 3779 1612
5303 3796 1507 3618 1685
4621 3309 1312 3155 1466
5063 3700 1363 3533 1530
5206 3807 1399 3629 1577
5788 4233 1555 4038 1750
5180 3821 1359 3630 1550
4638 3371 1267 3227 1411
4928 3586 1342 3425 1503
4999 3694 1305 3530 1469
5005 3644 1361 3483 1522
5223 3722 1501 3558 1665
5117 3737 1380 3566 1551
5068 3650 1418 3474 1594
5182 3768 1414 3608 1574
4951 3513 1438 3338 1613
5440 3912 1528 3728 1712
4822 3532 1290 3389 1433
4832 3453 1379 3301 1531
5632 4168 1464 3967 1665
5208 3757 1451 3570 1638
4971 3694 1277 3527 1444
5088 3740 1348 3555 1533
5201 3800 1401 3629 1572
5443 3974 1469 3810 1633
5529 3970 1559 3799 1730
5429 3944 1485 3770 1659
5711 4159 1552 3961 1750
5373 3911 1462 3738 1635
5349 3913 1436 3740 1609
4928 3587 1341 3416 1512
5287 3865 1422 3649 1638
5181 3747 1434 3586 1595
5262 3812 1450 3624 1638
5306 3943 1363 3757 1549
5388 3891 1497 3717 1671
5294 3866 1428 3683 1611
5186 3820 1366 3634 1552
5122 3796 1326 3614 1508
5086 3650 1436 3486 1600
4801 3485 1316 3340 1461
5058 3732 1326 3561 1497
4832 3549 1283 3401 1431
5121 3688 1433 3526 1595
4962 3619 1343 3460 1502
5040 3617 1423 3463 1577
4740 3450 1290 3286 1454
5121 3739 1382 3559 1562
5280 3823 1457 3623 1657
5001 3626 1375 3464 1537
5257 3830 1427 3624 1633
5110 3756 1354 3577 1533
5556 3981 1575 3817 1739
4997 3621 1376 3453 1544
5351 3851 1500 3673 1678
5120 3787 1333 3623 1497
5134 3724 1410 3551 1583
4884 3479 1405 3328 1556
5094 3716 1378 3530 1564
5143 3735 1408 3565 1578
4852 3573 1279 3401 1451
5321 3863 1458 3685 1636
5286 3849 1437 3648 1638
5158 3731 1427 3557 1601
5071 3674 1397 3514 1557
5297 3852 1445 3656 1641
5265 3840 1425 3642 1623
5102 3698 1404 3534 1568
4985 3609 1376 3457 1528
4985 3621 1364 3448 1537
5558 4116 1442 3927 1631
5298 3834 1464 3650 1648
5012 3593 1419 3402 1610
5381 3899 1482 3734 1647
5184 3793 1391 3628 1556
4944 3613 1331 3455 1489
5111 3769 1342 3614 1497
4921 3552 1369 3411 1510
4984 3660 1324 3476 1508
5250 3826 1424 3659 1591
5305 3858 1447 3673 1632
5387 3982 1405 3827 1560
5010 3634 1376 3445 1565
5169 3782 1387 3600 1569
5228 3745 1483 3559 1669
5155 3698 1457 3536 1619
5370 3907 1463 3708 1662
4793 3517 1276 3370 1423
4840 3507 1333 3370 1470
5042 3675 1367 3529 1513
5481 3996 1485 3815 1666
5222 3748 1474 3584 1638
4941 3613 1328 3430 1511
5135 3736 1399 3560 1575
5243 3848 1395 3673 1570
5172 3722 1450 3547 1625
5590 4123 1467 3911 1679
5435 4024 1411 3846 1589
5198 3797 1401 3611 1587
5437 3971 1466 3783 1654
5353 3883 1470 3700 1653
5204 3781 1423 3590 1614
5085 3687 1398 3512 1573
5270 3820 1450 3638 1632
5088 3663 1425 3510 1578
5271 3806 1465 3618 1653
5435 3970 1465 3778 1657
5214 3774 1440 3610 1604
5193 3827 1366 3649 1544
5584 4097 1487 3909 1675
5412 3913 1499 3730 1682
5051 3650 1401 3487 1564
5024 3617 1407 3452 1572
4994 3610 1384 3438 1556
5312 3832 1480 3654 1658
4983 3579 1404 3429 1554
5172 3763 1409 3577 1595
5208 3780 1428 3603 1605
4915 3532 1383 3380 1535
4942 3624 1318 3454 1488
5361 3925 1436 3758 1603
5236 3749 1487 3575 1661
4824 3528 1296 3353 1471
5306 3836 1470 3684 1622
5099 3752 1347 3577 1522
4946 3642 1304 3464 1482
5481 4003 1478 3782 1699
5326 3856 1470 3682 1644
5494 3988 1506 3827 1667
4944 3563 1381 3391 1553
4895 3532 1363 3376 1519
4763 3472 1291 3325 1438
5369 3901 1468 3734 1635
4704 3410 1294 3260 1444
5181 3792 1389 3618 1563
5076 3613 1463 3452 1624
5255 3780 1475 3622 1633
4985 3624 1361 3468 1517
4969 3560 1409 3394 1575
5031 3589 1442 3386 1645
4676 3386 1290 3208 1468
4819 3496 1323 3340 1479
5200 3728 1472 3545 1655
4849 3503 1346 3330 1519
5144 3723 1421 3547 1597
5353 3907 1446 3721 1632
5040 3670 1370 3510 1530
5152 3716 1436 3554 1598
5282 3882 1400 3691 1591
4757 3505 1252 3327 1430
4802 3491 1311 3331 1471
4693 3452 1241 3280 1413
5182 3710 1472 3534 1648
5268 3803 1465 3602 1666
5047 3703 1344 3534 1513
5378 3960 1418 3781 1597
5240 3825 1415 3656 1584
4979 3587 1392 3424 1555
5428 3842 1586 3646 1782
4886 3538 1348 3355 1531
4913 3581 1332 3409 1504
5074 3678 1396 3524 1550
5079 3673 1406 3496 1583
4865 3555 1310 3389 1476
5045 3669 1376 3500 1545
5078 3719 1359 3540 1538
5190 3720 1470 3556 1634
5255 3815 1440 3670 1585
5359 3903 1456 3725 1634
4935 3585 1350 3431 1504
5267 3772 1495 3602 1665
5197 3726 1471 3548 1649
5202 3767 1435 3596 1606
5012 3607 1405 3430 1582
4995 3592 1403 3436 1559
5168 3740 1428 3543 1625
5522 4079 1443 3873 1649
4969 3559 1410 3399 1570
5151 3770 1381 3578 1573
5241 3810 1431 3626 1615
4825 3531 1294 3364 1461
4994 3658 1336 3487 1507
4990 3605 1385 3444 1546
5274 3793 1481 3619 1655
4931 3532 1399 3371 1560
4935 3627 1308 3447 1488
4772 3504 1268 3368 1404
4925 3574 1351 3410 1515
4670 3350 1320 3170 1500
5153 3745 1408 3587 1566
5221 3800 1421 3647 1574
5362 3917 1445 3723 1639
5194 3821 1373 3641 1553
5000 3703 1297 3531 1469
5263 3829 1434 3661 1602
4906 3564 1342 3394 1512
5572 4081 1491 3877 1695
5172 3752 1420 3592 1580
4835 3473 1362 3315 1520
5028 3601 1427 3453 1575
5590 4064 1526 3862 1728
5029 3704 1325 3518 1511
4694 3407 1287 3250 1444
4853 3511 1342 3352 1501
4909 3548 1361 3367 1542
4947 3624 1323 3461 1486
5260 3841 1419 3676 1584
4927 3574 1353 3400 1527
5000 3666 1334 3497 1503
4949 3523 1426 3370 1579
5147 3750 1397 3585 1562
5616 4067 1549 3878 1738
5057 3664 1393 3499 1558
5120 3701 1419 3540 1580
5276 3816 1460 3630 1646
4559 3339 1220 3181 1378
5137 3767 1370 3612 1525
4981 3632 1349 3462 1519
4832 3528 1304 3366 1466
5376 3884 1492 3691 1685
4961 3586 1375 3409 1552
5271 3827 1444 3647 1624
4934 3592 1342 3430 1504
5012 3708 1304 3535 1477
4948 3596 1352 3414 1534
5126 3759 1367 3571 1555
5111 3680 1431 3485 1626
5241 3822 1419 3625 1616
4766 3458 1308 3301 1465
5120 3750 1370 3591 1529
5039 3608 1431 3444 1595
5588 4045 1543 3844 1744
5244 3807 1437 3637 1607
5887 4316 1571 4101 1786
5425 3895 1530 3724 1701
5522 4014 1508 3822 1700
5284 3842 1442 3646 1638
5171 3788 1383 3607 1564
5099 3701 1398 3525 1574
5346 3859 1487 3666 1680
5019 3653 1366 3464 1555
5809 4206 1603 4030 1779
4782 3538 1244 3357 1425
5014 3687 1327 3533 1481
5069 3703 1366 3537 1532
5157 3782 1375 3593 1564
5440 3893 1547 3734 1706
4781 3424 1357 3258 1523
4655 3344 1311 3188 1467
5328 3881 1447 3695 1633
4874 3537 1337 3365 1509
5152 3720 1432 3541 1611
5346 3887 1459 3704 1642
5338 3854 1484 3664 1674
5241 3806 1435 3642 1599
4948 3592 1356 3420 1528
5264 3770 1494 3577 1687
5453 3983 1470 3791 1662
5057 3720 1337 3561 1496
5092 3654 1438 3496 1596
5269 3838 1431 3654 1615
5270 3899 1371 3724 1546
5411 3981 1430 3782 1629
5086 3690 1396 3503 1583
5149 3663 1486 3475 1674
4745 3421 1324 3250 1495
5985 4444 1541 4238 1747
5413 3948 1465 3758 1655
5417 3962 1455 3786 1631
4972 3598 1374 3422 1550
4975 3607 1368 3447 1528
4884 3504 1380 3331 1553
5416 4003 1413 3831 1585
5027 3674 1353 3493 1534
5202 3808 1394 3626 1576
4754 3486 1268 3323 1431
5130 3702 1428 3527 1603
5334 3862 1472 3682 1652
4697 3447 1250 3301 1396
5157 3730 1427 3561 1596
5230 3783 1447 3601 1629
5090 3689 1401 3517 1573
5091 3732 1359 3558 1533
5103 3673 1430 3513 1590
5173 3672 1501 3503 1670
5657 4127 1530 3945 1712
4976 3592 1384 3421 1555
5262 3786 1476 3589 1673
5445 3926 1519 3741 1704
5031 3637 1394 3466 1565
5382 3912 1470 3713 1669
5180 3743 1437 3549 1631
5374 3864 1510 3701 1673
5233 3821 1412 3636 1597
5430 3953 1477 3771 1659
5370 3885 1485 3706 1664
5185 3794 1391 3632 1553
5078 3670 1408 3495 1583
5895 4344 1551 4155 1740
4942 3644 1298 3476 1466
5171 3753 1418 3569 1602
5055 3708 1347 3544 1511
5097 3750 1347 3579 1518
5019 3700 1319 3534 1485
4893 3563 1330 3389 1504
4784 3545 1239 3372 1412
5716 4181 1535 3980 1736
4941 3586 1355 3414 1527
5485 4014 1471 3845 1640
5122 3739 1383 3554 1568
5133 3688 1445 3506 1627
5302 3862 1440 3694 1608
5457 3942 1515 3746 1711
4868 3532 1336 3355 1513
4901 3471 1430 3334 1567
5321 3879 1442 3705 1616
5169 3747 1422 3556 1613
5400 3939 1461 3749 1651
5002 3609 1393 3455 1547
5010 3632 1378 3458 1552
5356 3888 1468 3699 1657
4868 3572 1296 3383 1485
5170 3713 1457 3532 1638
4704 3434 1270 3274 1430
5140 3753 1387 3558 1582
5384 3868 1516 3696 1688
5145 3751 1394 3564 1581
5130 3712 1418 3511 1619
5186 3711 1475 3543 1643
4748 3435 1313 3283 1465
4757 3474 1283 3300 1457
5392 3903 1489 3714 1678
4942 3587 1355 3404 1538
5160 3730 1430 3570 1590
4809 3485 1324 3322 1487
4979 3587 1392 3434 1545
5078 3657 1421 3494 1584
5103 3739 1364 3569 1534
5224 3824 1400 3614 1610
5182 3811 1371 3628 1554
5247 3824 1423 3649 1598
5227 3747 1480 3554 1673
5107 3764 1343 3583 1524
5405 3953 1452 3760 1645
5695 4131 1564 3948 1747
4995 3632 1363 3456 1539
4998 3597 1401 3431 1567
4985 3607 1378 3440 1545
5194 3759 1435 3572 1622
4855 3492 1363 3339 1516
5506 4015 1491 3817 1689
5371 3857 1514 3675 1696
5525 4008 1517 3838 1687
5236 3789 1447 3595 1641
5263 3804 1459 3602 1661
5022 3648 1374 3496 1526
5265 3862 1403 3700 1565
5084 3772 1312 3577 1507
4918 3607 1311 3414 1504
5130 3697 1433 3509 1621
5457 3934 1523 3746 1711
5106 3747 1359 3580 1526
5622 4115 1507 3919 1703
5198 3727 1471 3516 1682
5293 3812 1481 3625 1668
5141 3734 1407 3571 1570
5091 3686 1405 3529 1562
5452 3975 1477 3793 1659
5201 3795 1406 3622 1579
5312 3913 1399 3738 1574
4928 3582 1346 3394 1534
5205 3786 1419 3600 1605
4619 3410 1209 3230 1389
5591 4075 1516 3886 1705
4831 3527 1304 3372 1459
4978 3642 1336 3484 1494
4905 3567 1338 3392 1513
5114 3691 1423 3507 1607
5002 3604 1398 3423 1579
5109 3749 1360 3569 1540
5169 3749 1420 3563 1606
5119 3760 1359 3575 1544
5135 3786 1349 3607 1528
5264 3847 1417 3672 1592
5225 3770 1455 3609 1616
5150 3692 1458 3537 1613
4946 3625 1321 3456 1490
5398 3893 1505 3724 1674
5212 3803 1409 3611 1601
5235 3832 1403 3639 1596
5363 3923 1440 3750 1613
5160 3767 1393 3602 1558
5280 3786 1494 3616 1664
5291 3834 1457 3648 1643
5080 3660 1420 3489 1591
4887 3528 1359 3370 1517
5294 3872 1422 3675 1619
5509 4053 1456 3856 1653
5564 4071 1493 3884 1680
4962 3668 1294 3507 1455
5241 3777 1464 3619 1622
5267 3807 1460 3628 1639
5098 3712 1386 3563 1535
5282 3820 1462 3636 1646
5464 3970 1494 3791 1673
5047 3618 1429 3470 1577
5420 3919 1501 3748 1672
4957 3609 1348 3432 1525
5152 3716 1436 3528 1624
5188 3818 1370 3641 1547
5237 3816 1421 3619 1618
5389 3903 1486 3734 1655
5908 4370 1538 4146 1762
5171 3686 1485 3502 1669
4881 3535 1346 3369 1512
5453 3954 1499 3788 1665
5112 3785 1327 3606 1506
5059 3677 1382 3522 1537
4751 3446 1305 3292 1459
5478 3961 1517 3783 1695
4925 3557 1368 3391 1534
5159 3803 1356 3633 1526
4662 3375 1287 3204 1458
5066 3697 1369 3545 1521
4995 3612 1383 3435 1560
5392 3882 1510 3678 1714
4965 3623 1342 3448 1517
5198 3769 1429 3609 1589
5320 3846 1474 3653 1667
5095 3721 1374 3564 1531
5316 3837 1479 3672 1644
5175 3773 1402 3577 1598
5286 3836 1450 3682 1604
5089 3700 1389 3524 1565
5065 3681 1384 3537 1528
5381 3929 1452 3743 1638
5081 3687 1394 3478 1603
5412 3924 1488 3725 1687
5320 3864 1456 3691 1629
5202 3751 1451 3589 1613
5178 3790 1388 3623 1555
5121 3709 1412 3574 1547
4930 3595 1335 3431 1499
5388 3935 1453 3759 1629
5680 4101 1579 3942 1738
5425 3881 1544 3688 1737
5088 3691 1397 3533 1555
4794 3526 1268 3351 1443
5484 3992 1492 3775 1709
5093 3673 1420 3503 1590
5221 3784 1437 3621 1600
5513 4024 1489 3847 1666
5049 3660 1389 3497 1552
4815 3491 1324 3314 1501
5821 4203 1618 3989 1832
5173 3776 1397 3626 1547
4917 3530 1387 3365 1552
5373 3878 1495 3691 1682
5526 4068 1458 3879 1647
5675 4169 1506 3991 1684
5248 3805 1443 3640 1608
5466 3938 1528 3754 1712
5168 3717 1451 3542 1626
5180 3753 1427 3594 1586
5023 3676 1347 3506 1517
5231 3821 1410 3633 1598
4976 3574 1402 3388 1588
5055 3655 1400 3496 1559
5168 3750 1418 3581 1587
5309 3930 1379 3762 1547
5220 3721 1499 3555 1665
4865 3536 1329 3378 1487
5231 3757 1474 3575 1656
5111 3714 1397 3530 1581
5408 3882 1526 3695 1713
5044 3643 1401 3474 1570
5157 3731 1426 3559 1598
5717 4138 1579 3919 1798
5102 3718 1384 3552 1550
5220 3772 1448 3603 1617
5353 3894 1459 3710 1643
5120 3707 1413 3518 1602
5017 3601 1416 3431 1586
5313 3853 1460 3669 1644
5173 3745 1428 3575 1598
5291 3830 1461 3623 1668
5111 3743 1368 3557 1554
5314 3885 1429 3733 1581
5299 3800 1499 3626 1673
5589 4059 1530 3862 1727
5049 3661 1388 3483 1566
5099 3727 1372 3559 1540
5487 3959 1528 3752 1735
5073 3656 1417 3503 1570
5092 3654 1438 3480 1612
4889 3486 1403 3313 1576
5358 3856 1502 3663 1695
5161 3752 1409 3591 1570
4982 3607 1375 3447 1535
4950 3620 1330 3438 1512
5541 4078 1463 3887 1654
5330 3882 1448 3694 1636
5197 3776 1421 3601 1596
4808 3483 1325 3338 1470
5100 3683 1417 3507 1593
