5578 3198 2380 2660 2918
5442 3122 2320 2566 2876
5595 3196 2399 2620 2975
5448 3131 2317 2563 2885
5562 3218 2344 2624 2938
5466 3172 2294 2627 2839
5536 3260 2276 2682 2854
5408 3102 2306 2550 2858
5419 3140 2279 2599 2820
5330 3048 2282 2506 2824
5340 3096 2244 2534 2806
5430 3131 2299 2538 2892
5718 3393 2325 2804 2914
5811 3264 2547 2681 3130
5383 3115 2268 2590 2793
5519 3265 2254 2706 2813
5451 3120 2331 2568 2883
5300 3044 2256 2518 2782
5633 3244 2389 2701 2932
5333 3060 2273 2497 2836
5221 3017 2204 2459 2762
5519 3141 2378 2612 2907
5610 3141 2469 2550 3060
5044 2879 2165 2367 2677
5579 3249 2330 2671 2908
5613 3224 2389 2670 2943
5790 3271 2519 2708 3082
5136 2947 2189 2438 2698
5131 2956 2175 2431 2700
5626 3254 2372 2687 2939
5698 3260 2438 2679 3019
5684 3228 2456 2657 3027
5319 3020 2299 2491 2828
5425 3146 2279 2559 2866
5316 3026 2290 2457 2859
5799 3260 2539 2669 3130
5393 3165 2228 2577 2816
5256 3018 2238 2454 2802
4981 2889 2092 2391 2590
5139 2989 2150 2457 2682
5323 3065 2258 2487 2836
5399 3053 2346 2513 2886
5277 3064 2213 2527 2750
5590 3229 2361 2710 2880
5355 3094 2261 2525 2830
5853 3282 2571 2715 3138
5252 3075 2177 2497 2755
5545 3225 2320 2645 2900
5453 3108 2345 2558 2895
5520 3174 2346 2612 2908
5255 2990 2265 2450 2805
5195 2964 2231 2447 2748
5207 2993 2214 2463 2744
5686 3220 2466 2708 2978
5468 3111 2357 2572 2896
5366 3121 2245 2568 2798
5033 2940 2093 2382 2651
5456 3120 2336 2565 2891
5177 2954 2223 2415 2762
5285 2968 2317 2497 2788
5099 2883 2216 2342 2757
5120 2910 2210 2393 2727
5301 2994 2307 2459 2842
5269 3010 2259 2507 2762
5135 2944 2191 2372 2763
4837 2790 2047 2269 2568
5119 2952 2167 2440 2679
5166 2920 2246 2416 2750
4846 2837 2009 2340 2506
5491 3138 2353 2579 2912
5221 2998 2223 2436 2785
4685 2610 2075 2167 2518
4924 2825 2099 2336 2588
5166 2971 2195 2424 2742
5114 2927 2187 2399 2715
5493 3114 2379 2561 2932
4966 2853 2113 2358 2608
4872 2748 2124 2274 2598
5029 2871 2158 2346 2683
4847 2792 2055 2269 2578
4809 2801 2008 2284 2525
4931 2843 2088 2365 2566
4973 2819 2154 2304 2669
5008 2836 2172 2342 2666
5155 2913 2242 2375 2780
5478 3161 2317 2638 2840
5222 2988 2234 2466 2756
4961 2855 2106 2351 2610
5420 3121 2299 2543 2877
5381 3089 2292 2596 2785
5076 2909 2167 2364 2712
5177 2974 2203 2420 2757
5075 2867 2208 2338 2737
5253 3002 2251 2470 2783
5151 2918 2233 2362 2789
5015 2887 2128 2403 2612
5041 2885 2156 2376 2665
5185 3006 2179 2491 2694
4951 2836 2115 2308 2643
5324 3060 2264 2545 2779
4974 2902 2072 2404 2570
4925 2848 2077 2323 2602
4876 2779 2097 2256 2620
5090 2932 2158 2406 2684
5633 3269 2364 2655 2978
4856 2763 2093 2293 2563
5134 2944 2190 2435 2699
4780 2723 2057 2256 2524
5161 2967 2194 2463 2698
4994 2903 2091 2353 2641
5369 3109 2260 2574 2795
5113 2967 2146 2489 2624
5288 3059 2229 2530 2758
5018 2860 2158 2353 2665
5518 3130 2388 2581 2937
5431 3069 2362 2505 2926
5081 2945 2136 2426 2655
5376 3049 2327 2502 2874
4724 2756 1968 2259 2465
5071 2868 2203 2349 2722
4931 2760 2171 2276 2655
4915 2816 2099 2312 2603
4899 2825 2074 2331 2568
5107 2933 2174 2419 2688
4982 2876 2106 2357 2625
4767 2725 2042 2236 2531
5056 2907 2149 2412 2644
5229 3023 2206 2471 2758
5449 3107 2342 2592 2857
5343 3041 2302 2517 2826
5158 2977 2181 2449 2709
5612 3226 2386 2672 2940
5231 3023 2208 2500 2731
5079 2886 2193 2404 2675
5324 3018 2306 2477 2847
5066 2848 2218 2369 2697
4980 2908 2072 2402 2578
5241 2989 2252 2485 2756
5271 2979 2292 2463 2808
5209 3048 2161 2504 2705
5046 2939 2107 2411 2635
4935 2819 2116 2335 2600
5208 2974 2234 2439 2769
5020 2875 2145 2376 2644
4963 2877 2086 2366 2597
5449 3112 2337 2583 2866
5082 2915 2167 2376 2706
5101 2939 2162 2402 2699
5368 3104 2264 2544 2824
5398 3059 2339 2522 2876
5538 3199 2339 2617 2921
5630 3247 2383 2643 2987
5580 3118 2462 2562 3018
4948 2854 2094 2337 2611
5483 3187 2296 2620 2863
5393 3121 2272 2531 2862
5562 3235 2327 2707 2855
5819 3382 2437 2795 3024
5704 3246 2458 2665 3039
5538 3190 2348 2667 2871
5517 3139 2378 2556 2961
5667 3295 2372 2713 2954
5529 3162 2367 2586 2943
5479 3087 2392 2505 2974
5807 3347 2460 2724 3083
4794 2743 2051 2227 2567
5452 3069 2383 2497 2955
5353 3136 2217 2579 2774
5531 3193 2338 2648 2883
4828 2746 2082 2219 2609
5733 3230 2503 2650 3083
5652 3242 2410 2670 2982
5836 3350 2486 2778 3058
5237 3081 2156 2519 2718
5111 2871 2240 2356 2755
5785 3268 2517 2696 3089
5384 3125 2259 2576 2808
5484 3213 2271 2643 2841
5414 3115 2299 2564 2850
5722 3320 2402 2760 2962
5795 3335 2460 2756 3039
4666 2689 1977 2193 2473
5504 3137 2367 2610 2894
5533 3184 2349 2611 2922
5123 2960 2163 2413 2710
5336 3080 2256 2519 2817
5145 2943 2202 2440 2705
5517 3187 2330 2618 2899
5064 2899 2165 2396 2668
4959 2811 2148 2321 2638
5855 3337 2518 2731 3124
5335 3037 2298 2478 2857
5415 3070 2345 2527 2888
4940 2847 2093 2333 2607
5043 2854 2189 2371 2672
5103 2902 2201 2367 2736
5167 2976 2191 2417 2750
5366 3054 2312 2483 2883
5005 2864 2141 2341 2664
5349 3095 2254 2505 2844
5891 3337 2554 2760 3131
5123 2980 2143 2448 2675
5630 3271 2359 2688 2942
5565 3212 2353 2649 2916
5616 3203 2413 2633 2983
5154 2991 2163 2443 2711
5389 3075 2314 2525 2864
5562 3197 2365 2673 2889
4829 2862 1967 2373 2456
5005 2900 2105 2408 2597
5022 2966 2056 2439 2583
5496 3126 2370 2533 2963
5633 3254 2379 2671 2962
5403 3062 2341 2502 2901
5295 3031 2264 2480 2815
5367 3032 2335 2508 2859
5037 2824 2213 2342 2695
4992 2904 2088 2368 2624
5242 2987 2255 2454 2788
5511 3185 2326 2591 2920
5287 3043 2244 2486 2801
5017 2949 2068 2419 2598
5063 2878 2185 2337 2726
5499 3174 2325 2614 2885
5345 3116 2229 2576 2769
5186 2953 2233 2378 2808
5273 3024 2249 2495 2778
5382 3038 2344 2506 2876
5441 3039 2402 2497 2944
5180 2964 2216 2471 2709
5121 2883 2238 2334 2787
4714 2680 2034 2221 2493
5082 2919 2163 2403 2679
5167 2980 2187 2438 2729
5566 3190 2376 2593 2973
5169 2999 2170 2465 2704
5435 3104 2331 2551 2884
4910 2847 2063 2325 2585
5708 3258 2450 2657 3051
5857 3317 2540 2725 3132
5592 3197 2395 2590 3002
5012 2868 2144 2379 2633
4998 2880 2118 2371 2627
5397 3123 2274 2561 2836
5376 3054 2322 2473 2903
4932 2859 2073 2336 2596
5392 3118 2274 2565 2827
5370 3128 2242 2551 2819
5166 2971 2195 2463 2703
4873 2762 2111 2270 2603
5214 3022 2192 2479 2735
5211 3033 2178 2485 2726
5180 3004 2176 2481 2699
5061 2927 2134 2411 2650
5242 3065 2177 2527 2715
4780 2677 2103 2202 2578
5322 3025 2297 2473 2849
5184 2937 2247 2437 2747
5232 2974 2258 2452 2780
5290 3123 2167 2599 2691
5001 2902 2099 2379 2622
5311 3015 2296 2487 2824
5126 2968 2158 2454 2672
5340 3088 2252 2542 2798
5124 2953 2171 2421 2703
5070 2930 2140 2413 2657
5324 3065 2259 2509 2815
5280 2930 2350 2393 2887
5598 3200 2398 2640 2958
5150 2940 2210 2400 2750
5032 2895 2137 2374 2658
5175 3003 2172 2467 2708
5219 2994 2225 2448 2771
4939 2818 2121 2306 2633
5381 3212 2169 2664 2717
5351 3053 2298 2500 2851
5395 3126 2269 2566 2829
5159 2956 2203 2410 2749
5110 2893 2217 2404 2706
5503 3138 2365 2554 2949
5551 3152 2399 2622 2929
5373 3106 2267 2554 2819
5512 3103 2409 2594 2918
5475 3147 2328 2577 2898
5154 2971 2183 2440 2714
5276 2978 2298 2457 2819
5755 3324 2431 2729 3026
5379 3157 2222 2603 2776
5245 3077 2168 2513 2732
4786 2733 2053 2259 2527
5397 3117 2280 2543 2854
5654 3319 2335 2724 2930
5132 2931 2201 2421 2711
5155 2962 2193 2468 2687
5333 3096 2237 2523 2810
5336 3040 2296 2519 2817
5416 3122 2294 2572 2844
5006 2885 2121 2366 2640
5101 2980 2121 2404 2697
5316 3000 2316 2422 2894
5331 3078 2253 2536 2795
5131 2945 2186 2494 2637
5193 2948 2245 2440 2753
5305 3036 2269 2497 2808
5642 3209 2433 2615 3027
5025 2864 2161 2350 2675
4945 2846 2099 2348 2597
5200 2920 2280 2435 2765
5339 3066 2273 2576 2763
5320 3030 2290 2498 2822
5159 2958 2201 2450 2709
4827 2717 2110 2231 2596
5726 3358 2368 2733 2993
5345 3041 2304 2476 2869
4906 2795 2111 2297 2609
4535 2656 1879 2231 2304
5057 2865 2192 2363 2694
5250 3018 2232 2504 2746
5446 3076 2370 2522 2924
4837 2843 1994 2324 2513
5086 2906 2180 2372 2714
5425 3152 2273 2598 2827
5162 2954 2208 2451 2711
5206 2948 2258 2419 2787
5063 2877 2186 2358 2705
5103 2919 2184 2415 2688
5105 2924 2181 2372 2733
5248 2938 2310 2383 2865
4922 2902 2020 2367 2555
5321 3075 2246 2547 2774
4983 2862 2121 2327 2656
5302 3065 2237 2502 2800
5042 2870 2172 2344 2698
5306 3045 2261 2493 2813
5043 2916 2127 2372 2671
5561 3203 2358 2626 2935
5242 2990 2252 2427 2815
4957 2846 2111 2315 2642
5158 2973 2185 2424 2734
4815 2807 2008 2297 2518
5112 2935 2177 2394 2718
5259 3105 2154 2528 2731
5386 3103 2283 2525 2861
4930 2875 2055 2355 2575
5235 3026 2209 2500 2735
5474 3141 2333 2594 2880
5298 3023 2275 2483 2815
5563 3170 2393 2627 2936
5098 2876 2222 2346 2752
4838 2753 2085 2295 2543
5156 2959 2197 2409 2747
5350 3111 2239 2609 2741
5015 2862 2153 2363 2652
5428 3154 2274 2578 2850
4982 2825 2157 2336 2646
5297 3063 2234 2510 2787
5419 3084 2335 2540 2879
5076 2879 2197 2366 2710
5045 2895 2150 2382 2663
5403 3064 2339 2510 2893
4956 2819 2137 2355 2601
5140 2972 2168 2444 2696
5014 2838 2176 2318 2696
5433 3156 2277 2594 2839
5129 2993 2136 2445 2684
5319 3060 2259 2524 2795
5404 3112 2292 2545 2859
5280 3034 2246 2492 2788
5600 3297 2303 2746 2854
5272 2977 2295 2457 2815
5465 3149 2316 2600 2865
4659 2640 2019 2168 2491
5002 2844 2158 2341 2661
5337 3066 2271 2500 2837
4756 2712 2044 2237 2519
5279 3006 2273 2461 2818
5045 2879 2166 2366 2679
4917 2855 2062 2355 2562
4867 2803 2064 2314 2553
5144 2909 2235 2364 2780
4885 2824 2061 2336 2549
5329 3032 2297 2504 2825
5088 2939 2149 2422 2666
5029 2878 2151 2342 2687
4994 2848 2146 2355 2639
5226 2945 2281 2419 2807
5267 3001 2266 2496 2771
5246 2966 2280 2467 2779
5162 2952 2210 2383 2779
4995 2865 2130 2355 2640
5076 2876 2200 2382 2694
4926 2870 2056 2348 2578
5277 3036 2241 2512 2765
4950 2837 2113 2325 2625
4951 2822 2129 2294 2657
5203 3011 2192 2448 2755
5567 3155 2412 2582 2985
5266 3043 2223 2500 2766
5557 3161 2396 2567 2990
5518 3149 2369 2559 2959
5307 3095 2212 2557 2750
5165 2987 2178 2435 2730
5147 2944 2203 2421 2726
5298 2987 2311 2470 2828
5089 2910 2179 2410 2679
4762 2707 2055 2199 2563
5364 3085 2279 2538 2826
4887 2754 2133 2262 2625
5358 3124 2234 2574 2784
5231 3027 2204 2499 2732
5357 3077 2280 2548 2809
5041 2863 2178 2342 2699
5247 2971 2276 2430 2817
5483 3101 2382 2541 2942
4949 2845 2104 2351 2598
5128 2971 2157 2433 2695
5310 3027 2283 2484 2826
4860 2775 2085 2299 2561
5293 2993 2300 2462 2831
4988 2833 2155 2322 2666
5261 3045 2216 2471 2790
5319 3042 2277 2505 2814
5064 2849 2215 2359 2705
4901 2782 2119 2285 2616
4975 2830 2145 2313 2662
4852 2760 2092 2258 2594
5354 3108 2246 2529 2825
5503 3166 2337 2619 2884
5281 3050 2231 2538 2743
5095 2917 2178 2397 2698
5022 2848 2174 2384 2638
5000 2820 2180 2295 2705
4836 2733 2103 2256 2580
5018 2920 2098 2420 2598
4974 2884 2090 2403 2571
5428 3148 2280 2607 2821
5007 2849 2158 2347 2660
4820 2835 1985 2345 2475
5147 2950 2197 2420 2727
5302 3044 2258 2497 2805
5277 3008 2269 2413 2864
5545 3148 2397 2630 2915
4972 2831 2141 2315 2657
5350 3082 2268 2499 2851
4886 2840 2046 2327 2559
5343 3031 2312 2490 2853
4823 2797 2026 2324 2499
5266 3010 2256 2475 2791
5139 2954 2185 2429 2710
5183 2955 2228 2397 2786
4990 2915 2075 2412 2578
5199 3014 2185 2481 2718
5214 2997 2217 2464 2750
5165 2933 2232 2403 2762
5644 3194 2450 2619 3025
5101 2928 2173 2420 2681
5876 3379 2497 2800 3076
4958 2807 2151 2316 2642
5192 2994 2198 2463 2729
4439 2546 1893 2082 2357
5146 2941 2205 2433 2713
5172 2938 2234 2422 2750
5199 2941 2258 2430 2769
5243 2992 2251 2439 2804
5056 2862 2194 2390 2666
5292 3054 2238 2548 2744
4911 2857 2054 2334 2577
5554 3181 2373 2597 2957
5148 2935 2213 2405 2743
4955 2824 2131 2352 2603
5199 2981 2218 2442 2757
5268 2970 2298 2428 2840
5039 2950 2089 2424 2615
5342 3109 2233 2616 2726
4745 2736 2009 2287 2458
4663 2705 1958 2240 2423
5088 2959 2129 2449 2639
4774 2703 2071 2233 2541
5007 2879 2128 2341 2666
5146 2932 2214 2442 2704
5129 2904 2225 2388 2741
5303 3025 2278 2484 2819
5453 3099 2354 2526 2927
5086 2909 2177 2394 2692
5176 2974 2202 2417 2759
5347 3090 2257 2552 2795
5139 2954 2185 2426 2713
5065 2942 2123 2434 2631
4848 2744 2104 2219 2629
5270 3025 2245 2530 2740
5067 2971 2096 2414 2653
5041 2900 2141 2403 2638
4860 2776 2084 2264 2596
5484 3148 2336 2601 2883
5153 3005 2148 2441 2712
5391 3144 2247 2576 2815
5303 3057 2246 2493 2810
4621 2568 2053 2100 2521
5063 2906 2157 2405 2658
5206 2999 2207 2468 2738
5788 3308 2480 2693 3095
5180 2891 2289 2394 2786
4638 2693 1945 2215 2423
4928 2832 2096 2320 2608
4999 2841 2158 2341 2658
5005 2867 2138 2330 2675
5223 2948 2275 2447 2776
5117 2961 2156 2453 2664
5068 2923 2145 2425 2643
5182 2980 2202 2431 2751
4951 2828 2123 2296 2655
5440 3148 2292 2578 2862
4822 2822 2000 2346 2476
4832 2695 2137 2200 2632
5632 3237 2395 2652 2980
5208 2996 2212 2447 2761
4971 2905 2066 2403 2568
5088 2923 2165 2397 2691
5201 2975 2226 2481 2720
5443 3201 2242 2606 2837
5529 3157 2372 2622 2907
5429 3117 2312 2539 2890
5711 3294 2417 2700 3011
5373 3080 2293 2514 2859
5349 3133 2216 2581 2768
4928 2838 2090 2324 2604
5287 2962 2325 2474 2813
5181 3003 2178 2463 2718
5262 3021 2241 2488 2774
5306 3026 2280 2507 2799
5388 3071 2317 2502 2886
5294 3073 2221 2504 2790
5186 2976 2210 2446 2740
5122 3002 2120 2473 2649
5086 3021 2065 2454 2632
4801 2801 2000 2302 2499
5058 2885 2173 2379 2679
4832 2759 2073 2243 2589
5121 2910 2211 2371 2750
4962 2858 2104 2388 2574
5040 2919 2121 2372 2668
4740 2762 1978 2253 2487
5121 2917 2204 2395 2726
5280 3031 2249 2482 2798
5001 2833 2168 2313 2688
5257 3000 2257 2464 2793
5110 2930 2180 2422 2688
5556 3220 2336 2643 2913
4997 2834 2163 2355 2642
5351 3037 2314 2498 2853
5120 2956 2164 2451 2669
5134 2924 2210 2391 2743
4884 2845 2039 2327 2557
5094 2852 2242 2337 2757
5143 2987 2156 2445 2698
4852 2817 2035 2316 2536
5321 3008 2313 2494 2827
5286 3082 2204 2579 2707
5158 2982 2176 2452 2706
5071 2938 2133 2398 2673
5297 3044 2253 2485 2812
5265 3006 2259 2446 2819
5102 2899 2203 2409 2693
4985 2853 2132 2346 2639
4985 2800 2185 2262 2723
5558 3236 2322 2657 2901
5298 2961 2337 2471 2827
5012 2888 2124 2372 2640
5381 3127 2254 2569 2812
5184 2971 2213 2425 2759
4944 2849 2095 2329 2615
5111 2946 2165 2389 2722
4921 2845 2076 2385 2536
4984 2827 2157 2312 2672
5250 3072 2178 2518 2732
5305 3002 2303 2437 2868
5387 3133 2254 2596 2791
5010 2965 2045 2403 2607
5169 2971 2198 2453 2716
5228 3008 2220 2515 2713
5155 3014 2141 2476 2679
5370 3111 2259 2585 2785
4793 2769 2024 2258 2535
4840 2723 2117 2229 2611
5042 2990 2052 2466 2576
5481 3181 2300 2598 2883
5222 3002 2220 2475 2747
4941 2819 2122 2316 2625
5135 2927 2208 2393 2742
5243 3011 2232 2488 2755
5172 2989 2183 2437 2735
5590 3199 2391 2642 2948
5435 3116 2319 2568 2867
5198 2983 2215 2472 2726
5437 3130 2307 2569 2868
5353 3065 2288 2498 2855
5204 2958 2246 2425 2779
5085 2913 2172 2404 2681
5270 3031 2239 2532 2738
5088 2974 2114 2499 2589
5271 3010 2261 2480 2791
5435 3133 2302 2579 2856
5214 2976 2238 2432 2782
5193 2984 2209 2446 2747
5584 3187 2397 2625 2959
5412 3124 2288 2573 2839
5051 2876 2175 2372 2679
5024 2889 2135 2370 2654
4994 2835 2159 2358 2636
5312 3038 2274 2507 2805
4983 2851 2132 2372 2611
5172 2970 2202 2444 2728
5208 2999 2209 2491 2717
4915 2827 2088 2319 2596
4942 2756 2186 2281 2661
5361 3043 2318 2501 2860
5236 3025 2211 2522 2714
4824 2743 2081 2220 2604
5306 3067 2239 2534 2772
5099 2905 2194 2377 2722
4946 2812 2134 2319 2627
5481 3156 2325 2566 2915
5326 3014 2312 2466 2860
5494 3133 2361 2576 2918
4944 2802 2142 2305 2639
4895 2852 2043 2335 2560
4763 2738 2025 2285 2478
5369 3162 2207 2604 2765
4704 2626 2078 2167 2537
5181 2953 2228 2456 2725
5076 2915 2161 2374 2702
5255 3087 2168 2535 2720
4985 2861 2124 2329 2656
4969 2841 2128 2331 2638
5031 2909 2122 2394 2637
4676 2637 2039 2165 2511
4819 2783 2036 2291 2528
5200 2968 2232 2422 2778
4849 2761 2088 2271 2578
5144 2939 2205 2397 2747
5353 3042 2311 2505 2848
5040 2900 2140 2406 2634
5152 2916 2236 2388 2764
5282 3073 2209 2521 2761
4757 2747 2010 2256 2501
4802 2731 2071 2247 2555
4693 2727 1966 2253 2440
5182 2980 2202 2451 2731
5268 3048 2220 2463 2805
5047 2933 2114 2382 2665
5378 3076 2302 2556 2822
5240 3014 2226 2481 2759
4979 2862 2117 2335 2644
5428 3059 2369 2525 2903
4886 2808 2078 2292 2594
4913 2916 1997 2373 2540
5074 2886 2188 2369 2705
5079 2919 2160 2345 2734
4865 2767 2098 2268 2597
5045 2939 2106 2416 2629
5078 2897 2181 2368 2710
5190 2955 2235 2454 2736
5255 2994 2261 2451 2804
5359 3104 2255 2543 2816
4935 2800 2135 2290 2645
5267 3078 2189 2505 2762
5197 2984 2213 2415 2782
5202 2933 2269 2424 2778
5012 2910 2102 2404 2608
4995 2894 2101 2394 2601
5168 2922 2246 2432 2736
5522 3123 2399 2562 2960
4969 2837 2132 2337 2632
5151 2925 2226 2380 2771
5241 3004 2237 2465 2776
4825 2791 2034 2309 2516
4994 2896 2098 2371 2623
4990 2832 2158 2339 2651
5274 3011 2263 2472 2802
4931 2757 2174 2259 2672
4935 2778 2157 2277 2658
4772 2728 2044 2242 2530
4925 2823 2102 2325 2600
4670 2748 1922 2263 2407
5153 3012 2141 2496 2657
5221 3031 2190 2493 2728
5362 3022 2340 2481 2881
5194 2987 2207 2436 2758
5000 2884 2116 2371 2629
5263 3028 2235 2502 2761
4906 2851 2055 2362 2544
5572 3157 2415 2544 3028
5172 3020 2152 2490 2682
4835 2798 2037 2328 2507
5028 2869 2159 2373 2655
5590 3214 2376 2606 2984
5029 2843 2186 2327 2702
4694 2729 1965 2277 2417
4853 2718 2135 2230 2623
4909 2806 2103 2329 2580
4947 2883 2064 2368 2579
5260 3019 2241 2500 2760
4927 2812 2115 2313 2614
5000 2842 2158 2324 2676
4949 2782 2167 2274 2675
5147 2928 2219 2432 2715
5616 3299 2317 2703 2913
5057 2891 2166 2398 2659
5120 2981 2139 2484 2636
5276 3027 2249 2460 2816
4559 2588 1971 2110 2449
5137 2998 2139 2421 2716
4981 2863 2118 2331 2650
4832 2775 2057 2278 2554
5376 3088 2288 2571 2805
4961 2899 2062 2346 2615
5271 3017 2254 2488 2783
4934 2855 2079 2326 2608
5012 2916 2096 2379 2633
4948 2833 2115 2351 2597
5126 2989 2137 2440 2686
5111 2864 2247 2346 2765
5241 2942 2299 2433 2808
4766 2724 2042 2240 2526
5120 2949 2171 2435 2685
5039 2895 2144 2418 2621
5588 3244 2344 2696 2892
5244 2965 2279 2429 2815
5887 3375 2512 2789 3098
5425 3160 2265 2645 2780
5522 3125 2397 2574 2948
5284 2977 2307 2510 2774
5171 3049 2122 2501 2670
5099 2909 2190 2397 2702
5346 3093 2253 2544 2802
5019 2803 2216 2314 2705
5809 3320 2489 2734 3075
4782 2708 2074 2250 2532
5014 2814 2200 2314 2700
5069 2940 2129 2429 2640
5157 2986 2171 2441 2716
5440 3102 2338 2555 2885
4781 2735 2046 2257 2524
4655 2675 1980 2190 2465
5328 3036 2292 2513 2815
4874 2868 2006 2370 2504
5152 2949 2203 2430 2722
5346 3075 2271 2541 2805
5338 2992 2346 2431 2907
5241 2957 2284 2424 2817
4948 2860 2088 2354 2594
5264 3001 2263 2476 2788
5453 3092 2361 2546 2907
5057 2881 2176 2375 2682
5092 2889 2203 2387 2705
5269 2958 2311 2402 2867
5270 3071 2199 2476 2794
5411 3180 2231 2653 2758
5086 2909 2177 2375 2711
5149 2963 2186 2440 2709
4745 2701 2044 2210 2535
5985 3477 2508 2845 3140
5413 3066 2347 2497 2916
5417 3084 2333 2531 2886
4972 2855 2117 2346 2626
4975 2883 2092 2358 2617
4884 2815 2069 2345 2539
5416 3165 2251 2555 2861
5027 2890 2137 2364 2663
5202 2941 2261 2420 2782
4754 2754 2000 2244 2510
5130 2997 2133 2487 2643
5334 3100 2234 2585 2749
4697 2672 2025 2201 2496
5157 2921 2236 2405 2752
5230 3020 2210 2492 2738
5090 2938 2152 2461 2629
5091 2891 2200 2384 2707
5103 2856 2247 2349 2754
5173 2995 2178 2475 2698
5657 3263 2394 2662 2995
4976 2858 2118 2342 2634
5262 2984 2278 2411 2851
5445 3058 2387 2503 2942
5031 2925 2106 2410 2621
5382 3089 2293 2590 2792
5180 2968 2212 2440 2740
5374 3078 2296 2556 2818
5233 2943 2290 2429 2804
5430 3131 2299 2547 2883
5370 3087 2283 2521 2849
5185 2906 2279 2391 2794
5078 2964 2114 2423 2655
5895 3346 2549 2770 3125
4942 2868 2074 2354 2588
5171 2993 2178 2434 2737
5055 2885 2170 2379 2676
5097 2845 2252 2349 2748
5019 2863 2156 2320 2699
4893 2780 2113 2252 2641
4784 2738 2046 2271 2513
5716 3354 2362 2758 2958
4941 2782 2159 2275 2666
5485 3125 2360 2623 2862
5122 2952 2170 2413 2709
5133 2986 2147 2429 2704
5302 3064 2238 2529 2773
5457 3134 2323 2552 2905
4868 2818 2050 2319 2549
4901 2774 2127 2272 2629
5321 3071 2250 2504 2817
5169 3009 2160 2478 2691
5400 3097 2303 2587 2813
5002 2876 2126 2358 2644
5010 2900 2110 2379 2631
5356 3022 2334 2463 2893
4868 2757 2111 2255 2613
5170 2887 2283 2411 2759
4704 2755 1949 2226 2478
5140 2931 2209 2398 2742
5384 3078 2306 2542 2842
5145 2935 2210 2438 2707
5130 2975 2155 2451 2679
5186 2996 2190 2450 2736
4748 2721 2027 2252 2496
4757 2763 1994 2280 2477
5392 3055 2337 2548 2844
4942 2895 2047 2417 2525
5160 2973 2187 2394 2766
4809 2774 2035 2292 2517
4979 2867 2112 2342 2637
5078 2919 2159 2404 2674
5103 2862 2241 2354 2749
5224 2980 2244 2455 2769
5182 2954 2228 2417 2765
5247 3024 2223 2486 2761
5227 2972 2255 2435 2792
5107 2909 2198 2397 2710
5405 3170 2235 2607 2798
5695 3273 2422 2679 3016
4995 2908 2087 2382 2613
4998 2844 2154 2346 2652
4985 2894 2091 2360 2625
5194 2923 2271 2389 2805
4855 2790 2065 2311 2544
5506 3151 2355 2619 2887
5371 3076 2295 2547 2824
5525 3212 2313 2631 2894
5236 3031 2205 2459 2777
5263 2989 2274 2458 2805
5022 2882 2140 2389 2633
5265 3002 2263 2462 2803
5084 2951 2133 2439 2645
4918 2835 2083 2327 2591
5130 2904 2226 2380 2750
5457 3123 2334 2554 2903
5106 2957 2149 2387 2719
5622 3195 2427 2624 2998
5198 2950 2248 2447 2751
5293 3035 2258 2496 2797
5141 2952 2189 2426 2715
5091 2912 2179 2356 2735
5452 3132 2320 2600 2852
5201 3050 2151 2505 2696
5312 3043 2269 2519 2793
4928 2811 2117 2319 2609
5205 3011 2194 2458 2747
4619 2613 2006 2156 2463
5591 3177 2414 2624 2967
4831 2758 2073 2236 2595
4978 2854 2124 2339 2639
4905 2807 2098 2299 2606
5114 2956 2158 2423 2691
5002 2864 2138 2324 2678
5109 2933 2176 2384 2725
5169 2983 2186 2482 2687
5119 2973 2146 2448 2671
5135 2950 2185 2469 2666
5264 3036 2228 2480 2784
5225 3047 2178 2532 2693
5150 2947 2203 2418 2732
4946 2830 2116 2333 2613
5398 3111 2287 2589 2809
5212 2980 2232 2458 2754
5235 2921 2314 2390 2845
5363 3102 2261 2535 2828
5160 2945 2215 2396 2764
5280 3135 2145 2565 2715
5291 3031 2260 2499 2792
5080 2943 2137 2444 2636
4887 2795 2092 2280 2607
5294 3009 2285 2495 2799
5509 3183 2326 2632 2877
5564 3172 2392 2560 3004
4962 2758 2204 2309 2653
5241 2946 2295 2454 2787
5267 3013 2254 2466 2801
5098 2913 2185 2383 2715
5282 3041 2241 2519 2763
5464 3233 2231 2659 2805
5047 2913 2134 2334 2713
5420 3158 2262 2546 2874
4957 2861 2096 2365 2592
5152 2977 2175 2416 2736
5188 3004 2184 2499 2689
5237 3015 2222 2473 2764
5389 3008 2381 2487 2902
5908 3347 2561 2754 3154
5171 2932 2239 2412 2759
4881 2818 2063 2333 2548
5453 3087 2366 2534 2919
5112 2917 2195 2398 2714
5059 2919 2140 2384 2675
4751 2734 2017 2262 2489
5478 3161 2317 2619 2859
4925 2784 2141 2287 2638
5159 2897 2262 2384 2775
4662 2687 1975 2234 2428
5066 2921 2145 2404 2662
4995 2863 2132 2357 2638
5392 3132 2260 2593 2799
4965 2862 2103 2353 2612
5198 2980 2218 2459 2739
5320 2974 2346 2434 2886
5095 2912 2183 2376 2719
5316 3029 2287 2496 2820
5175 2935 2240 2439 2736
5286 3075 2211 2533 2753
5089 2932 2157 2422 2667
5065 2883 2182 2351 2714
5381 3059 2322 2506 2875
5081 2927 2154 2417 2664
5412 3121 2291 2602 2810
5320 3055 2265 2490 2830
5202 2977 2225 2462 2740
5178 3004 2174 2509 2669
5121 2927 2194 2401 2720
4930 2815 2115 2342 2588
5388 3101 2287 2580 2808
5680 3252 2428 2705 2975
5425 3034 2391 2526 2899
5088 2882 2206 2336 2752
4794 2812 1982 2305 2489
5484 3135 2349 2556 2928
5093 2914 2179 2400 2693
5221 2949 2272 2441 2780
5513 3223 2290 2639 2874
5049 2913 2136 2392 2657
4815 2743 2072 2240 2575
5821 3364 2457 2775 3046
5173 3011 2162 2486 2687
4917 2817 2100 2354 2563
5373 3073 2300 2485 2888
5526 3160 2366 2627 2899
5675 3244 2431 2678 2997
5248 3007 2241 2482 2766
5466 3149 2317 2590 2876
5168 3019 2149 2476 2692
5180 2958 2222 2414 2766
5023 2842 2181 2324 2699
5231 2992 2239 2463 2768
4976 2850 2126 2366 2610
5055 2915 2140 2425 2630
5168 3001 2167 2442 2726
5309 3081 2228 2531 2778
5220 3042 2178 2538 2682
4865 2795 2070 2286 2579
5231 3019 2212 2516 2715
5111 2919 2192 2401 2710
5408 3102 2306 2549 2859
5044 2896 2148 2365 2679
5157 2959 2198 2425 2732
5717 3208 2509 2627 3090
5102 2910 2192 2413 2689
5220 2992 2228 2464 2756
5353 3094 2259 2559 2794
5120 2989 2131 2480 2640
5017 2875 2142 2314 2703
5313 3095 2218 2519 2794
5173 2961 2212 2478 2695
5291 3046 2245 2491 2800
5111 2963 2148 2421 2690
5314 3014 2300 2493 2821
5299 3054 2245 2525 2774
5589 3213 2376 2641 2948
5049 2911 2138 2370 2679
5099 2935 2164 2430 2669
5487 3082 2405 2516 2971
5073 2903 2170 2386 2687
5092 2915 2177 2374 2718
4889 2786 2103 2299 2590
5358 3120 2238 2569 2789
5161 2953 2208 2395 2766
4982 2810 2172 2298 2684
4950 2797 2153 2323 2627
5541 3163 2378 2558 2983
5330 3027 2303 2462 2868
5197 2969 2228 2458 2739
4808 2700 2108 2227 2581
5100 2963 2137 2453 2647
