5578 5226 352 324 5254
5442 5068 374 3093 2349
5595 5223 372 724 4871
5448 5128 320 734 4714
5562 5227 335 1231 4331
5466 5151 315 3139 2327
5536 5187 349 3857 1679
5408 5071 337 586 4822
5419 5063 356 3320 2099
5330 5013 317 1353 3977
5340 5013 327 232 5108
5430 5118 312 679 4751
5718 5366 352 3055 2663
5811 5426 385 3306 2505
5383 5026 357 743 4640
5519 5182 337 475 5044
5451 5124 327 2019 3432
5300 4960 340 3875 1425
5633 5292 341 2424 3209
5333 5050 283 827 4506
5221 4877 344 2163 3058
5519 5189 330 275 5244
5610 5261 349 2368 3242
5044 4703 341 952 4092
5579 5247 332 178 5401
5613 5273 340 2036 3577
5790 5427 363 1671 4119
5136 4805 331 836 4300
5131 4805 326 3388 1743
5626 5285 341 2292 3334
5698 5344 354 581 5117
5684 5326 358 1663 4021
5319 5004 315 352 4967
5425 5093 332 1269 4156
5316 4979 337 1532 3784
5799 5436 363 1086 4713
5393 5058 335 803 4590
5256 4914 342 2683 2573
4981 4654 327 4654 327
5139 4840 299 1164 3975
5323 4986 337 699 4624
5399 5072 327 988 4411
5277 4946 331 175 5102
5590 5221 369 1368 4222
5355 5018 337 3114 2241
5853 5479 374 301 5552
5252 4910 342 799 4453
5545 5222 323 1770 3775
5453 5108 345 299 5154
5520 5204 316 1470 4050
5255 4924 331 4923 332
5195 4883 312 913 4282
5207 4892 315 146 5061
5686 5344 342 2667 3019
5468 5119 349 2203 3265
5366 5025 341 554 4812
5033 4719 314 2202 2831
5456 5114 342 1126 4330
5177 4861 316 1835 3342
5285 4945 340 1665 3620
5099 4740 359 1426 3673
5120 4835 285 1261 3859
5301 4989 312 438 4863
5269 4965 304 864 4405
5135 4818 317 839 4296
4837 4529 308 827 4010
5119 4824 295 2516 2603
5166 4871 295 2513 2653
4846 4539 307 1190 3656
5491 5141 350 315 5176
5221 4883 338 931 4290
4685 4369 316 1865 2820
4924 4618 306 209 4715
5166 4856 310 442 4724
5114 4816 298 1562 3552
5493 5147 346 3120 2373
4966 4658 308 411 4555
4872 4594 278 1625 3247
5029 4723 306 502 4527
4847 4529 318 1509 3338
4809 4488 321 646 4163
4931 4658 273 3359 1572
4973 4652 321 1870 3103
5008 4697 311 745 4263
5155 4821 334 4821 334
5478 5136 342 5136 342
5222 4889 333 901 4321
4961 4641 320 863 4098
5420 5096 324 512 4908
5381 5040 341 1010 4371
5076 4777 299 2111 2965
5177 4829 348 3975 1202
5075 4771 304 2266 2809
5253 4929 324 1229 4024
5151 4815 336 567 4584
5015 4690 325 4688 327
5041 4736 305 730 4311
5185 4848 337 2421 2764
4951 4652 299 305 4646
5324 4998 326 391 4933
4974 4664 310 1188 3786
4925 4620 305 482 4443
4876 4578 298 4578 298
5090 4768 322 392 4698
5633 5277 356 777 4856
4856 4547 309 4122 734
5134 4822 312 432 4702
4780 4469 311 3154 1626
5161 4851 310 1636 3525
4994 4683 311 355 4639
5369 5036 333 1463 3906
5113 4785 328 1529 3584
5288 4950 338 3502 1786
5018 4703 315 235 4783
5518 5175 343 802 4716
5431 5090 341 2081 3350
5081 4772 309 843 4238
5376 5048 328 518 4858
4724 4445 279 566 4158
5071 4760 311 1251 3820
4931 4634 297 1024 3907
4915 4617 298 2011 2904
4899 4614 285 2484 2415
5107 4816 291 1910 3197
4982 4664 318 1638 3344
4767 4486 281 1362 3405
5056 4759 297 749 4307
5229 4920 309 3289 1940
5449 5102 347 1060 4389
5343 5025 318 636 4707
5158 4826 332 2609 2549
5612 5270 342 1432 4180
5231 4867 364 1501 3730
5079 4755 324 1447 3632
5324 4965 359 588 4736
5066 4786 280 1054 4012
4980 4680 300 4036 944
5241 4929 312 1190 4051
5271 4948 323 864 4407
5209 4899 310 328 4881
5046 4725 321 944 4102
4935 4637 298 1064 3871
5208 4868 340 987 4221
5020 4692 328 811 4209
4963 4619 344 312 4651
5449 5123 326 1123 4326
5082 4752 330 2837 2245
5101 4775 326 1273 3828
5368 5046 322 5043 325
5398 5053 345 2606 2792
5538 5184 354 1177 4361
5630 5252 378 2705 2925
5580 5244 336 1579 4001
4948 4610 338 315 4633
5483 5143 340 2916 2567
5393 5047 346 3419 1974
5562 5191 371 2079 3483
5819 5459 360 2810 3009
5704 5328 376 1205 4499
5538 5184 354 374 5164
5517 5162 355 774 4743
5667 5306 361 1582 4085
5529 5159 370 2513 3016
5479 5160 319 2024 3455
5807 5472 335 332 5475
4794 4505 289 1866 2928
5452 5108 344 5108 344
5353 5022 331 3900 1453
5531 5206 325 541 4990
4828 4515 313 1635 3193
5733 5377 356 5376 357
5652 5303 349 1762 3890
5836 5466 370 747 5089
5237 4900 337 434 4803
5111 4785 326 4785 326
5785 5418 367 1291 4494
5384 5074 310 2096 3288
5484 5142 342 457 5027
5414 5094 320 574 4840
5722 5372 350 548 5174
5795 5410 385 551 5244
4666 4394 272 1577 3089
5504 5157 347 462 5042
5533 5175 358 1909 3624
5123 4788 335 3101 2022
5336 5024 312 563 4773
5145 4843 302 1222 3923
5517 5152 365 3141 2376
5064 4731 333 1718 3346
4959 4660 299 1562 3397
5855 5503 352 5501 354
5335 5001 334 1697 3638
5415 5097 318 5093 322
4940 4642 298 125 4815
5043 4730 313 434 4609
5103 4782 321 895 4208
5167 4860 307 660 4507
5366 5045 321 678 4688
5005 4693 312 1448 3557
5349 5020 329 960 4389
5891 5504 387 699 5192
5123 4795 328 788 4335
5630 5292 338 1785 3845
5565 5224 341 2577 2988
5616 5267 349 3483 2133
5154 4861 293 1056 4098
5389 5068 321 1582 3807
5562 5252 310 947 4615
4829 4542 287 1663 3166
5005 4657 348 782 4223
5022 4695 327 3669 1353
5496 5131 365 644 4852
5633 5298 335 3213 2420
5403 5080 323 799 4604
5295 4962 333 509 4786
5367 5026 341 903 4464
5037 4721 316 1403 3634
4992 4661 331 400 4592
5242 4901 341 453 4789
5511 5193 318 536 4975
5287 4962 325 3341 1946
5017 4708 309 425 4592
5063 4757 306 421 4642
5499 5142 357 516 4983
5345 5006 339 947 4398
5186 4871 315 1225 3961
5273 4973 300 1776 3497
5382 5027 355 247 5135
5441 5110 331 250 5191
5180 4866 314 407 4773
5121 4779 342 1556 3565
4714 4395 319 771 3943
5082 4767 315 337 4745
5167 4842 325 1886 3281
5566 5239 327 258 5308
5169 4870 299 3307 1862
5435 5091 344 1633 3802
4910 4609 301 1166 3744
5708 5368 340 490 5218
5857 5527 330 2224 3633
5592 5215 377 1301 4291
5012 4712 300 1670 3342
4998 4651 347 532 4466
5397 5045 352 961 4436
5376 5054 322 486 4890
4932 4649 283 2749 2183
5392 5069 323 613 4779
5370 5038 332 1224 4146
5166 4813 353 1213 3953
4873 4573 300 3648 1225
5214 4890 324 600 4614
5211 4900 311 1397 3814
5180 4856 324 1674 3506
5061 4778 283 2820 2241
5242 4907 335 1011 4231
4780 4490 290 487 4293
5322 4997 325 1380 3942
5184 4876 308 519 4665
5232 4866 366 479 4753
5290 4962 328 4182 1108
5001 4656 345 173 4828
5311 5013 298 444 4867
5126 4800 326 978 4148
5340 4990 350 933 4407
5124 4815 309 371 4753
5070 4783 287 807 4263
5324 5003 321 401 4923
5280 4968 312 1624 3656
5598 5229 369 578 5020
5150 4842 308 1581 3569
5032 4703 329 253 4779
5175 4889 286 1188 3987
5219 4885 334 858 4361
4939 4603 336 432 4507
5381 5066 315 5066 315
5351 5020 331 286 5065
5395 5106 289 2898 2497
5159 4830 329 3244 1915
5110 4782 328 298 4812
5503 5147 356 491 5012
5551 5227 324 1371 4180
5373 5057 316 1562 3811
5512 5191 321 1720 3792
5475 5182 293 1086 4389
5154 4837 317 2341 2813
5276 4948 328 607 4669
5755 5346 409 2025 3730
5379 5051 328 1302 4077
5245 4907 338 467 4778
4786 4472 314 2127 2659
5397 5071 326 1581 3816
5654 5286 368 4467 1187
5132 4837 295 2112 3020
5155 4828 327 1096 4059
5333 5008 325 665 4668
5336 5019 317 2002 3334
5416 5050 366 1085 4331
5006 4667 339 630 4376
5101 4800 301 2163 2938
5316 4963 353 1869 3447
5331 4990 341 3288 2043
5131 4806 325 1644 3487
5193 4845 348 4843 350
5305 4979 326 1198 4107
5642 5278 364 3960 1682
5025 4680 345 2201 2824
4945 4610 335 743 4202
5200 4876 324 1997 3203
5339 5017 322 909 4430
5320 4965 355 852 4468
5159 4851 308 1654 3505
4827 4547 280 2575 2252
5726 5352 374 1002 4724
5345 4994 351 1401 3944
4906 4605 301 4604 302
4535 4249 286 335 4200
5057 4746 311 1427 3630
5250 4920 330 390 4860
5446 5105 341 1856 3590
4837 4505 332 4504 333
5086 4742 344 1194 3892
5425 5107 318 4921 504
5162 4816 346 4815 347
5206 4867 339 2066 3140
5063 4761 302 1182 3881
5103 4773 330 719 4384
5105 4800 305 250 4855
5248 4957 291 921 4327
4922 4603 319 1614 3308
5321 5021 300 243 5078
4983 4664 319 3316 1667
5302 4988 314 4987 315
5042 4741 301 1434 3608
5306 4966 340 4028 1278
5043 4718 325 327 4716
5561 5219 342 3074 2487
5242 4899 343 1552 3690
4957 4636 321 783 4174
5158 4848 310 784 4374
4815 4504 311 406 4409
5112 4783 329 601 4511
5259 4977 282 4975 284
5386 5049 337 1548 3838
4930 4625 305 1527 3403
5235 4927 308 2100 3135
5474 5142 332 968 4506
5298 4975 323 461 4837
5563 5183 380 394 5169
5098 4782 316 4781 317
4838 4541 297 2867 1971
5156 4818 338 3207 1949
5350 5036 314 886 4464
5015 4682 333 807 4208
5428 5098 330 799 4629
4982 4654 328 1567 3415
5297 4975 322 1679 3618
5419 5067 352 2589 2830
5076 4768 308 343 4733
5045 4720 325 428 4617
5403 5044 359 267 5136
4956 4621 335 199 4757
5140 4820 320 4559 581
5014 4719 295 4717 297
5433 5091 342 825 4608
5129 4801 328 943 4186
5319 5011 308 5010 309
5404 5054 350 2000 3404
5280 4923 357 2477 2803
5600 5273 327 4715 885
5272 4956 316 1101 4171
5465 5126 339 2160 3305
4659 4356 303 1358 3301
5002 4711 291 779 4223
5337 5000 337 2154 3183
4756 4451 305 2104 2652
5279 4944 335 3291 1988
5045 4734 311 1814 3231
4917 4601 316 803 4114
4867 4565 302 4078 789
5144 4814 330 4813 331
4885 4577 308 1115 3770
5329 4987 342 4986 343
5088 4781 307 1005 4083
5029 4726 303 646 4383
4994 4681 313 1700 3294
5226 4936 290 971 4255
5267 4966 301 346 4921
5246 4927 319 1439 3807
5162 4848 314 3004 2158
4995 4679 316 389 4606
5076 4765 311 618 4458
4926 4616 310 1132 3794
5277 4954 323 1461 3816
4950 4658 292 618 4332
4951 4650 301 2092 2859
5203 4904 299 1190 4013
5567 5223 344 293 5274
5266 4948 318 694 4572
5557 5213 344 1730 3827
5518 5204 314 5204 314
5307 4933 374 1053 4254
5165 4832 333 4832 333
5147 4803 344 972 4175
5298 4982 316 599 4699
5089 4772 317 1021 4068
4762 4482 280 794 3968
5364 5065 299 2058 3306
4887 4585 302 652 4235
5358 5029 329 663 4695
5231 4895 336 245 4986
5357 5001 356 766 4591
5041 4715 326 4715 326
5247 4927 320 2894 2353
5483 5145 338 1215 4268
4949 4666 283 511 4438
5128 4796 332 511 4617
5310 4990 320 980 4330
4860 4561 299 1409 3451
5293 4950 343 4668 625
4988 4679 309 2832 2156
5261 4937 324 586 4675
5319 4980 339 447 4872
5064 4732 332 3080 1984
4901 4591 310 1528 3373
4975 4668 307 4665 310
4852 4545 307 421 4431
5354 4999 355 2911 2443
5503 5117 386 386 5117
5281 4971 310 678 4603
5095 4771 324 257 4838
5022 4714 308 526 4496
5000 4719 281 672 4328
4836 4528 308 4332 504
5018 4704 314 4704 314
4974 4675 299 4178 796
5428 5096 332 832 4596
5007 4637 370 190 4817
4820 4496 324 462 4358
5147 4829 318 1529 3618
5302 4965 337 1512 3790
5277 4952 325 4107 1170
5545 5220 325 446 5099
4972 4671 301 999 3973
5350 5009 341 877 4473
4886 4572 314 1174 3712
5343 4973 370 4972 371
4823 4495 328 122 4701
5266 4926 340 1295 3971
5139 4809 330 356 4783
5183 4863 320 1191 3992
4990 4673 317 2153 2837
5199 4876 323 2563 2636
5214 4887 327 1099 4115
5165 4840 325 3114 2051
5644 5305 339 3266 2378
5101 4796 305 1196 3905
5876 5517 359 99 5777
4958 4636 322 3391 1567
5192 4872 320 193 4999
4439 4171 268 2401 2038
5146 4839 307 2011 3135
5172 4837 335 3023 2149
5199 4880 319 464 4735
5243 4891 352 1974 3269
5056 4719 337 386 4670
5292 4967 325 2231 3061
4911 4614 297 762 4149
5554 5184 370 2311 3243
5148 4826 322 472 4676
4955 4648 307 499 4456
5199 4891 308 4889 310
5268 4932 336 1922 3346
5039 4718 321 1530 3509
5342 5019 323 1029 4313
4745 4463 282 885 3860
4663 4365 298 1436 3227
5088 4804 284 657 4431
4774 4482 292 2257 2517
5007 4721 286 542 4465
5146 4794 352 2486 2660
5129 4821 308 1957 3172
5303 4982 321 1316 3987
5453 5108 345 5105 348
5086 4773 313 855 4231
5176 4861 315 948 4228
5347 5029 318 2365 2982
5139 4814 325 1781 3358
5065 4744 321 827 4238
4848 4531 317 367 4481
5270 4940 330 919 4351
5067 4723 344 1271 3796
5041 4698 343 565 4476
4860 4583 277 3471 1389
5484 5125 359 2281 3203
5153 4818 335 568 4585
5391 5071 320 997 4394
5303 4966 337 1137 4166
4621 4328 293 3193 1428
5063 4733 330 2416 2647
5206 4880 326 1501 3705
5788 5421 367 1453 4335
5180 4871 309 4870 310
4638 4353 285 347 4291
4928 4596 332 3606 1322
4999 4697 302 1683 3316
5005 4678 327 955 4050
5223 4924 299 885 4338
5117 4791 326 2205 2912
5068 4739 329 4739 329
5182 4876 306 135 5047
4951 4640 311 219 4732
5440 5122 318 524 4916
4822 4537 285 373 4449
4832 4540 292 4540 292
5632 5262 370 1975 3657
5208 4900 308 412 4796
4971 4672 299 295 4676
5088 4758 330 4265 823
5201 4915 286 1215 3986
5443 5131 312 3874 1569
5529 5198 331 4287 1242
5429 5095 334 4582 847
5711 5353 358 939 4772
5373 5060 313 2324 3049
5349 5011 338 567 4782
4928 4623 305 273 4655
5287 4982 305 3819 1468
5181 4874 307 1351 3830
5262 4925 337 565 4697
5306 4972 334 2478 2828
5388 5084 304 2371 3017
5294 4951 343 1467 3827
5186 4840 346 114 5072
5122 4814 308 301 4821
5086 4731 355 1027 4059
4801 4532 269 830 3971
5058 4734 324 2136 2922
4832 4510 322 2189 2643
5121 4775 346 593 4528
4962 4668 294 1466 3496
5040 4745 295 317 4723
4740 4449 291 1758 2982
5121 4840 281 628 4493
5280 4956 324 4955 325
5001 4692 309 589 4412
5257 4906 351 1697 3560
5110 4798 312 717 4393
5556 5206 350 2507 3049
4997 4715 282 1407 3590
5351 5007 344 1262 4089
5120 4773 347 242 4878
5134 4822 312 1542 3592
4884 4562 322 917 3967
5094 4790 304 186 4908
5143 4808 335 306 4837
4852 4572 280 255 4597
5321 4989 332 1529 3792
5286 4946 340 1704 3582
5158 4831 327 4406 752
5071 4765 306 693 4378
5297 4988 309 701 4596
5265 4934 331 272 4993
5102 4770 332 2077 3025
4985 4695 290 2774 2211
4985 4690 295 3845 1140
5558 5197 361 985 4573
5298 4982 316 1457 3841
5012 4685 327 2411 2601
5381 5057 324 1445 3936
5184 4866 318 4863 321
4944 4609 335 1512 3432
5111 4786 325 351 4760
4921 4606 315 245 4676
4984 4661 323 881 4103
5250 4912 338 2226 3024
5305 4987 318 1687 3618
5387 5051 336 1398 3989
5010 4713 297 836 4174
5169 4857 312 1864 3305
5228 4909 319 390 4838
5155 4825 330 2126 3029
5370 5004 366 3475 1895
4793 4470 323 713 4080
4840 4544 296 2267 2573
5042 4721 321 1669 3373
5481 5153 328 1485 3996
5222 4893 329 4893 329
4941 4640 301 1790 3151
5135 4810 325 533 4602
5243 4889 354 325 4918
5172 4841 331 935 4237
5590 5246 344 1588 4002
5435 5068 367 1817 3618
5198 4887 311 1632 3566
5437 5109 328 375 5062
5353 5004 349 293 5060
5204 4897 307 2764 2440
5085 4800 285 400 4685
5270 4954 316 1099 4171
5088 4754 334 2216 2872
5271 4959 312 629 4642
5435 5069 366 2641 2794
5214 4882 332 2681 2533
5193 4876 317 774 4419
5584 5237 347 690 4894
5412 5076 336 2287 3125
5051 4744 307 639 4412
5024 4734 290 792 4232
4994 4683 311 1826 3168
5312 4978 334 536 4776
4983 4693 290 4278 705
5172 4821 351 1790 3382
5208 4869 339 854 4354
4915 4620 295 4619 296
4942 4616 326 3298 1644
5361 5020 341 460 4901
5236 4882 354 1776 3460
4824 4516 308 2702 2122
5306 4970 336 1271 4035
5099 4783 316 3866 1233
4946 4615 331 584 4362
5481 5150 331 777 4704
5326 4991 335 1119 4207
5494 5162 332 295 5199
4944 4645 299 734 4210
4895 4609 286 817 4078
4763 4448 315 753 4010
5369 5026 343 1160 4209
4704 4407 297 3092 1612
5181 4838 343 2777 2404
5076 4786 290 1584 3492
5255 4922 333 1578 3677
4985 4694 291 2403 2582
4969 4643 326 346 4623
5031 4737 294 675 4356
4676 4360 316 2484 2192
4819 4506 313 1254 3565
5200 4871 329 652 4548
4849 4548 301 2057 2792
5144 4797 347 3269 1875
5353 4989 364 272 5081
5040 4736 304 735 4305
5152 4808 344 434 4718
5282 4948 334 1004 4278
4757 4457 300 623 4134
4802 4502 300 3018 1784
4693 4414 279 1165 3528
5182 4845 337 673 4509
5268 4930 338 1905 3363
5047 4708 339 3314 1733
5378 5047 331 1776 3602
5240 4943 297 2022 3218
4979 4664 315 3949 1030
5428 5068 360 530 4898
4886 4558 328 4557 329
4913 4594 319 1349 3564
5074 4766 308 785 4289
5079 4781 298 1273 3806
4865 4577 288 837 4028
5045 4728 317 960 4085
5078 4739 339 1916 3162
5190 4871 319 2649 2541
5255 4958 297 4725 530
5359 5018 341 3058 2301
4935 4628 307 1943 2992
5267 4937 330 894 4373
5197 4841 356 1292 3905
5202 4873 329 406 4796
5012 4717 295 572 4440
4995 4701 294 4700 295
5168 4857 311 388 4780
5522 5195 327 364 5158
4969 4650 319 1909 3060
5151 4857 294 2212 2939
5241 4905 336 4904 337
4825 4517 308 1029 3796
4994 4683 311 345 4649
4990 4680 310 3265 1725
5274 4933 341 613 4661
4931 4628 303 3276 1655
4935 4660 275 1044 3891
4772 4472 300 3240 1532
4925 4611 314 1218 3707
4670 4361 309 418 4252
5153 4820 333 2061 3092
5221 4908 313 247 4974
5362 5018 344 391 4971
5194 4859 335 2080 3114
5000 4707 293 485 4515
5263 4928 335 2178 3085
4906 4580 326 295 4611
5572 5234 338 5233 339
5172 4893 279 439 4733
4835 4510 325 2587 2248
5028 4723 305 1894 3134
5590 5226 364 3696 1894
5029 4689 340 410 4619
4694 4406 288 1558 3136
4853 4532 321 1138 3715
4909 4608 301 1680 3229
4947 4640 307 989 3958
5260 4942 318 2260 3000
4927 4601 326 4339 588
5000 4678 322 1243 3757
4949 4645 304 531 4418
5147 4823 324 686 4461
5616 5262 354 782 4834
5057 4722 335 677 4380
5120 4770 350 774 4346
5276 4954 322 1393 3883
4559 4304 255 2640 1919
5137 4827 310 4100 1037
4981 4681 300 1864 3117
4832 4555 277 4555 277
5376 5016 360 842 4534
4961 4648 313 1667 3294
5271 4945 326 607 4664
4934 4645 289 1758 3176
5012 4689 323 417 4595
4948 4629 319 332 4616
5126 4805 321 1178 3948
5111 4794 317 1312 3799
5241 4910 331 1161 4080
4766 4483 283 526 4240
5120 4812 308 1757 3363
5039 4721 318 4721 318
5588 5249 339 5246 342
5244 4903 341 830 4414
5887 5531 356 2106 3781
5425 5086 339 499 4926
5522 5154 368 1756 3766
5284 4969 315 751 4533
5171 4864 307 1559 3612
5099 4770 329 4769 330
5346 5040 306 596 4750
5019 4715 304 2028 2991
5809 5469 340 4299 1510
4782 4502 280 379 4403
5014 4671 343 4145 869
5069 4763 306 1227 3842
5157 4838 319 360 4797
5440 5081 359 2350 3090
4781 4494 287 2205 2576
4655 4357 298 729 3926
5328 4998 330 372 4956
4874 4549 325 3842 1032
5152 4845 307 3670 1482
5346 4994 352 1865 3481
5338 5020 318 1482 3856
5241 4904 337 1702 3539
4948 4611 337 4598 350
5264 4931 333 1792 3472
5453 5121 332 676 4777
5057 4758 299 2255 2802
5092 4741 351 2161 2931
5269 4941 328 454 4815
5270 4959 311 172 5098
5411 5067 344 263 5148
5086 4754 332 861 4225
5149 4831 318 1957 3192
4745 4452 293 1777 2968
5985 5583 402 919 5066
5413 5048 365 5047 366
5417 5092 325 2008 3409
4972 4671 301 1546 3426
4975 4682 293 139 4836
4884 4617 267 303 4581
5416 5066 350 3913 1503
5027 4715 312 881 4146
5202 4881 321 2456 2746
4754 4472 282 2958 1796
5130 4796 334 1629 3501
5334 5010 324 592 4742
4697 4414 283 3107 1590
5157 4824 333 1138 4019
5230 4905 325 170 5060
5090 4761 329 1764 3326
5091 4788 303 1805 3286
5103 4783 320 896 4207
5173 4841 332 1604 3569
5657 5289 368 1881 3776
4976 4663 313 2152 2824
5262 4951 311 2969 2293
5445 5109 336 1134 4311
5031 4711 320 4711 320
5382 5062 320 289 5093
5180 4853 327 1700 3480
5374 5037 337 423 4951
5233 4891 342 566 4667
5430 5098 332 769 4661
5370 5059 311 418 4952
5185 4860 325 4859 326
5078 4746 332 1215 3863
5895 5512 383 2551 3344
4942 4640 302 1162 3780
5171 4873 298 1443 3728
5055 4749 306 1683 3372
5097 4774 323 2177 2920
5019 4693 326 1542 3477
4893 4589 304 357 4536
4784 4493 291 506 4278
5716 5372 344 2068 3648
4941 4645 296 2232 2709
5485 5141 344 2783 2702
5122 4795 327 602 4520
5133 4804 329 1823 3310
5302 4965 337 2997 2305
5457 5106 351 762 4695
4868 4578 290 522 4346
4901 4610 291 4609 292
5321 5003 318 890 4431
5169 4855 314 2433 2736
5400 5082 318 942 4458
5002 4700 302 874 4128
5010 4717 293 1753 3257
5356 5008 348 3524 1832
4868 4567 301 995 3873
5170 4869 301 1829 3341
4704 4450 254 1029 3675
5140 4794 346 1202 3938
5384 5073 311 476 4908
5145 4798 347 676 4469
5130 4789 341 282 4848
5186 4868 318 2980 2206
4748 4456 292 1187 3561
4757 4434 323 608 4149
5392 5057 335 217 5175
4942 4621 321 1590 3352
5160 4831 329 1761 3399
4809 4537 272 539 4270
4979 4687 292 4684 295
5078 4747 331 1767 3311
5103 4797 306 1253 3850
5224 4908 316 2589 2635
5182 4865 317 421 4761
5247 4947 300 4032 1215
5227 4905 322 575 4652
5107 4795 312 2016 3091
5405 5070 335 426 4979
5695 5324 371 237 5458
4995 4678 317 929 4066
4998 4683 315 2160 2838
4985 4678 307 2688 2297
5194 4901 293 255 4939
4855 4568 287 449 4406
5506 5183 323 1216 4290
5371 5040 331 2170 3201
5525 5196 329 5175 350
5236 4904 332 813 4423
5263 4910 353 855 4408
5022 4717 305 1777 3245
5265 4947 318 2239 3026
5084 4762 322 995 4089
4918 4602 316 801 4117
5130 4815 315 416 4714
5457 5120 337 424 5033
5106 4779 327 1045 4061
5622 5262 360 836 4786
5198 4863 335 395 4803
5293 4980 313 475 4818
5141 4848 293 1391 3750
5091 4784 307 1627 3464
5452 5131 321 240 5212
5201 4850 351 339 4862
5312 5021 291 1569 3743
4928 4621 307 1025 3903
5205 4867 338 4867 338
4619 4328 291 3357 1262
5591 5258 333 1275 4316
4831 4554 277 2291 2540
4978 4695 283 368 4610
4905 4592 313 3470 1435
5114 4796 318 2627 2487
5002 4678 324 669 4333
5109 4783 326 1358 3751
5169 4855 314 1963 3206
5119 4787 332 4495 624
5135 4834 301 202 4933
5264 4923 341 1059 4205
5225 4897 328 255 4970
5150 4826 324 1633 3517
4946 4623 323 579 4367
5398 5045 353 1124 4274
5212 4897 315 1436 3776
5235 4921 314 1318 3917
5363 5025 338 4722 641
5160 4835 325 593 4567
5280 4988 292 571 4709
5291 4965 326 3431 1860
5080 4760 320 899 4181
4887 4591 296 1633 3254
5294 4960 334 2754 2540
5509 5183 326 319 5190
5564 5217 347 292 5272
4962 4642 320 2496 2466
5241 4948 293 1031 4210
5267 4940 327 357 4910
5098 4795 303 758 4340
5282 4966 316 222 5060
5464 5101 363 479 4985
5047 4739 308 4098 949
5420 5109 311 595 4825
4957 4651 306 907 4050
5152 4831 321 1054 4098
5188 4852 336 808 4380
5237 4914 323 3847 1390
5389 5037 352 1444 3945
5908 5544 364 675 5233
5171 4851 320 1634 3537
4881 4606 275 1354 3527
5453 5126 327 3886 1567
5112 4776 336 3162 1950
5059 4736 323 1020 4039
4751 4450 301 4149 602
5478 5128 350 545 4933
4925 4608 317 1811 3114
5159 4833 326 1209 3950
4662 4360 302 323 4339
5066 4746 320 719 4347
4995 4677 318 1348 3647
5392 5051 341 3648 1744
4965 4663 302 2185 2780
5198 4888 310 1503 3695
5320 5017 303 1334 3986
5095 4776 319 508 4587
5316 5001 315 1470 3846
5175 4843 332 4842 333
5286 4915 371 2494 2792
5089 4764 325 696 4393
5065 4756 309 671 4394
5381 5046 335 1500 3881
5081 4752 329 1504 3577
5412 5072 340 2601 2811
5320 4997 323 509 4811
5202 4883 319 699 4503
5178 4850 328 835 4343
5121 4789 332 626 4495
4930 4635 295 589 4341
5388 5073 315 1731 3657
5680 5327 353 396 5284
5425 5100 325 2051 3374
5088 4793 295 177 4911
4794 4470 324 582 4212
5484 5137 347 1708 3776
5093 4755 338 2553 2540
5221 4903 318 4902 319
5513 5166 347 4560 953
5049 4732 317 667 4382
4815 4490 325 3433 1382
5821 5458 363 655 5166
5173 4857 316 859 4314
4917 4592 325 2214 2703
5373 5005 368 812 4561
5526 5205 321 353 5173
5675 5323 352 2748 2927
5248 4916 332 839 4409
5466 5131 335 4854 612
5168 4834 334 1905 3263
5180 4848 332 4847 333
5023 4740 283 1010 4013
5231 4915 316 4915 316
4976 4673 303 234 4742
5055 4730 325 218 4837
5168 4887 281 4885 283
5309 4961 348 816 4493
5220 4878 342 3063 2157
4865 4551 314 166 4699
5231 4912 319 1504 3727
5111 4782 329 818 4293
5408 5077 331 803 4605
5044 4723 321 2173 2871
5157 4816 341 2241 2916
5717 5360 357 5357 360
5102 4788 314 1609 3493
5220 4904 316 1186 4034
5353 5046 307 595 4758
5120 4806 314 222 4898
5017 4715 302 3374 1643
5313 4956 357 737 4576
5173 4846 327 842 4331
5291 4987 304 318 4973
5111 4785 326 2364 2747
5314 5004 310 991 4323
5299 4966 333 691 4608
5589 5232 357 1751 3838
5049 4731 318 1040 4009
5099 4781 318 989 4110
5487 5138 349 2241 3246
5073 4742 331 832 4241
5092 4779 313 559 4533
4889 4574 315 3648 1241
5358 5054 304 2589 2769
5161 4856 305 4855 306
4982 4644 338 916 4066
4950 4646 304 814 4136
5541 5210 331 336 5205
5330 4982 348 1479 3851
5197 4889 308 1928 3269
4808 4508 300 511 4297
5100 4782 318 239 4861
