5578 5482 96 5482 96
5442 5355 87 5354 88
5595 5504 91 5503 92
5448 5352 96 5352 96
5562 5473 89 5473 89
5466 5383 83 5383 83
5536 5438 98 5437 99
5408 5321 87 5321 87
5419 5338 81 5336 83
5330 5243 87 5243 87
5340 5259 81 5258 82
5430 5339 91 5339 91
5718 5603 115 5602 116
5811 5704 107 5703 108
5383 5281 102 5279 104
5519 5419 100 5419 100
5451 5360 91 5360 91
5300 5216 84 5216 84
5633 5535 98 5534 99
5333 5246 87 5246 87
5221 5125 96 5123 98
5519 5424 95 5424 95
5610 5508 102 5508 102
5044 4959 85 4959 85
5579 5485 94 5484 95
5613 5505 108 5505 108
5790 5695 95 5694 96
5136 5059 77 5058 78
5131 5029 102 5029 102
5626 5509 117 5509 117
5698 5588 110 5587 111
5684 5576 108 5574 110
5319 5242 77 5242 77
5425 5341 84 5340 85
5316 5225 91 5222 94
5799 5691 108 5690 109
5393 5306 87 5304 89
5256 5164 92 5163 93
4981 4877 104 4875 106
5139 5059 80 5059 80
5323 5227 96 5226 97
5399 5323 76 5322 77
5277 5188 89 5188 89
5590 5474 116 5474 116
5355 5294 61 5293 62
5853 5753 100 5753 100
5252 5152 100 5151 101
5545 5437 108 5436 109
5453 5362 91 5361 92
5520 5426 94 5426 94
5255 5149 106 5149 106
5195 5093 102 5093 102
5207 5119 88 5118 89
5686 5601 85 5600 86
5468 5360 108 5358 110
5366 5282 84 5281 85
5033 4949 84 4949 84
5456 5360 96 5360 96
5177 5074 103 5074 103
5285 5205 80 5203 82
5099 5012 87 5008 91
5120 5021 99 5020 100
5301 5210 91 5210 91
5269 5170 99 5169 100
5135 5054 81 5053 82
4837 4745 92 4745 92
5119 5033 86 5033 86
5166 5062 104 5062 104
4846 4767 79 4767 79
5491 5381 110 5379 112
5221 5103 118 5103 118
4685 4602 83 4602 83
4924 4843 81 4841 83
5166 5061 105 5060 106
5114 5036 78 5036 78
5493 5389 104 5389 104
4966 4885 81 4885 81
4872 4788 84 4788 84
5029 4934 95 4933 96
4847 4752 95 4751 96
4809 4740 69 4739 70
4931 4855 76 4855 76
4973 4862 111 4862 111
5008 4923 85 4923 85
5155 5067 88 5066 89
5478 5374 104 5374 104
5222 5137 85 5137 85
4961 4884 77 4883 78
5420 5314 106 5314 106
5381 5281 100 5281 100
5076 4992 84 4992 84
5177 5100 77 5100 77
5075 4993 82 4993 82
5253 5166 87 5166 87
5151 5061 90 5061 90
5015 4913 102 4911 104
5041 4955 86 4955 86
5185 5101 84 5101 84
4951 4856 95 4856 95
5324 5221 103 5221 103
4974 4888 86 4888 86
4925 4832 93 4831 94
4876 4799 77 4798 78
5090 5016 74 5015 75
5633 5527 106 5527 106
4856 4760 96 4760 96
5134 5039 95 5038 96
4780 4710 70 4708 72
5161 5067 94 5067 94
4994 4905 89 4905 89
5369 5269 100 5269 100
5113 5027 86 5027 86
5288 5194 94 5194 94
5018 4939 79 4939 79
5518 5419 99 5419 99
5431 5323 108 5323 108
5081 4974 107 4974 107
5376 5290 86 5290 86
4724 4646 78 4646 78
5071 4996 75 4994 77
4931 4835 96 4834 97
4915 4831 84 4830 85
4899 4788 111 4787 112
5107 5018 89 5016 91
4982 4909 73 4909 73
4767 4684 83 4683 84
5056 4963 93 4962 94
5229 5138 91 5138 91
5449 5347 102 5345 104
5343 5242 101 5242 101
5158 5065 93 5064 94
5612 5497 115 5493 119
5231 5137 94 5137 94
5079 4992 87 4992 87
5324 5232 92 5232 92
5066 4974 92 4971 95
4980 4896 84 4896 84
5241 5138 103 5137 104
5271 5180 91 5179 92
5209 5123 86 5122 87
5046 4958 88 4958 88
4935 4852 83 4852 83
5208 5131 77 5130 78
5020 4934 86 4934 86
4963 4878 85 4877 86
5449 5355 94 5355 94
5082 4996 86 4996 86
5101 5026 75 5026 75
5368 5286 82 5285 83
5398 5308 90 5306 92
5538 5449 89 5448 90
5630 5541 89 5541 89
5580 5482 98 5482 98
4948 4850 98 4850 98
5483 5384 99 5384 99
5393 5297 96 5297 96
5562 5471 91 5471 91
5819 5710 109 5708 111
5704 5578 126 5578 126
5538 5457 81 5456 82
5517 5391 126 5390 127
5667 5566 101 5566 101
5529 5436 93 5436 93
5479 5393 86 5393 86
5807 5712 95 5711 96
4794 4722 72 4721 73
5452 5355 97 5354 98
5353 5264 89 5264 89
5531 5435 96 5435 96
4828 4745 83 4745 83
5733 5626 107 5626 107
5652 5565 87 5565 87
5836 5732 104 5731 105
5237 5156 81 5155 82
5111 5028 83 5028 83
5785 5683 102 5682 103
5384 5294 90 5293 91
5484 5388 96 5388 96
5414 5323 91 5322 92
5722 5621 101 5621 101
5795 5700 95 5700 95
4666 4581 85 4581 85
5504 5418 86 5418 86
5533 5439 94 5439 94
5123 5014 109 5014 109
5336 5249 87 5249 87
5145 5057 88 5055 90
5517 5418 99 5418 99
5064 4973 91 4972 92
4959 4891 68 4891 68
5855 5754 101 5754 101
5335 5240 95 5240 95
5415 5320 95 5320 95
4940 4851 89 4851 89
5043 4961 82 4961 82
5103 5032 71 5032 71
5167 5065 102 5065 102
5366 5274 92 5273 93
5005 4925 80 4924 81
5349 5262 87 5262 87
5891 5797 94 5795 96
5123 5041 82 5041 82
5630 5538 92 5537 93
5565 5465 100 5465 100
5616 5518 98 5518 98
5154 5069 85 5069 85
5389 5303 86 5302 87
5562 5450 112 5450 112
4829 4733 96 4732 97
5005 4921 84 4919 86
5022 4927 95 4926 96
5496 5399 97 5398 98
5633 5518 115 5517 116
5403 5299 104 5299 104
5295 5190 105 5190 105
5367 5267 100 5266 101
5037 4948 89 4948 89
4992 4880 112 4880 112
5242 5157 85 5157 85
5511 5404 107 5403 108
5287 5186 101 5186 101
5017 4939 78 4938 79
5063 4964 99 4964 99
5499 5387 112 5386 113
5345 5238 107 5237 108
5186 5098 88 5097 89
5273 5186 87 5185 88
5382 5284 98 5284 98
5441 5318 123 5317 124
5180 5085 95 5084 96
5121 5024 97 5024 97
4714 4629 85 4629 85
5082 4981 101 4981 101
5167 5066 101 5066 101
5566 5435 131 5435 131
5169 5074 95 5073 96
5435 5345 90 5345 90
4910 4826 84 4824 86
5708 5598 110 5597 111
5857 5756 101 5755 102
5592 5488 104 5487 105
5012 4918 94 4917 95
4998 4908 90 4908 90
5397 5283 114 5281 116
5376 5300 76 5299 77
4932 4850 82 4850 82
5392 5288 104 5288 104
5370 5277 93 5277 93
5166 5083 83 5083 83
4873 4786 87 4785 88
5214 5111 103 5111 103
5211 5119 92 5119 92
5180 5088 92 5087 93
5061 4966 95 4964 97
5242 5142 100 5140 102
4780 4693 87 4692 88
5322 5220 102 5219 103
5184 5090 94 5090 94
5232 5136 96 5136 96
5290 5187 103 5187 103
5001 4904 97 4903 98
5311 5210 101 5209 102
5126 5046 80 5045 81
5340 5248 92 5248 92
5124 5025 99 5025 99
5070 4987 83 4986 84
5324 5246 78 5244 80
5280 5179 101 5177 103
5598 5505 93 5504 94
5150 5081 69 5081 69
5032 4937 95 4936 96
5175 5092 83 5092 83
5219 5119 100 5119 100
4939 4865 74 4864 75
5381 5290 91 5288 93
5351 5253 98 5252 99
5395 5303 92 5303 92
5159 5063 96 5063 96
5110 5013 97 5013 97
5503 5420 83 5420 83
5551 5459 92 5458 93
5373 5292 81 5292 81
5512 5415 97 5414 98
5475 5386 89 5385 90
5154 5072 82 5069 85
5276 5157 119 5157 119
5755 5651 104 5651 104
5379 5260 119 5260 119
5245 5143 102 5143 102
4786 4683 103 4681 105
5397 5313 84 5311 86
5654 5543 111 5540 114
5132 5035 97 5035 97
5155 5078 77 5078 77
5333 5226 107 5225 108
5336 5244 92 5243 93
5416 5322 94 5322 94
5006 4924 82 4923 83
5101 5010 91 5010 91
5316 5236 80 5235 81
5331 5249 82 5248 83
5131 5024 107 5024 107
5193 5111 82 5111 82
5305 5203 102 5203 102
5642 5546 96 5546 96
5025 4934 91 4931 94
4945 4864 81 4864 81
5200 5106 94 5106 94
5339 5252 87 5252 87
5320 5232 88 5232 88
5159 5073 86 5073 86
4827 4735 92 4734 93
5726 5626 100 5626 100
5345 5250 95 5249 96
4906 4810 96 4809 97
4535 4460 75 4460 75
5057 4978 79 4976 81
5250 5175 75 5174 76
5446 5359 87 5359 87
4837 4768 69 4768 69
5086 4998 88 4998 88
5425 5329 96 5328 97
5162 5070 92 5070 92
5206 5132 74 5131 75
5063 4976 87 4976 87
5103 5018 85 5017 86
5105 5026 79 5025 80
5248 5165 83 5164 84
4922 4845 77 4844 78
5321 5222 99 5222 99
4983 4908 75 4907 76
5302 5212 90 5212 90
5042 4949 93 4948 94
5306 5209 97 5207 99
5043 4967 76 4965 78
5561 5464 97 5464 97
5242 5152 90 5152 90
4957 4861 96 4861 96
5158 5066 92 5066 92
4815 4744 71 4744 71
5112 5023 89 5021 91
5259 5169 90 5169 90
5386 5284 102 5283 103
4930 4841 89 4840 90
5235 5150 85 5150 85
5474 5366 108 5366 108
5298 5198 100 5198 100
5563 5480 83 5477 86
5098 5013 85 5013 85
4838 4743 95 4742 96
5156 5060 96 5060 96
5350 5236 114 5236 114
5015 4915 100 4914 101
5428 5328 100 5327 101
4982 4895 87 4894 88
5297 5205 92 5205 92
5419 5318 101 5318 101
5076 4993 83 4993 83
5045 4959 86 4959 86
5403 5302 101 5302 101
4956 4859 97 4859 97
5140 5040 100 5039 101
5014 4906 108 4906 108
5433 5338 95 5337 96
5129 5026 103 5026 103
5319 5222 97 5222 97
5404 5324 80 5323 81
5280 5184 96 5183 97
5600 5524 76 5523 77
5272 5184 88 5182 90
5465 5367 98 5365 100
4659 4572 87 4572 87
5002 4924 78 4923 79
5337 5229 108 5228 109
4756 4669 87 4669 87
5279 5185 94 5183 96
5045 4932 113 4932 113
4917 4822 95 4822 95
4867 4782 85 4782 85
5144 5039 105 5039 105
4885 4789 96 4789 96
5329 5218 111 5217 112
5088 4996 92 4996 92
5029 4953 76 4953 76
4994 4900 94 4899 95
5226 5124 102 5122 104
5267 5172 95 5170 97
5246 5142 104 5142 104
5162 5066 96 5065 97
4995 4907 88 4906 89
5076 4976 100 4976 100
4926 4822 104 4822 104
5277 5177 100 5177 100
4950 4867 83 4867 83
4951 4850 101 4850 101
5203 5108 95 5107 96
5567 5468 99 5467 100
5266 5187 79 5185 81
5557 5438 119 5438 119
5518 5423 95 5423 95
5307 5214 93 5213 94
5165 5080 85 5080 85
5147 5038 109 5038 109
5298 5213 85 5212 86
5089 4989 100 4989 100
4762 4683 79 4683 79
5364 5269 95 5268 96
4887 4810 77 4809 78
5358 5267 91 5267 91
5231 5145 86 5144 87
5357 5261 96 5261 96
5041 4937 104 4937 104
5247 5148 99 5148 99
5483 5411 72 5411 72
4949 4857 92 4857 92
5128 5023 105 5023 105
5310 5216 94 5216 94
4860 4779 81 4779 81
5293 5206 87 5206 87
4988 4898 90 4897 91
5261 5157 104 5157 104
5319 5223 96 5223 96
5064 4979 85 4979 85
4901 4819 82 4819 82
4975 4887 88 4887 88
4852 4762 90 4762 90
5354 5249 105 5247 107
5503 5412 91 5412 91
5281 5182 99 5182 99
5095 5020 75 5019 76
5022 4935 87 4934 88
5000 4890 110 4887 113
4836 4744 92 4744 92
5018 4919 99 4919 99
4974 4889 85 4889 85
5428 5342 86 5342 86
5007 4915 92 4913 94
4820 4728 92 4728 92
5147 5060 87 5059 88
5302 5199 103 5198 104
5277 5180 97 5180 97
5545 5464 81 5464 81
4972 4900 72 4900 72
5350 5259 91 5258 92
4886 4822 64 4820 66
5343 5232 111 5231 112
4823 4737 86 4736 87
5266 5149 117 5147 119
5139 5041 98 5040 99
5183 5100 83 5100 83
4990 4905 85 4903 87
5199 5107 92 5107 92
5214 5135 79 5135 79
5165 5069 96 5069 96
5644 5536 108 5535 109
5101 5018 83 5018 83
5876 5764 112 5762 114
4958 4871 87 4870 88
5192 5109 83 5109 83
4439 4370 69 4370 69
5146 5049 97 5048 98
5172 5073 99 5072 100
5199 5097 102 5097 102
5243 5143 100 5140 103
5056 4964 92 4963 93
5292 5178 114 5176 116
4911 4818 93 4818 93
5554 5469 85 5469 85
5148 5060 88 5059 89
4955 4876 79 4876 79
5199 5117 82 5117 82
5268 5185 83 5183 85
5039 4957 82 4954 85
5342 5243 99 5243 99
4745 4670 75 4669 76
4663 4581 82 4580 83
5088 4990 98 4989 99
4774 4694 80 4693 81
5007 4902 105 4902 105
5146 5045 101 5044 102
5129 5030 99 5029 100
5303 5206 97 5206 97
5453 5353 100 5353 100
5086 5001 85 5001 85
5176 5085 91 5084 92
5347 5247 100 5247 100
5139 5055 84 5055 84
5065 4985 80 4983 82
4848 4776 72 4776 72
5270 5172 98 5172 98
5067 4966 101 4966 101
5041 4961 80 4961 80
4860 4790 70 4789 71
5484 5366 118 5365 119
5153 5057 96 5057 96
5391 5297 94 5296 95
5303 5205 98 5204 99
4621 4539 82 4538 83
5063 4964 99 4964 99
5206 5131 75 5130 76
5788 5691 97 5691 97
5180 5105 75 5105 75
4638 4552 86 4551 87
4928 4846 82 4846 82
4999 4920 79 4920 79
5005 4907 98 4907 98
5223 5135 88 5134 89
5117 5029 88 5028 89
5068 4981 87 4979 89
5182 5105 77 5102 80
4951 4868 83 4867 84
5440 5324 116 5324 116
4822 4743 79 4741 81
4832 4733 99 4731 101
5632 5539 93 5537 95
5208 5116 92 5116 92
4971 4878 93 4878 93
5088 4980 108 4980 108
5201 5119 82 5118 83
5443 5342 101 5342 101
5529 5430 99 5430 99
5429 5336 93 5334 95
5711 5602 109 5602 109
5373 5282 91 5282 91
5349 5258 91 5258 91
4928 4847 81 4847 81
5287 5185 102 5185 102
5181 5094 87 5094 87
5262 5167 95 5167 95
5306 5202 104 5202 104
5388 5277 111 5277 111
5294 5205 89 5204 90
5186 5091 95 5089 97
5122 5019 103 5019 103
5086 4994 92 4993 93
4801 4714 87 4714 87
5058 4982 76 4982 76
4832 4743 89 4742 90
5121 5011 110 5007 114
4962 4867 95 4866 96
5040 4932 108 4931 109
4740 4652 88 4652 88
5121 5046 75 5046 75
5280 5183 97 5181 99
5001 4925 76 4925 76
5257 5159 98 5158 99
5110 5021 89 5019 91
5556 5451 105 5450 106
4997 4905 92 4905 92
5351 5250 101 5250 101
5120 5028 92 5026 94
5134 5037 97 5037 97
4884 4814 70 4813 71
5094 4998 96 4998 96
5143 5059 84 5059 84
4852 4767 85 4767 85
5321 5233 88 5232 89
5286 5188 98 5187 99
5158 5060 98 5060 98
5071 4987 84 4987 84
5297 5212 85 5212 85
5265 5160 105 5159 106
5102 5018 84 5018 84
4985 4898 87 4898 87
4985 4904 81 4904 81
5558 5464 94 5463 95
5298 5209 89 5209 89
5012 4904 108 4903 109
5381 5278 103 5278 103
5184 5090 94 5088 96
4944 4857 87 4857 87
5111 5022 89 5022 89
4921 4848 73 4848 73
4984 4907 77 4906 78
5250 5148 102 5147 103
5305 5218 87 5218 87
5387 5294 93 5294 93
5010 4943 67 4941 69
5169 5066 103 5066 103
5228 5151 77 5151 77
5155 5061 94 5061 94
5370 5281 89 5281 89
4793 4700 93 4700 93
4840 4748 92 4747 93
5042 4952 90 4950 92
5481 5372 109 5371 110
5222 5134 88 5133 89
4941 4858 83 4857 84
5135 5054 81 5052 83
5243 5150 93 5149 94
5172 5088 84 5088 84
5590 5482 108 5482 108
5435 5339 96 5339 96
5198 5114 84 5114 84
5437 5341 96 5340 97
5353 5263 90 5263 90
5204 5109 95 5109 95
5085 5010 75 5010 75
5270 5177 93 5176 94
5088 5006 82 5004 84
5271 5187 84 5186 85
5435 5335 100 5333 102
5214 5133 81 5131 83
5193 5100 93 5100 93
5584 5485 99 5485 99
5412 5320 92 5318 94
5051 4954 97 4954 97
5024 4916 108 4916 108
4994 4917 77 4916 78
5312 5224 88 5223 89
4983 4906 77 4906 77
5172 5089 83 5089 83
5208 5127 81 5127 81
4915 4832 83 4830 85
4942 4862 80 4861 81
5361 5258 103 5258 103
5236 5150 86 5149 87
4824 4736 88 4736 88
5306 5206 100 5204 102
5099 5019 80 5019 80
4946 4847 99 4847 99
5481 5379 102 5377 104
5326 5238 88 5238 88
5494 5381 113 5381 113
4944 4863 81 4863 81
4895 4807 88 4806 89
4763 4677 86 4676 87
5369 5277 92 5277 92
4704 4615 89 4614 90
5181 5114 67 5114 67
5076 4999 77 4998 78
5255 5152 103 5152 103
4985 4895 90 4894 91
4969 4875 94 4875 94
5031 4962 69 4961 70
4676 4593 83 4593 83
4819 4732 87 4732 87
5200 5107 93 5106 94
4849 4763 86 4761 88
5144 5051 93 5051 93
5353 5259 94 5259 94
5040 4949 91 4948 92
5152 5067 85 5067 85
5282 5197 85 5197 85
4757 4677 80 4677 80
4802 4714 88 4713 89
4693 4600 93 4600 93
5182 5078 104 5077 105
5268 5163 105 5162 106
5047 4972 75 4972 75
5378 5291 87 5291 87
5240 5130 110 5130 110
4979 4889 90 4889 90
5428 5318 110 5317 111
4886 4790 96 4790 96
4913 4832 81 4832 81
5074 4983 91 4983 91
5079 4963 116 4963 116
4865 4786 79 4786 79
5045 4955 90 4954 91
5078 4998 80 4998 80
5190 5104 86 5103 87
5255 5157 98 5157 98
5359 5267 92 5267 92
4935 4839 96 4838 97
5267 5186 81 5186 81
5197 5109 88 5109 88
5202 5109 93 5109 93
5012 4916 96 4915 97
4995 4898 97 4898 97
5168 5057 111 5057 111
5522 5430 92 5430 92
4969 4876 93 4876 93
5151 5061 90 5059 92
5241 5144 97 5143 98
4825 4739 86 4737 88
4994 4911 83 4910 84
4990 4907 83 4907 83
5274 5176 98 5175 99
4931 4830 101 4829 102
4935 4854 81 4853 82
4772 4698 74 4697 75
4925 4835 90 4834 91
4670 4599 71 4599 71
5153 5049 104 5048 105
5221 5111 110 5111 110
5362 5261 101 5261 101
5194 5107 87 5107 87
5000 4908 92 4907 93
5263 5175 88 5174 89
4906 4824 82 4824 82
5572 5463 109 5463 109
5172 5089 83 5089 83
4835 4760 75 4758 77
5028 4944 84 4944 84
5590 5498 92 5498 92
5029 4932 97 4931 98
4694 4613 81 4612 82
4853 4768 85 4766 87
4909 4812 97 4811 98
4947 4865 82 4865 82
5260 5155 105 5154 106
4927 4818 109 4818 109
5000 4925 75 4925 75
4949 4863 86 4863 86
5147 5050 97 5048 99
5616 5506 110 5506 110
5057 4969 88 4969 88
5120 5045 75 5044 76
5276 5188 88 5188 88
4559 4484 75 4483 76
5137 5053 84 5053 84
4981 4905 76 4904 77
4832 4756 76 4756 76
5376 5270 106 5270 106
4961 4876 85 4876 85
5271 5182 89 5182 89
4934 4842 92 4842 92
5012 4939 73 4938 74
4948 4845 103 4844 104
5126 5021 105 5021 105
5111 5030 81 5030 81
5241 5148 93 5147 94
4766 4663 103 4662 104
5120 5030 90 5029 91
5039 4951 88 4949 90
5588 5481 107 5481 107
5244 5148 96 5148 96
5887 5776 111 5776 111
5425 5343 82 5343 82
5522 5426 96 5426 96
5284 5180 104 5179 105
5171 5086 85 5086 85
5099 4999 100 4998 101
5346 5244 102 5244 102
5019 4923 96 4920 99
5809 5723 86 5722 87
4782 4684 98 4684 98
5014 4921 93 4921 93
5069 4984 85 4981 88
5157 5073 84 5071 86
5440 5353 87 5353 87
4781 4676 105 4674 107
4655 4590 65 4588 67
5328 5234 94 5234 94
4874 4786 88 4786 88
5152 5046 106 5046 106
5346 5244 102 5242 104
5338 5251 87 5251 87
5241 5149 92 5149 92
4948 4863 85 4863 85
5264 5153 111 5152 112
5453 5328 125 5328 125
5057 4979 78 4979 78
5092 4987 105 4987 105
5269 5172 97 5171 98
5270 5190 80 5190 80
5411 5309 102 5307 104
5086 5000 86 5000 86
5149 5043 106 5043 106
4745 4643 102 4642 103
5985 5874 111 5874 111
5413 5318 95 5317 96
5417 5317 100 5317 100
4972 4882 90 4881 91
4975 4863 112 4863 112
4884 4793 91 4793 91
5416 5309 107 5309 107
5027 4935 92 4934 93
5202 5099 103 5096 106
4754 4687 67 4687 67
5130 5038 92 5038 92
5334 5221 113 5221 113
4697 4606 91 4605 92
5157 5067 90 5066 91
5230 5132 98 5131 99
5090 5030 60 5030 60
5091 5015 76 5014 77
5103 5025 78 5025 78
5173 5076 97 5076 97
5657 5561 96 5561 96
4976 4895 81 4894 82
5262 5160 102 5160 102
5445 5346 99 5346 99
5031 4941 90 4940 91
5382 5273 109 5268 114
5180 5098 82 5098 82
5374 5278 96 5278 96
5233 5134 99 5133 100
5430 5336 94 5335 95
5370 5276 94 5276 94
5185 5091 94 5091 94
5078 4987 91 4986 92
5895 5802 93 5802 93
4942 4846 96 4845 97
5171 5093 78 5091 80
5055 4963 92 4963 92
5097 5000 97 5000 97
5019 4928 91 4927 92
4893 4813 80 4810 83
4784 4712 72 4712 72
5716 5598 118 5597 119
4941 4845 96 4842 99
5485 5396 89 5395 90
5122 5026 96 5024 98
5133 5054 79 5054 79
5302 5201 101 5200 102
5457 5361 96 5360 97
4868 4784 84 4784 84
4901 4819 82 4816 85
5321 5232 89 5232 89
5169 5085 84 5085 84
5400 5323 77 5323 77
5002 4911 91 4909 93
5010 4920 90 4920 90
5356 5262 94 5261 95
4868 4776 92 4776 92
5170 5094 76 5092 78
4704 4620 84 4620 84
5140 5044 96 5044 96
5384 5294 90 5293 91
5145 5056 89 5054 91
5130 5039 91 5036 94
5186 5094 92 5094 92
4748 4670 78 4670 78
4757 4686 71 4686 71
5392 5302 90 5302 90
4942 4844 98 4843 99
5160 5061 99 5060 100
4809 4710 99 4710 99
4979 4899 80 4899 80
5078 4985 93 4985 93
5103 5003 100 5003 100
5224 5127 97 5126 98
5182 5078 104 5078 104
5247 5164 83 5164 83
5227 5142 85 5142 85
5107 5009 98 5008 99
5405 5319 86 5318 87
5695 5592 103 5592 103
4995 4908 87 4906 89
4998 4917 81 4917 81
4985 4883 102 4883 102
5194 5096 98 5095 99
4855 4762 93 4761 94
5506 5400 106 5399 107
5371 5276 95 5275 96
5525 5409 116 5409 116
5236 5147 89 5147 89
5263 5160 103 5159 104
5022 4953 69 4953 69
5265 5168 97 5168 97
5084 4986 98 4984 100
4918 4832 86 4832 86
5130 5053 77 5053 77
5457 5361 96 5360 97
5106 5010 96 5010 96
5622 5506 116 5503 119
5198 5104 94 5102 96
5293 5214 79 5214 79
5141 5040 101 5040 101
5091 4999 92 4997 94
5452 5359 93 5358 94
5201 5111 90 5109 92
5312 5212 100 5212 100
4928 4848 80 4847 81
5205 5111 94 5111 94
4619 4531 88 4531 88
5591 5491 100 5491 100
4831 4756 75 4756 75
4978 4891 87 4891 87
4905 4826 79 4825 80
5114 5026 88 5026 88
5002 4913 89 4913 89
5109 5013 96 5013 96
5169 5074 95 5073 96
5119 5019 100 5019 100
5135 5042 93 5041 94
5264 5166 98 5166 98
5225 5153 72 5152 73
5150 5080 70 5078 72
4946 4861 85 4861 85
5398 5305 93 5305 93
5212 5117 95 5116 96
5235 5142 93 5142 93
5363 5274 89 5274 89
5160 5075 85 5074 86
5280 5171 109 5171 109
5291 5194 97 5194 97
5080 4985 95 4984 96
4887 4792 95 4792 95
5294 5203 91 5202 92
5509 5404 105 5404 105
5564 5478 86 5478 86
4962 4870 92 4870 92
5241 5151 90 5151 90
5267 5173 94 5172 95
5098 5015 83 5015 83
5282 5190 92 5190 92
5464 5385 79 5385 79
5047 4961 86 4961 86
5420 5322 98 5322 98
4957 4869 88 4868 89
5152 5055 97 5055 97
5188 5094 94 5093 95
5237 5139 98 5139 98
5389 5293 96 5293 96
5908 5806 102 5806 102
5171 5082 89 5080 91
4881 4779 102 4779 102
5453 5364 89 5364 89
5112 5019 93 5018 94
5059 4963 96 4963 96
4751 4671 80 4671 80
5478 5374 104 5374 104
4925 4842 83 4842 83
5159 5072 87 5072 87
4662 4586 76 4586 76
5066 4973 93 4972 94
4995 4914 81 4912 83
5392 5296 96 5296 96
4965 4874 91 4873 92
5198 5103 95 5101 97
5320 5215 105 5215 105
5095 5001 94 5000 95
5316 5217 99 5216 100
5175 5084 91 5084 91
5286 5192 94 5191 95
5089 5001 88 5001 88
5065 4959 106 4959 106
5381 5284 97 5283 98
5081 4977 104 4976 105
5412 5330 82 5329 83
5320 5233 87 5233 87
5202 5113 89 5113 89
5178 5086 92 5086 92
5121 5035 86 5035 86
4930 4846 84 4846 84
5388 5290 98 5290 98
5680 5576 104 5573 107
5425 5328 97 5328 97
5088 4994 94 4993 95
4794 4695 99 4694 100
5484 5398 86 5398 86
5093 5005 88 5004 89
5221 5124 97 5124 97
5513 5417 96 5416 97
5049 4954 95 4954 95
4815 4733 82 4732 83
5821 5720 101 5720 101
5173 5075 98 5074 99
4917 4839 78 4839 78
5373 5279 94 5279 94
5526 5431 95 5431 95
5675 5577 98 5577 98
5248 5157 91 5157 91
5466 5345 121 5344 122
5168 5065 103 5064 104
5180 5084 96 5082 98
5023 4937 86 4936 87
5231 5144 87 5143 88
4976 4899 77 4898 78
5055 4969 86 4967 88
5168 5082 86 5082 86
5309 5212 97 5210 99
5220 5136 84 5135 85
4865 4780 85 4780 85
5231 5146 85 5145 86
5111 5018 93 5018 93
5408 5329 79 5329 79
5044 4964 80 4963 81
5157 5057 100 5056 101
5717 5618 99 5617 100
5102 5000 102 5000 102
5220 5127 93 5127 93
5353 5267 86 5267 86
5120 5033 87 5033 87
5017 4920 97 4920 97
5313 5208 105 5207 106
5173 5102 71 5102 71
5291 5191 100 5191 100
5111 5016 95 5015 96
5314 5220 94 5220 94
5299 5197 102 5196 103
5589 5496 93 5496 93
5049 4940 109 4939 110
5099 5004 95 5002 97
5487 5398 89 5397 90
5073 4983 90 4981 92
5092 4997 95 4997 95
4889 4815 74 4813 76
5358 5275 83 5275 83
5161 5074 87 5074 87
4982 4905 77 4903 79
4950 4865 85 4863 87
5541 5413 128 5412 129
5330 5245 85 5245 85
5197 5102 95 5102 95
4808 4734 74 4734 74
5100 4998 102 4998 102
