5578 5167 411 5155 423
5442 5033 409 5026 416
5595 5211 384 5201 394
5448 5053 395 5045 403
5562 5151 411 5142 420
5466 5054 412 5048 418
5536 5130 406 5122 414
5408 5001 407 4987 421
5419 5076 343 5074 345
5330 4906 424 4896 434
5340 4943 397 4931 409
5430 5049 381 5035 395
5718 5302 416 5294 424
5811 5399 412 5388 423
5383 4963 420 4954 429
5519 5111 408 5094 425
5451 5047 404 5035 416
5300 4918 382 4908 392
5633 5248 385 5242 391
5333 4931 402 4922 411
5221 4843 378 4831 390
5519 5108 411 5088 431
5610 5177 433 5171 439
5044 4669 375 4653 391
5579 5184 395 5173 406
5613 5208 405 5204 409
5790 5364 426 5354 436
5136 4760 376 4752 384
5131 4788 343 4776 355
5626 5213 413 5202 424
5698 5301 397 5294 404
5684 5279 405 5267 417
5319 4917 402 4910 409
5425 5025 400 5022 403
5316 4932 384 4926 390
5799 5374 425 5362 437
5393 4975 418 4962 431
5256 4897 359 4883 373
4981 4630 351 4619 362
5139 4751 388 4737 402
5323 4968 355 4965 358
5399 5031 368 5019 380
5277 4876 401 4868 409
5590 5228 362 5218 372
5355 4943 412 4937 418
5853 5427 426 5423 430
5252 4868 384 4856 396
5545 5120 425 5107 438
5453 5057 396 5046 407
5520 5126 394 5116 404
5255 4859 396 4848 407
5195 4840 355 4829 366
5207 4811 396 4803 404
5686 5234 452 5223 463
5468 5110 358 5103 365
5366 4965 401 4958 408
5033 4670 363 4660 373
5456 5060 396 5053 403
5177 4785 392 4775 402
5285 4902 383 4891 394
5099 4731 368 4722 377
5120 4751 369 4740 380
5301 4931 370 4911 390
5269 4911 358 4900 369
5135 4786 349 4778 357
4837 4488 349 4473 364
5119 4751 368 4742 377
5166 4806 360 4797 369
4846 4492 354 4480 366
5491 5081 410 5069 422
5221 4824 397 4817 404
4685 4326 359 4321 364
4924 4531 393 4517 407
5166 4795 371 4789 377
5114 4762 352 4751 363
5493 5067 426 5058 435
4966 4620 346 4616 350
4872 4482 390 4473 399
5029 4661 368 4655 374
4847 4496 351 4486 361
4809 4432 377 4420 389
4931 4580 351 4571 360
4973 4592 381 4578 395
5008 4645 363 4638 370
5155 4773 382 4759 396
5478 5061 417 5048 430
5222 4829 393 4818 404
4961 4636 325 4626 335
5420 5030 390 5014 406
5381 4999 382 4989 392
5076 4701 375 4686 390
5177 4806 371 4796 381
5075 4728 347 4720 355
5253 4873 380 4858 395
5151 4822 329 4814 337
5015 4648 367 4641 374
5041 4663 378 4651 390
5185 4803 382 4791 394
4951 4591 360 4582 369
5324 4921 403 4906 418
4974 4610 364 4606 368
4925 4543 382 4535 390
4876 4535 341 4527 349
5090 4719 371 4711 379
5633 5219 414 5204 429
4856 4494 362 4484 372
5134 4776 358 4769 365
4780 4445 335 4433 347
5161 4790 371 4775 386
4994 4608 386 4603 391
5369 4983 386 4970 399
5113 4702 411 4689 424
5288 4924 364 4913 375
5018 4636 382 4625 393
5518 5133 385 5121 397
5431 5040 391 5030 401
5081 4711 370 4699 382
5376 4989 387 4969 407
4724 4370 354 4365 359
5071 4706 365 4695 376
4931 4564 367 4556 375
4915 4555 360 4541 374
4899 4544 355 4536 363
5107 4765 342 4755 352
4982 4611 371 4602 380
4767 4415 352 4405 362
5056 4681 375 4664 392
5229 4841 388 4822 407
5449 5068 381 5061 388
5343 4973 370 4966 377
5158 4803 355 4796 362
5612 5178 434 5168 444
5231 4865 366 4860 371
5079 4698 381 4691 388
5324 4939 385 4931 393
5066 4707 359 4696 370
4980 4633 347 4625 355
5241 4867 374 4860 381
5271 4915 356 4904 367
5209 4822 387 4820 389
5046 4667 379 4658 388
4935 4577 358 4566 369
5208 4845 363 4835 373
5020 4650 370 4637 383
4963 4646 317 4633 330
5449 5040 409 5028 421
5082 4720 362 4712 370
5101 4717 384 4712 389
5368 4992 376 4979 389
5398 5004 394 4993 405
5538 5148 390 5136 402
5630 5222 408 5215 415
5580 5209 371 5201 379
4948 4606 342 4600 348
5483 5113 370 5101 382
5393 4994 399 4987 406
5562 5174 388 5166 396
5819 5411 408 5393 426
5704 5292 412 5280 424
5538 5144 394 5133 405
5517 5100 417 5089 428
5667 5268 399 5252 415
5529 5145 384 5138 391
5479 5052 427 5042 437
5807 5383 424 5376 431
4794 4450 344 4443 351
5452 5070 382 5061 391
5353 4997 356 4990 363
5531 5122 409 5109 422
4828 4499 329 4492 336
5733 5328 405 5319 414
5652 5206 446 5196 456
5836 5421 415 5414 422
5237 4845 392 4840 397
5111 4711 400 4698 413
5785 5356 429 5337 448
5384 4994 390 4984 400
5484 5068 416 5060 424
5414 5014 400 5002 412
5722 5328 394 5313 409
5795 5393 402 5382 413
4666 4313 353 4305 361
5504 5099 405 5089 415
5533 5149 384 5140 393
5123 4766 357 4753 370
5336 4933 403 4928 408
5145 4796 349 4788 357
5517 5116 401 5106 411
5064 4679 385 4674 390
4959 4609 350 4605 354
5855 5417 438 5407 448
5335 4948 387 4941 394
5415 5019 396 5007 408
4940 4605 335 4596 344
5043 4675 368 4667 376
5103 4703 400 4688 415
5167 4827 340 4814 353
5366 4960 406 4952 414
5005 4618 387 4609 396
5349 4979 370 4966 383
5891 5475 416 5459 432
5123 4764 359 4748 375
5630 5213 417 5206 424
5565 5149 416 5139 426
5616 5214 402 5203 413
5154 4788 366 4778 376
5389 5019 370 5009 380
5562 5165 397 5153 409
4829 4468 361 4455 374
5005 4643 362 4635 370
5022 4669 353 4662 360
5496 5091 405 5082 414
5633 5301 332 5286 347
5403 5036 367 5029 374
5295 4906 389 4897 398
5367 4985 382 4976 391
5037 4662 375 4653 384
4992 4658 334 4651 341
5242 4885 357 4875 367
5511 5116 395 5111 400
5287 4897 390 4890 397
5017 4657 360 4648 369
5063 4667 396 4659 404
5499 5126 373 5115 384
5345 4981 364 4965 380
5186 4841 345 4829 357
5273 4924 349 4910 363
5382 5027 355 5019 363
5441 5062 379 5054 387
5180 4799 381 4793 387
5121 4747 374 4740 381
4714 4402 312 4394 320
5082 4720 362 4710 372
5167 4812 355 4804 363
5566 5198 368 5189 377
5169 4785 384 4775 394
5435 5048 387 5040 395
4910 4547 363 4536 374
5708 5305 403 5294 414
5857 5410 447 5402 455
5592 5185 407 5172 420
5012 4634 378 4627 385
4998 4640 358 4630 368
5397 5020 377 5007 390
5376 4970 406 4959 417
4932 4576 356 4568 364
5392 5026 366 5011 381
5370 4988 382 4977 393
5166 4796 370 4782 384
4873 4547 326 4540 333
5214 4810 404 4805 409
5211 4817 394 4813 398
5180 4773 407 4766 414
5061 4670 391 4657 404
5242 4883 359 4869 373
4780 4419 361 4406 374
5322 4948 374 4940 382
5184 4799 385 4795 389
5232 4837 395 4829 403
5290 4906 384 4904 386
5001 4662 339 4655 346
5311 4936 375 4930 381
5126 4761 365 4753 373
5340 4947 393 4932 408
5124 4783 341 4778 346
5070 4728 342 4716 354
5324 4911 413 4898 426
5280 4896 384 4883 397
5598 5197 401 5182 416
5150 4784 366 4771 379
5032 4665 367 4653 379
5175 4822 353 4815 360
5219 4855 364 4843 376
4939 4580 359 4570 369
5381 4978 403 4963 418
5351 4961 390 4947 404
5395 5002 393 4992 403
5159 4789 370 4781 378
5110 4734 376 4721 389
5503 5116 387 5108 395
5551 5164 387 5155 396
5373 4980 393 4969 404
5512 5132 380 5120 392
5475 5087 388 5072 403
5154 4797 357 4787 367
5276 4888 388 4883 393
5755 5346 409 5331 424
5379 5002 377 4994 385
5245 4861 384 4856 389
4786 4452 334 4447 339
5397 4999 398 4988 409
5654 5228 426 5219 435
5132 4744 388 4741 391
5155 4789 366 4783 372
5333 4962 371 4959 374
5336 4939 397 4930 406
5416 5025 391 5014 402
5006 4627 379 4620 386
5101 4723 378 4711 390
5316 4957 359 4945 371
5331 4948 383 4940 391
5131 4742 389 4736 395
5193 4808 385 4799 394
5305 4934 371 4927 378
5642 5260 382 5248 394
5025 4629 396 4623 402
4945 4600 345 4595 350
5200 4826 374 4820 380
5339 4989 350 4978 361
5320 4951 369 4937 383
5159 4765 394 4754 405
4827 4465 362 4452 375
5726 5312 414 5300 426
5345 4966 379 4960 385
4906 4528 378 4518 388
4535 4211 324 4203 332
5057 4739 318 4732 325
5250 4861 389 4852 398
5446 5012 434 5002 444
4837 4478 359 4474 363
5086 4752 334 4744 342
5425 5040 385 5026 399
5162 4783 379 4770 392
5206 4833 373 4822 384
5063 4692 371 4678 385
5103 4726 377 4713 390
5105 4728 377 4719 386
5248 4886 362 4880 368
4922 4566 356 4554 368
5321 4966 355 4958 363
4983 4639 344 4629 354
5302 4914 388 4901 401
5042 4677 365 4669 373
5306 4903 403 4893 413
5043 4672 371 4663 380
5561 5191 370 5183 378
5242 4862 380 4854 388
4957 4600 357 4592 365
5158 4757 401 4745 413
4815 4483 332 4472 343
5112 4769 343 4757 355
5259 4860 399 4844 415
5386 4995 391 4985 401
4930 4580 350 4561 369
5235 4846 389 4837 398
5474 5080 394 5077 397
5298 4903 395 4890 408
5563 5195 368 5188 375
5098 4740 358 4732 366
4838 4508 330 4498 340
5156 4774 382 4761 395
5350 4951 399 4938 412
5015 4676 339 4669 346
5428 5021 407 5007 421
4982 4606 376 4592 390
5297 4910 387 4900 397
5419 5013 406 5001 418
5076 4753 323 4741 335
5045 4678 367 4668 377
5403 5011 392 4994 409
4956 4590 366 4583 373
5140 4768 372 4755 385
5014 4662 352 4650 364
5433 5055 378 5045 388
5129 4751 378 4744 385
5319 4937 382 4932 387
5404 5029 375 5018 386
5280 4913 367 4905 375
5600 5201 399 5193 407
5272 4898 374 4891 381
5465 5074 391 5063 402
4659 4319 340 4315 344
5002 4637 365 4630 372
5337 4942 395 4936 401
4756 4429 327 4421 335
5279 4892 387 4877 402
5045 4662 383 4656 389
4917 4574 343 4562 355
4867 4519 348 4509 358
5144 4758 386 4752 392
4885 4522 363 4515 370
5329 4977 352 4964 365
5088 4703 385 4690 398
5029 4652 377 4642 387
4994 4628 366 4613 381
5226 4852 374 4845 381
5267 4864 403 4856 411
5246 4874 372 4870 376
5162 4786 376 4776 386
4995 4627 368 4620 375
5076 4710 366 4696 380
4926 4541 385 4525 401
5277 4889 388 4875 402
4950 4619 331 4611 339
4951 4597 354 4590 361
5203 4842 361 4835 368
5567 5161 406 5153 414
5266 4897 369 4885 381
5557 5148 409 5136 421
5518 5112 406 5099 419
5307 4940 367 4929 378
5165 4754 411 4746 419
5147 4764 383 4754 393
5298 4922 376 4910 388
5089 4718 371 4712 377
4762 4410 352 4398 364
5364 4993 371 4985 379
4887 4548 339 4540 347
5358 4973 385 4967 391
5231 4855 376 4849 382
5357 4966 391 4957 400
5041 4676 365 4666 375
5247 4874 373 4856 391
5483 5067 416 5054 429
4949 4587 362 4575 374
5128 4758 370 4752 376
5310 4916 394 4900 410
4860 4496 364 4492 368
5293 4929 364 4921 372
4988 4623 365 4616 372
5261 4875 386 4865 396
5319 4948 371 4938 381
5064 4700 364 4690 374
4901 4545 356 4533 368
4975 4626 349 4610 365
4852 4506 346 4498 354
5354 4992 362 4984 370
5503 5133 370 5119 384
5281 4908 373 4898 383
5095 4757 338 4747 348
5022 4662 360 4653 369
5000 4640 360 4633 367
4836 4466 370 4459 377
5018 4649 369 4641 377
4974 4629 345 4617 357
5428 5027 401 5017 411
5007 4620 387 4614 393
4820 4456 364 4450 370
5147 4785 362 4777 370
5302 4923 379 4915 387
5277 4878 399 4865 412
5545 5127 418 5116 429
4972 4630 342 4623 349
5350 4950 400 4938 412
4886 4547 339 4540 346
5343 4974 369 4960 383
4823 4484 339 4474 349
5266 4888 378 4880 386
5139 4783 356 4776 363
5183 4831 352 4819 364
4990 4597 393 4593 397
5199 4814 385 4800 399
5214 4817 397 4809 405
5165 4794 371 4786 379
5644 5231 413 5221 423
5101 4734 367 4727 374
5876 5447 429 5435 441
4958 4604 354 4592 366
5192 4823 369 4814 378
4439 4134 305 4130 309
5146 4754 392 4742 404
5172 4801 371 4790 382
5199 4797 402 4786 413
5243 4879 364 4869 374
5056 4690 366 4678 378
5292 4900 392 4891 401
4911 4547 364 4539 372
5554 5154 400 5139 415
5148 4794 354 4788 360
4955 4590 365 4583 372
5199 4814 385 4806 393
5268 4895 373 4879 389
5039 4691 348 4684 355
5342 4969 373 4960 382
4745 4393 352 4382 363
4663 4312 351 4304 359
5088 4722 366 4709 379
4774 4401 373 4390 384
5007 4626 381 4620 387
5146 4779 367 4772 374
5129 4764 365 4753 376
5303 4907 396 4897 406
5453 5051 402 5042 411
5086 4696 390 4680 406
5176 4813 363 4805 371
5347 4972 375 4964 383
5139 4771 368 4760 379
5065 4658 407 4645 420
4848 4495 353 4487 361
5270 4869 401 4863 407
5067 4701 366 4686 381
5041 4698 343 4693 348
4860 4484 376 4480 380
5484 5092 392 5086 398
5153 4778 375 4767 386
5391 5040 351 5028 363
5303 4915 388 4904 399
4621 4298 323 4291 330
5063 4703 360 4693 370
5206 4815 391 4807 399
5788 5397 391 5394 394
5180 4796 384 4786 394
4638 4284 354 4271 367
4928 4623 305 4611 317
4999 4616 383 4610 389
5005 4659 346 4650 355
5223 4829 394 4824 399
5117 4792 325 4783 334
5068 4670 398 4664 404
5182 4816 366 4808 374
4951 4591 360 4582 369
5440 5028 412 5020 420
4822 4489 333 4481 341
4832 4461 371 4456 376
5632 5254 378 5246 386
5208 4821 387 4815 393
4971 4605 366 4596 375
5088 4729 359 4716 372
5201 4816 385 4808 393
5443 5083 360 5077 366
5529 5103 426 5094 435
5429 5004 425 4997 432
5711 5293 418 5283 428
5373 4974 399 4961 412
5349 4962 387 4952 397
4928 4545 383 4539 389
5287 4936 351 4930 357
5181 4814 367 4811 370
5262 4882 380 4877 385
5306 4915 391 4904 402
5388 5029 359 5020 368
5294 4920 374 4909 385
5186 4822 364 4814 372
5122 4745 377 4738 384
5086 4722 364 4712 374
4801 4468 333 4459 342
5058 4712 346 4702 356
4832 4479 353 4466 366
5121 4738 383 4725 396
4962 4621 341 4615 347
5040 4671 369 4665 375
4740 4387 353 4377 363
5121 4791 330 4782 339
5280 4878 402 4867 413
5001 4681 320 4668 333
5257 4845 412 4839 418
5110 4724 386 4713 397
5556 5159 397 5151 405
4997 4644 353 4639 358
5351 4973 378 4962 389
5120 4736 384 4727 393
5134 4765 369 4764 370
4884 4533 351 4519 365
5094 4727 367 4724 370
5143 4789 354 4770 373
4852 4519 333 4510 342
5321 4956 365 4946 375
5286 4904 382 4893 393
5158 4830 328 4825 333
5071 4713 358 4709 362
5297 4918 379 4908 389
5265 4908 357 4901 364
5102 4734 368 4724 378
4985 4667 318 4663 322
4985 4605 380 4597 388
5558 5139 419 5131 427
5298 4910 388 4892 406
5012 4648 364 4641 371
5381 5014 367 5005 376
5184 4797 387 4784 400
4944 4609 335 4596 348
5111 4732 379 4722 389
4921 4552 369 4545 376
4984 4632 352 4619 365
5250 4900 350 4890 360
5305 4934 371 4926 379
5387 4993 394 4979 408
5010 4646 364 4636 374
5169 4793 376 4781 388
5228 4826 402 4815 413
5155 4792 363 4786 369
5370 4964 406 4953 417
4793 4437 356 4423 370
4840 4508 332 4497 343
5042 4741 301 4736 306
5481 5066 415 5060 421
5222 4832 390 4827 395
4941 4579 362 4564 377
5135 4773 362 4760 375
5243 4864 379 4856 387
5172 4762 410 4753 419
5590 5190 400 5176 414
5435 5043 392 5038 397
5198 4794 404 4781 417
5437 5059 378 5052 385
5353 5004 349 4998 355
5204 4858 346 4844 360
5085 4740 345 4734 351
5270 4863 407 4854 416
5088 4739 349 4733 355
5271 4880 391 4869 402
5435 5059 376 5050 385
5214 4852 362 4842 372
5193 4840 353 4829 364
5584 5209 375 5201 383
5412 5015 397 5002 410
5051 4652 399 4641 410
5024 4689 335 4683 341
4994 4623 371 4612 382
5312 4953 359 4943 369
4983 4591 392 4578 405
5172 4777 395 4767 405
5208 4807 401 4796 412
4915 4581 334 4572 343
4942 4586 356 4573 369
5361 4970 391 4958 403
5236 4868 368 4859 377
4824 4467 357 4457 367
5306 4934 372 4923 383
5099 4737 362 4729 370
4946 4578 368 4567 379
5481 5083 398 5075 406
5326 4984 342 4972 354
5494 5121 373 5112 382
4944 4596 348 4591 353
4895 4503 392 4496 399
4763 4442 321 4434 329
5369 4982 387 4970 399
4704 4374 330 4365 339
5181 4785 396 4773 408
5076 4681 395 4677 399
5255 4895 360 4887 368
4985 4592 393 4582 403
4969 4658 311 4646 323
5031 4720 311 4706 325
4676 4341 335 4334 342
4819 4484 335 4476 343
5200 4816 384 4807 393
4849 4530 319 4519 330
5144 4780 364 4767 377
5353 4968 385 4964 389
5040 4685 355 4668 372
5152 4822 330 4817 335
5282 4860 422 4845 437
4757 4402 355 4392 365
4802 4463 339 4454 348
4693 4347 346 4333 360
5182 4805 377 4794 388
5268 4899 369 4892 376
5047 4678 369 4667 380
5378 5019 359 5004 374
5240 4873 367 4863 377
4979 4605 374 4593 386
5428 5042 386 5034 394
4886 4525 361 4508 378
4913 4562 351 4553 360
5074 4715 359 4705 369
5079 4687 392 4677 402
4865 4495 370 4481 384
5045 4677 368 4670 375
5078 4687 391 4682 396
5190 4864 326 4859 331
5255 4886 369 4876 379
5359 4956 403 4952 407
4935 4587 348 4579 356
5267 4875 392 4865 402
5197 4813 384 4804 393
5202 4825 377 4812 390
5012 4673 339 4661 351
4995 4639 356 4634 361
5168 4771 397 4762 406
5522 5131 391 5118 404
4969 4596 373 4588 381
5151 4777 374 4769 382
5241 4841 400 4831 410
4825 4488 337 4482 343
4994 4622 372 4610 384
4990 4605 385 4599 391
5274 4893 381 4883 391
4931 4609 322 4598 333
4935 4585 350 4580 355
4772 4419 353 4406 366
4925 4571 354 4565 360
4670 4324 346 4315 355
5153 4782 371 4771 382
5221 4795 426 4789 432
5362 4938 424 4928 434
5194 4833 361 4822 372
5000 4631 369 4620 380
5263 4868 395 4860 403
4906 4552 354 4545 361
5572 5163 409 5156 416
5172 4783 389 4774 398
4835 4461 374 4449 386
5028 4645 383 4633 395
5590 5199 391 5189 401
5029 4660 369 4653 376
4694 4359 335 4349 345
4853 4503 350 4492 361
4909 4546 363 4538 371
4947 4603 344 4594 353
5260 4866 394 4858 402
4927 4612 315 4603 324
5000 4639 361 4627 373
4949 4614 335 4606 343
5147 4774 373 4762 385
5616 5196 420 5187 429
5057 4683 374 4672 385
5120 4760 360 4749 371
5276 4903 373 4891 385
4559 4267 292 4259 300
5137 4781 356 4774 363
4981 4607 374 4599 382
4832 4511 321 4504 328
5376 4988 388 4977 399
4961 4611 350 4603 358
5271 4896 375 4885 386
4934 4548 386 4538 396
5012 4615 397 4607 405
4948 4541 407 4531 417
5126 4752 374 4741 385
5111 4725 386 4717 394
5241 4821 420 4803 438
4766 4401 365 4396 370
5120 4746 374 4738 382
5039 4676 363 4668 371
5588 5180 408 5171 417
5244 4851 393 4842 402
5887 5456 431 5450 437
5425 5035 390 5025 400
5522 5127 395 5115 407
5284 4923 361 4911 373
5171 4787 384 4775 396
5099 4745 354 4735 364
5346 4944 402 4933 413
5019 4670 349 4668 351
5809 5403 406 5389 420
4782 4435 347 4426 356
5014 4642 372 4631 383
5069 4690 379 4683 386
5157 4798 359 4787 370
5440 5050 390 5042 398
4781 4446 335 4438 343
4655 4319 336 4311 344
5328 4938 390 4928 400
4874 4521 353 4511 363
5152 4786 366 4772 380
5346 4922 424 4913 433
5338 4950 388 4936 402
5241 4868 373 4856 385
4948 4583 365 4572 376
5264 4886 378 4879 385
5453 5078 375 5069 384
5057 4678 379 4671 386
5092 4706 386 4689 403
5269 4914 355 4902 367
5270 4877 393 4869 401
5411 5041 370 5032 379
5086 4710 376 4699 387
5149 4790 359 4775 374
4745 4416 329 4407 338
5985 5533 452 5518 467
5413 5014 399 5004 409
5417 5009 408 5003 414
4972 4627 345 4616 356
4975 4650 325 4645 330
4884 4540 344 4529 355
5416 5046 370 5033 383
5027 4665 362 4658 369
5202 4845 357 4837 365
4754 4386 368 4379 375
5130 4750 380 4737 393
5334 5000 334 4989 345
4697 4367 330 4356 341
5157 4790 367 4781 376
5230 4870 360 4856 374
5090 4716 374 4708 382
5091 4735 356 4729 362
5103 4757 346 4751 352
5173 4759 414 4753 420
5657 5264 393 5250 407
4976 4619 357 4610 366
5262 4912 350 4904 358
5445 5023 422 5008 437
5031 4673 358 4659 372
5382 4996 386 4986 396
5180 4799 381 4789 391
5374 4989 385 4980 394
5233 4881 352 4872 361
5430 5014 416 5001 429
5370 5007 363 4998 372
5185 4849 336 4836 349
5078 4689 389 4677 401
5895 5471 424 5454 441
4942 4553 389 4539 403
5171 4815 356 4801 370
5055 4692 363 4680 375
5097 4717 380 4715 382
5019 4693 326 4685 334
4893 4533 360 4525 368
4784 4454 330 4444 340
5716 5336 380 5329 387
4941 4602 339 4594 347
5485 5078 407 5066 419
5122 4735 387 4724 398
5133 4722 411 4710 423
5302 4923 379 4910 392
5457 5058 399 5050 407
4868 4514 354 4504 364
4901 4551 350 4539 362
5321 4922 399 4910 411
5169 4807 362 4798 371
5400 5013 387 5003 397
5002 4617 385 4604 398
5010 4678 332 4671 339
5356 4968 388 4957 399
4868 4496 372 4489 379
5170 4829 341 4813 357
4704 4372 332 4362 342
5140 4758 382 4753 387
5384 5012 372 4997 387
5145 4765 380 4756 389
5130 4747 383 4739 391
5186 4792 394 4777 409
4748 4377 371 4369 379
4757 4423 334 4412 345
5392 4999 393 4983 409
4942 4596 346 4586 356
5160 4799 361 4786 374
4809 4489 320 4477 332
4979 4649 330 4643 336
5078 4682 396 4673 405
5103 4732 371 4718 385
5224 4849 375 4840 384
5182 4841 341 4831 351
5247 4869 378 4857 390
5227 4842 385 4835 392
5107 4771 336 4764 343
5405 5008 397 4999 406
5695 5294 401 5279 416
4995 4667 328 4653 342
4998 4631 367 4621 377
4985 4667 318 4654 331
5194 4827 367 4819 375
4855 4485 370 4479 376
5506 5100 406 5092 414
5371 4995 376 4984 387
5525 5131 394 5120 405
5236 4871 365 4859 377
5263 4892 371 4880 383
5022 4660 362 4655 367
5265 4905 360 4895 370
5084 4694 390 4681 403
4918 4575 343 4565 353
5130 4746 384 4730 400
5457 5073 384 5062 395
5106 4757 349 4750 356
5622 5225 397 5220 402
5198 4823 375 4815 383
5293 4942 351 4933 360
5141 4803 338 4796 345
5091 4722 369 4715 376
5452 5094 358 5087 365
5201 4833 368 4822 379
5312 4883 429 4868 444
4928 4545 383 4539 389
5205 4827 378 4810 395
4619 4301 318 4292 327
5591 5170 421 5161 430
4831 4513 318 4505 326
4978 4634 344 4626 352
4905 4562 343 4541 364
5114 4741 373 4731 383
5002 4667 335 4663 339
5109 4733 376 4720 389
5169 4791 378 4783 386
5119 4740 379 4726 393
5135 4755 380 4746 389
5264 4880 384 4872 392
5225 4824 401 4817 408
5150 4743 407 4739 411
4946 4588 358 4582 364
5398 4984 414 4967 431
5212 4831 381 4820 392
5235 4878 357 4871 364
5363 4964 399 4956 407
5160 4819 341 4809 351
5280 4872 408 4855 425
5291 4917 374 4905 386
5080 4697 383 4690 390
4887 4528 359 4522 365
5294 4922 372 4909 385
5509 5135 374 5125 384
5564 5148 416 5136 428
4962 4631 331 4618 344
5241 4843 398 4830 411
5267 4877 390 4872 395
5098 4733 365 4726 372
5282 4897 385 4893 389
5464 5081 383 5063 401
5047 4691 356 4680 367
5420 5058 362 5051 369
4957 4616 341 4609 348
5152 4779 373 4766 386
5188 4820 368 4807 381
5237 4849 388 4834 403
5389 5006 383 4998 391
5908 5446 462 5429 479
5171 4755 416 4744 427
4881 4542 339 4532 349
5453 5048 405 5037 416
5112 4761 351 4748 364
5059 4702 357 4687 372
4751 4429 322 4422 329
5478 5064 414 5053 425
4925 4574 351 4559 366
5159 4792 367 4779 380
4662 4328 334 4322 340
5066 4727 339 4716 350
4995 4637 358 4630 365
5392 4997 395 4985 407
4965 4621 344 4603 362
5198 4832 366 4819 379
5320 4947 373 4938 382
5095 4759 336 4748 347
5316 4970 346 4964 352
5175 4808 367 4794 381
5286 4898 388 4882 404
5089 4709 380 4702 387
5065 4679 386 4672 393
5381 4987 394 4981 400
5081 4713 368 4699 382
5412 5037 375 5027 385
5320 4952 368 4943 377
5202 4825 377 4822 380
5178 4814 364 4806 372
5121 4716 405 4704 417
4930 4571 359 4564 366
5388 5005 383 4990 398
5680 5257 423 5250 430
5425 5010 415 5003 422
5088 4679 409 4666 422
4794 4460 334 4452 342
5484 5097 387 5093 391
5093 4719 374 4710 383
5221 4812 409 4804 417
5513 5117 396 5105 408
5049 4684 365 4676 373
4815 4482 333 4473 342
5821 5402 419 5385 436
5173 4821 352 4812 361
4917 4536 381 4516 401
5373 4999 374 4991 382
5526 5127 399 5117 409
5675 5267 408 5256 419
5248 4865 383 4850 398
5466 5055 411 5044 422
5168 4796 372 4784 384
5180 4790 390 4782 398
5023 4642 381 4637 386
5231 4858 373 4849 382
4976 4607 369 4604 372
5055 4661 394 4654 401
5168 4796 372 4782 386
5309 4944 365 4933 376
5220 4830 390 4818 402
4865 4534 331 4519 346
5231 4869 362 4860 371
5111 4758 353 4747 364
5408 4986 422 4978 430
5044 4676 368 4667 377
5157 4798 359 4786 371
5717 5303 414 5294 423
5102 4764 338 4761 341
5220 4837 383 4830 390
5353 4934 419 4925 428
5120 4740 380 4731 389
5017 4690 327 4676 341
5313 4922 391 4916 397
5173 4783 390 4772 401
5291 4850 441 4838 453
5111 4739 372 4731 380
5314 4952 362 4934 380
5299 4910 389 4901 398
5589 5222 367 5217 372
5049 4704 345 4694 355
5099 4745 354 4732 367
5487 5100 387 5087 400
5073 4700 373 4691 382
5092 4734 358 4726 366
4889 4552 337 4538 351
5358 4980 378 4972 386
5161 4793 368 4782 379
4982 4631 351 4624 358
4950 4625 325 4615 335
5541 5149 392 5140 401
5330 4903 427 4894 436
5197 4825 372 4813 384
4808 4481 327 4471 337
5100 4742 358 4729 371
