5578 5553 25 5553 25
5442 5423 19 5423 19
5595 5580 15 5580 15
5448 5423 25 5423 25
5562 5539 23 5539 23
5466 5436 30 5436 30
5536 5502 34 5502 34
5408 5388 20 5388 20
5419 5400 19 5400 19
5330 5301 29 5301 29
5340 5314 26 5314 26
5430 5413 17 5413 17
5718 5686 32 5686 32
5811 5786 25 5785 26
5383 5356 27 5356 27
5519 5498 21 5498 21
5451 5430 21 5430 21
5300 5277 23 5277 23
5633 5604 29 5604 29
5333 5308 25 5308 25
5221 5194 27 5194 27
5519 5493 26 5493 26
5610 5587 23 5587 23
5044 5016 28 5016 28
5579 5546 33 5546 33
5613 5596 17 5596 17
5790 5757 33 5757 33
5136 5117 19 5117 19
5131 5113 18 5113 18
5626 5594 32 5594 32
5698 5671 27 5670 28
5684 5657 27 5657 27
5319 5295 24 5295 24
5425 5396 29 5396 29
5316 5296 20 5296 20
5799 5772 27 5772 27
5393 5366 27 5366 27
5256 5233 23 5233 23
4981 4966 15 4966 15
5139 5116 23 5116 23
5323 5299 24 5299 24
5399 5379 20 5379 20
5277 5254 23 5254 23
5590 5563 27 5563 27
5355 5332 23 5332 23
5853 5834 19 5833 20
5252 5223 29 5223 29
5545 5517 28 5517 28
5453 5438 15 5438 15
5520 5500 20 5500 20
5255 5232 23 5232 23
5195 5174 21 5174 21
5207 5185 22 5185 22
5686 5673 13 5673 13
5468 5447 21 5447 21
5366 5337 29 5337 29
5033 5000 33 5000 33
5456 5428 28 5428 28
5177 5158 19 5158 19
5285 5264 21 5264 21
5099 5072 27 5072 27
5120 5091 29 5090 30
5301 5278 23 5278 23
5269 5246 23 5246 23
5135 5104 31 5104 31
4837 4808 29 4808 29
5119 5092 27 5092 27
5166 5142 24 5142 24
4846 4823 23 4823 23
5491 5462 29 5462 29
5221 5198 23 5198 23
4685 4663 22 4663 22
4924 4903 21 4903 21
5166 5142 24 5142 24
5114 5094 20 5094 20
5493 5464 29 5464 29
4966 4943 23 4943 23
4872 4848 24 4848 24
5029 5014 15 5014 15
4847 4831 16 4831 16
4809 4789 20 4789 20
4931 4916 15 4916 15
4973 4947 26 4947 26
5008 4990 18 4990 18
5155 5126 29 5126 29
5478 5461 17 5461 17
5222 5208 14 5208 14
4961 4935 26 4935 26
5420 5400 20 5400 20
5381 5357 24 5357 24
5076 5051 25 5051 25
5177 5160 17 5160 17
5075 5050 25 5050 25
5253 5232 21 5232 21
5151 5130 21 5130 21
5015 4985 30 4985 30
5041 5015 26 5015 26
5185 5148 37 5148 37
4951 4922 29 4922 29
5324 5303 21 5303 21
4974 4961 13 4961 13
4925 4904 21 4904 21
4876 4855 21 4855 21
5090 5061 29 5061 29
5633 5612 21 5612 21
4856 4834 22 4834 22
5134 5110 24 5110 24
4780 4763 17 4763 17
5161 5148 13 5148 13
4994 4971 23 4970 24
5369 5343 26 5343 26
5113 5086 27 5086 27
5288 5259 29 5259 29
5018 5002 16 5002 16
5518 5491 27 5491 27
5431 5408 23 5408 23
5081 5056 25 5056 25
5376 5357 19 5356 20
4724 4711 13 4711 13
5071 5052 19 5052 19
4931 4900 31 4900 31
4915 4892 23 4892 23
4899 4871 28 4871 28
5107 5078 29 5078 29
4982 4967 15 4967 15
4767 4744 23 4744 23
5056 5041 15 5041 15
5229 5203 26 5203 26
5449 5433 16 5433 16
5343 5326 17 5326 17
5158 5133 25 5133 25
5612 5590 22 5590 22
5231 5208 23 5208 23
5079 5061 18 5061 18
5324 5299 25 5299 25
5066 5049 17 5049 17
4980 4959 21 4959 21
5241 5217 24 5217 24
5271 5250 21 5250 21
5209 5182 27 5182 27
5046 5022 24 5022 24
4935 4913 22 4913 22
5208 5185 23 5185 23
5020 5000 20 5000 20
4963 4933 30 4933 30
5449 5420 29 5420 29
5082 5062 20 5062 20
5101 5079 22 5079 22
5368 5342 26 5342 26
5398 5371 27 5371 27
5538 5518 20 5518 20
5630 5615 15 5615 15
5580 5554 26 5554 26
4948 4927 21 4927 21
5483 5454 29 5454 29
5393 5376 17 5376 17
5562 5528 34 5528 34
5819 5797 22 5797 22
5704 5677 27 5677 27
5538 5513 25 5513 25
5517 5494 23 5494 23
5667 5644 23 5644 23
5529 5490 39 5490 39
5479 5455 24 5455 24
5807 5782 25 5782 25
4794 4773 21 4773 21
5452 5424 28 5424 28
5353 5324 29 5324 29
5531 5512 19 5512 19
4828 4805 23 4805 23
5733 5712 21 5712 21
5652 5630 22 5630 22
5836 5809 27 5809 27
5237 5223 14 5223 14
5111 5087 24 5087 24
5785 5760 25 5760 25
5384 5363 21 5363 21
5484 5468 16 5468 16
5414 5385 29 5385 29
5722 5695 27 5695 27
5795 5765 30 5765 30
4666 4647 19 4647 19
5504 5474 30 5474 30
5533 5510 23 5509 24
5123 5101 22 5101 22
5336 5303 33 5303 33
5145 5121 24 5121 24
5517 5492 25 5492 25
5064 5039 25 5039 25
4959 4930 29 4930 29
5855 5817 38 5817 38
5335 5309 26 5309 26
5415 5396 19 5396 19
4940 4924 16 4924 16
5043 5026 17 5026 17
5103 5073 30 5073 30
5167 5134 33 5134 33
5366 5329 37 5329 37
5005 4980 25 4980 25
5349 5328 21 5328 21
5891 5863 28 5863 28
5123 5090 33 5090 33
5630 5595 35 5595 35
5565 5535 30 5535 30
5616 5597 19 5597 19
5154 5125 29 5125 29
5389 5359 30 5359 30
5562 5531 31 5531 31
4829 4810 19 4810 19
5005 4979 26 4979 26
5022 4999 23 4999 23
5496 5466 30 5466 30
5633 5614 19 5614 19
5403 5371 32 5371 32
5295 5279 16 5279 16
5367 5344 23 5344 23
5037 5019 18 5019 18
4992 4970 22 4970 22
5242 5212 30 5212 30
5511 5487 24 5487 24
5287 5269 18 5269 18
5017 5001 16 5001 16
5063 5049 14 5049 14
5499 5474 25 5474 25
5345 5312 33 5312 33
5186 5166 20 5166 20
5273 5247 26 5247 26
5382 5360 22 5360 22
5441 5413 28 5413 28
5180 5156 24 5156 24
5121 5098 23 5098 23
4714 4688 26 4688 26
5082 5067 15 5067 15
5167 5148 19 5148 19
5566 5542 24 5542 24
5169 5142 27 5142 27
5435 5409 26 5409 26
4910 4893 17 4893 17
5708 5682 26 5682 26
5857 5831 26 5831 26
5592 5565 27 5565 27
5012 4993 19 4993 19
4998 4979 19 4979 19
5397 5375 22 5375 22
5376 5346 30 5346 30
4932 4911 21 4911 21
5392 5359 33 5359 33
5370 5347 23 5347 23
5166 5143 23 5143 23
4873 4848 25 4848 25
5214 5196 18 5196 18
5211 5190 21 5190 21
5180 5151 29 5151 29
5061 5032 29 5032 29
5242 5219 23 5218 24
4780 4760 20 4760 20
5322 5300 22 5300 22
5184 5169 15 5169 15
5232 5210 22 5210 22
5290 5268 22 5268 22
5001 4978 23 4978 23
5311 5285 26 5285 26
5126 5104 22 5104 22
5340 5323 17 5323 17
5124 5098 26 5098 26
5070 5048 22 5048 22
5324 5305 19 5304 20
5280 5250 30 5250 30
5598 5581 17 5580 18
5150 5129 21 5129 21
5032 5016 16 5016 16
5175 5152 23 5152 23
5219 5198 21 5198 21
4939 4915 24 4915 24
5381 5359 22 5359 22
5351 5326 25 5326 25
5395 5367 28 5367 28
5159 5137 22 5137 22
5110 5088 22 5088 22
5503 5475 28 5475 28
5551 5516 35 5516 35
5373 5354 19 5354 19
5512 5491 21 5491 21
5475 5452 23 5452 23
5154 5123 31 5123 31
5276 5255 21 5255 21
5755 5733 22 5733 22
5379 5355 24 5355 24
5245 5220 25 5220 25
4786 4766 20 4766 20
5397 5370 27 5370 27
5654 5620 34 5620 34
5132 5110 22 5110 22
5155 5135 20 5135 20
5333 5309 24 5309 24
5336 5316 20 5316 20
5416 5383 33 5383 33
5006 4975 31 4975 31
5101 5076 25 5076 25
5316 5293 23 5293 23
5331 5314 17 5314 17
5131 5111 20 5111 20
5193 5169 24 5169 24
5305 5278 27 5278 27
5642 5613 29 5613 29
5025 5002 23 5002 23
4945 4925 20 4925 20
5200 5173 27 5173 27
5339 5310 29 5310 29
5320 5296 24 5296 24
5159 5129 30 5129 30
4827 4808 19 4808 19
5726 5692 34 5692 34
5345 5316 29 5316 29
4906 4888 18 4888 18
4535 4514 21 4514 21
5057 5028 29 5028 29
5250 5223 27 5223 27
5446 5420 26 5420 26
4837 4820 17 4820 17
5086 5068 18 5068 18
5425 5399 26 5399 26
5162 5139 23 5139 23
5206 5180 26 5180 26
5063 5050 13 5050 13
5103 5078 25 5078 25
5105 5083 22 5083 22
5248 5231 17 5231 17
4922 4906 16 4906 16
5321 5299 22 5299 22
4983 4957 26 4957 26
5302 5268 34 5268 34
5042 5016 26 5016 26
5306 5287 19 5287 19
5043 5018 25 5018 25
5561 5541 20 5541 20
5242 5214 28 5214 28
4957 4930 27 4930 27
5158 5131 27 5131 27
4815 4787 28 4787 28
5112 5089 23 5089 23
5259 5242 17 5242 17
5386 5361 25 5361 25
4930 4908 22 4908 22
5235 5211 24 5211 24
5474 5441 33 5441 33
5298 5266 32 5266 32
5563 5542 21 5542 21
5098 5077 21 5077 21
4838 4817 21 4817 21
5156 5133 23 5133 23
5350 5320 30 5320 30
5015 4995 20 4995 20
5428 5397 31 5397 31
4982 4962 20 4962 20
5297 5275 22 5275 22
5419 5393 26 5393 26
5076 5051 25 5051 25
5045 5021 24 5021 24
5403 5371 32 5371 32
4956 4938 18 4938 18
5140 5114 26 5114 26
5014 4989 25 4989 25
5433 5403 30 5403 30
5129 5101 28 5101 28
5319 5296 23 5296 23
5404 5374 30 5373 31
5280 5255 25 5255 25
5600 5577 23 5577 23
5272 5238 34 5238 34
5465 5436 29 5436 29
4659 4647 12 4647 12
5002 4978 24 4978 24
5337 5314 23 5314 23
4756 4738 18 4738 18
5279 5252 27 5252 27
5045 5024 21 5024 21
4917 4895 22 4895 22
4867 4847 20 4847 20
5144 5124 20 5124 20
4885 4861 24 4861 24
5329 5303 26 5303 26
5088 5068 20 5068 20
5029 5007 22 5007 22
4994 4969 25 4969 25
5226 5206 20 5205 21
5267 5241 26 5241 26
5246 5221 25 5220 26
5162 5137 25 5136 26
4995 4977 18 4977 18
5076 5052 24 5052 24
4926 4906 20 4906 20
5277 5250 27 5250 27
4950 4924 26 4924 26
4951 4930 21 4930 21
5203 5177 26 5177 26
5567 5539 28 5539 28
5266 5236 30 5236 30
5557 5540 17 5540 17
5518 5495 23 5495 23
5307 5279 28 5279 28
5165 5143 22 5143 22
5147 5113 34 5113 34
5298 5276 22 5276 22
5089 5065 24 5065 24
4762 4746 16 4746 16
5364 5341 23 5341 23
4887 4866 21 4866 21
5358 5328 30 5328 30
5231 5206 25 5206 25
5357 5330 27 5330 27
5041 5021 20 5021 20
5247 5222 25 5222 25
5483 5446 37 5446 37
4949 4927 22 4927 22
5128 5099 29 5099 29
5310 5278 32 5278 32
4860 4837 23 4837 23
5293 5272 21 5272 21
4988 4960 28 4960 28
5261 5231 30 5231 30
5319 5291 28 5291 28
5064 5034 30 5034 30
4901 4879 22 4879 22
4975 4961 14 4961 14
4852 4824 28 4824 28
5354 5329 25 5329 25
5503 5475 28 5475 28
5281 5263 18 5263 18
5095 5072 23 5072 23
5022 5001 21 5001 21
5000 4977 23 4977 23
4836 4815 21 4815 21
5018 4989 29 4989 29
4974 4952 22 4952 22
5428 5399 29 5399 29
5007 4985 22 4985 22
4820 4805 15 4805 15
5147 5122 25 5122 25
5302 5285 17 5285 17
5277 5259 18 5259 18
5545 5519 26 5519 26
4972 4958 14 4958 14
5350 5327 23 5327 23
4886 4856 30 4856 30
5343 5318 25 5318 25
4823 4806 17 4806 17
5266 5254 12 5254 12
5139 5121 18 5121 18
5183 5166 17 5166 17
4990 4958 32 4958 32
5199 5170 29 5170 29
5214 5197 17 5197 17
5165 5152 13 5152 13
5644 5616 28 5616 28
5101 5079 22 5079 22
5876 5855 21 5855 21
4958 4933 25 4933 25
5192 5160 32 5160 32
4439 4415 24 4415 24
5146 5119 27 5119 27
5172 5153 19 5153 19
5199 5181 18 5181 18
5243 5229 14 5229 14
5056 5031 25 5031 25
5292 5266 26 5266 26
4911 4892 19 4892 19
5554 5531 23 5531 23
5148 5126 22 5126 22
4955 4935 20 4935 20
5199 5175 24 5174 25
5268 5247 21 5247 21
5039 5014 25 5014 25
5342 5317 25 5317 25
4745 4724 21 4724 21
4663 4642 21 4642 21
5088 5059 29 5059 29
4774 4748 26 4748 26
5007 4979 28 4979 28
5146 5125 21 5125 21
5129 5103 26 5103 26
5303 5285 18 5285 18
5453 5431 22 5431 22
5086 5056 30 5056 30
5176 5152 24 5152 24
5347 5326 21 5326 21
5139 5111 28 5111 28
5065 5035 30 5035 30
4848 4827 21 4826 22
5270 5238 32 5238 32
5067 5034 33 5034 33
5041 5019 22 5019 22
4860 4841 19 4841 19
5484 5456 28 5456 28
5153 5123 30 5123 30
5391 5357 34 5357 34
5303 5280 23 5279 24
4621 4605 16 4605 16
5063 5029 34 5029 34
5206 5185 21 5185 21
5788 5756 32 5756 32
5180 5155 25 5155 25
4638 4621 17 4621 17
4928 4906 22 4906 22
4999 4966 33 4966 33
5005 4983 22 4983 22
5223 5202 21 5202 21
5117 5102 15 5102 15
5068 5045 23 5045 23
5182 5159 23 5159 23
4951 4921 30 4921 30
5440 5421 19 5421 19
4822 4802 20 4802 20
4832 4815 17 4815 17
5632 5610 22 5610 22
5208 5189 19 5189 19
4971 4948 23 4948 23
5088 5070 18 5070 18
5201 5178 23 5178 23
5443 5416 27 5416 27
5529 5501 28 5501 28
5429 5397 32 5397 32
5711 5691 20 5691 20
5373 5349 24 5349 24
5349 5328 21 5328 21
4928 4906 22 4906 22
5287 5260 27 5260 27
5181 5151 30 5150 31
5262 5234 28 5234 28
5306 5282 24 5282 24
5388 5360 28 5360 28
5294 5276 18 5276 18
5186 5159 27 5159 27
5122 5103 19 5103 19
5086 5064 22 5064 22
4801 4781 20 4781 20
5058 5034 24 5034 24
4832 4808 24 4808 24
5121 5093 28 5093 28
4962 4942 20 4942 20
5040 5011 29 5011 29
4740 4721 19 4721 19
5121 5100 21 5099 22
5280 5260 20 5260 20
5001 4979 22 4979 22
5257 5246 11 5246 11
5110 5077 33 5077 33
5556 5533 23 5533 23
4997 4977 20 4977 20
5351 5327 24 5327 24
5120 5100 20 5099 21
5134 5117 17 5117 17
4884 4860 24 4860 24
5094 5066 28 5066 28
5143 5116 27 5116 27
4852 4826 26 4826 26
5321 5287 34 5287 34
5286 5260 26 5260 26
5158 5134 24 5134 24
5071 5051 20 5051 20
5297 5273 24 5273 24
5265 5243 22 5243 22
5102 5075 27 5075 27
4985 4971 14 4971 14
4985 4972 13 4972 13
5558 5530 28 5530 28
5298 5276 22 5276 22
5012 4983 29 4983 29
5381 5361 20 5361 20
5184 5170 14 5170 14
4944 4932 12 4932 12
5111 5093 18 5093 18
4921 4902 19 4902 19
4984 4958 26 4958 26
5250 5216 34 5216 34
5305 5281 24 5281 24
5387 5363 24 5363 24
5010 4987 23 4987 23
5169 5150 19 5150 19
5228 5211 17 5211 17
5155 5134 21 5134 21
5370 5354 16 5354 16
4793 4767 26 4767 26
4840 4814 26 4814 26
5042 5016 26 5016 26
5481 5461 20 5461 20
5222 5203 19 5203 19
4941 4912 29 4912 29
5135 5112 23 5112 23
5243 5224 19 5224 19
5172 5149 23 5149 23
5590 5564 26 5564 26
5435 5412 23 5412 23
5198 5171 27 5171 27
5437 5412 25 5412 25
5353 5332 21 5332 21
5204 5179 25 5178 26
5085 5050 35 5050 35
5270 5255 15 5255 15
5088 5061 27 5061 27
5271 5249 22 5249 22
5435 5411 24 5411 24
5214 5184 30 5184 30
5193 5173 20 5173 20
5584 5557 27 5557 27
5412 5387 25 5387 25
5051 5026 25 5026 25
5024 5010 14 5010 14
4994 4965 29 4965 29
5312 5289 23 5289 23
4983 4959 24 4959 24
5172 5146 26 5146 26
5208 5191 17 5191 17
4915 4892 23 4892 23
4942 4916 26 4916 26
5361 5340 21 5340 21
5236 5214 22 5214 22
4824 4809 15 4809 15
5306 5279 27 5279 27
5099 5076 23 5076 23
4946 4925 21 4925 21
5481 5463 18 5463 18
5326 5307 19 5307 19
5494 5473 21 5473 21
4944 4922 22 4922 22
4895 4868 27 4868 27
4763 4738 25 4738 25
5369 5338 31 5338 31
4704 4687 17 4687 17
5181 5165 16 5165 16
5076 5050 26 5050 26
5255 5231 24 5231 24
4985 4963 22 4963 22
4969 4956 13 4956 13
5031 5017 14 5017 14
4676 4655 21 4655 21
4819 4794 25 4794 25
5200 5180 20 5180 20
4849 4828 21 4828 21
5144 5125 19 5125 19
5353 5321 32 5321 32
5040 5011 29 5011 29
5152 5130 22 5130 22
5282 5257 25 5257 25
4757 4742 15 4742 15
4802 4787 15 4787 15
4693 4679 14 4679 14
5182 5162 20 5162 20
5268 5251 17 5251 17
5047 5016 31 5016 31
5378 5345 33 5345 33
5240 5215 25 5215 25
4979 4953 26 4953 26
5428 5415 13 5415 13
4886 4862 24 4862 24
4913 4887 26 4886 27
5074 5051 23 5051 23
5079 5060 19 5060 19
4865 4843 22 4843 22
5045 5025 20 5025 20
5078 5064 14 5064 14
5190 5163 27 5163 27
5255 5237 18 5237 18
5359 5334 25 5334 25
4935 4922 13 4922 13
5267 5243 24 5243 24
5197 5172 25 5172 25
5202 5177 25 5177 25
5012 4985 27 4985 27
4995 4972 23 4972 23
5168 5142 26 5142 26
5522 5496 26 5496 26
4969 4940 29 4940 29
5151 5132 19 5132 19
5241 5217 24 5217 24
4825 4808 17 4808 17
4994 4974 20 4974 20
4990 4958 32 4958 32
5274 5251 23 5251 23
4931 4908 23 4908 23
4935 4915 20 4915 20
4772 4751 21 4751 21
4925 4895 30 4895 30
4670 4651 19 4651 19
5153 5134 19 5134 19
5221 5199 22 5199 22
5362 5332 30 5332 30
5194 5176 18 5176 18
5000 4977 23 4977 23
5263 5245 18 5244 19
4906 4883 23 4883 23
5572 5548 24 5548 24
5172 5141 31 5141 31
4835 4811 24 4811 24
5028 5009 19 5009 19
5590 5558 32 5558 32
5029 5007 22 5007 22
4694 4672 22 4672 22
4853 4832 21 4832 21
4909 4883 26 4883 26
4947 4925 22 4925 22
5260 5238 22 5238 22
4927 4917 10 4917 10
5000 4974 26 4974 26
4949 4933 16 4933 16
5147 5121 26 5121 26
5616 5590 26 5590 26
5057 5036 21 5036 21
5120 5096 24 5096 24
5276 5253 23 5253 23
4559 4542 17 4542 17
5137 5111 26 5111 26
4981 4961 20 4961 20
4832 4810 22 4810 22
5376 5354 22 5352 24
4961 4930 31 4930 31
5271 5246 25 5246 25
4934 4910 24 4910 24
5012 4993 19 4993 19
4948 4924 24 4924 24
5126 5105 21 5105 21
5111 5093 18 5093 18
5241 5219 22 5219 22
4766 4743 23 4743 23
5120 5095 25 5095 25
5039 5018 21 5018 21
5588 5564 24 5564 24
5244 5218 26 5218 26
5887 5861 26 5861 26
5425 5407 18 5407 18
5522 5496 26 5496 26
5284 5258 26 5258 26
5171 5154 17 5154 17
5099 5075 24 5075 24
5346 5311 35 5311 35
5019 4991 28 4991 28
5809 5791 18 5791 18
4782 4763 19 4763 19
5014 4988 26 4988 26
5069 5053 16 5053 16
5157 5132 25 5132 25
5440 5409 31 5409 31
4781 4766 15 4766 15
4655 4635 20 4635 20
5328 5307 21 5307 21
4874 4845 29 4845 29
5152 5130 22 5130 22
5346 5327 19 5327 19
5338 5318 20 5318 20
5241 5221 20 5221 20
4948 4929 19 4929 19
5264 5222 42 5222 42
5453 5436 17 5436 17
5057 5023 34 5023 34
5092 5066 26 5066 26
5269 5240 29 5240 29
5270 5241 29 5241 29
5411 5387 24 5387 24
5086 5062 24 5062 24
5149 5128 21 5128 21
4745 4727 18 4727 18
5985 5955 30 5955 30
5413 5389 24 5389 24
5417 5388 29 5388 29
4972 4958 14 4958 14
4975 4957 18 4957 18
4884 4865 19 4865 19
5416 5397 19 5397 19
5027 4999 28 4999 28
5202 5178 24 5178 24
4754 4737 17 4737 17
5130 5106 24 5106 24
5334 5305 29 5305 29
4697 4677 20 4677 20
5157 5133 24 5133 24
5230 5202 28 5202 28
5090 5065 25 5065 25
5091 5065 26 5065 26
5103 5075 28 5075 28
5173 5152 21 5152 21
5657 5622 35 5622 35
4976 4957 19 4957 19
5262 5236 26 5236 26
5445 5427 18 5427 18
5031 5012 19 5012 19
5382 5349 33 5349 33
5180 5150 30 5150 30
5374 5346 28 5346 28
5233 5205 28 5204 29
5430 5398 32 5398 32
5370 5343 27 5343 27
5185 5173 12 5173 12
5078 5053 25 5053 25
5895 5860 35 5860 35
4942 4918 24 4918 24
5171 5149 22 5149 22
5055 5027 28 5027 28
5097 5069 28 5069 28
5019 4990 29 4990 29
4893 4865 28 4865 28
4784 4762 22 4762 22
5716 5697 19 5697 19
4941 4915 26 4915 26
5485 5463 22 5463 22
5122 5097 25 5097 25
5133 5103 30 5103 30
5302 5275 27 5275 27
5457 5434 23 5434 23
4868 4848 20 4848 20
4901 4875 26 4875 26
5321 5292 29 5292 29
5169 5154 15 5154 15
5400 5373 27 5373 27
5002 4979 23 4979 23
5010 4994 16 4994 16
5356 5338 18 5338 18
4868 4845 23 4845 23
5170 5155 15 5155 15
4704 4683 21 4683 21
5140 5123 17 5123 17
5384 5355 29 5355 29
5145 5128 17 5128 17
5130 5108 22 5108 22
5186 5163 23 5163 23
4748 4726 22 4726 22
4757 4744 13 4744 13
5392 5368 24 5368 24
4942 4925 17 4925 17
5160 5136 24 5136 24
4809 4788 21 4788 21
4979 4961 18 4961 18
5078 5054 24 5054 24
5103 5081 22 5081 22
5224 5195 29 5195 29
5182 5159 23 5159 23
5247 5226 21 5226 21
5227 5203 24 5202 25
5107 5092 15 5092 15
5405 5382 23 5382 23
5695 5678 17 5678 17
4995 4977 18 4977 18
4998 4975 23 4975 23
4985 4958 27 4958 27
5194 5172 22 5172 22
4855 4830 25 4830 25
5506 5487 19 5487 19
5371 5347 24 5347 24
5525 5503 22 5503 22
5236 5220 16 5220 16
5263 5242 21 5242 21
5022 5004 18 5004 18
5265 5243 22 5243 22
5084 5064 20 5064 20
4918 4895 23 4895 23
5130 5100 30 5100 30
5457 5429 28 5429 28
5106 5082 24 5082 24
5622 5597 25 5597 25
5198 5171 27 5171 27
5293 5271 22 5271 22
5141 5110 31 5110 31
5091 5060 31 5060 31
5452 5423 29 5423 29
5201 5181 20 5181 20
5312 5285 27 5285 27
4928 4900 28 4900 28
5205 5178 27 5178 27
4619 4600 19 4600 19
5591 5567 24 5567 24
4831 4805 26 4805 26
4978 4953 25 4953 25
4905 4876 29 4876 29
5114 5092 22 5092 22
5002 4977 25 4977 25
5109 5090 19 5090 19
5169 5152 17 5152 17
5119 5098 21 5098 21
5135 5113 22 5113 22
5264 5244 20 5244 20
5225 5191 34 5191 34
5150 5132 18 5132 18
4946 4922 24 4922 24
5398 5378 20 5378 20
5212 5189 23 5189 23
5235 5217 18 5217 18
5363 5344 19 5343 20
5160 5138 22 5138 22
5280 5256 24 5256 24
5291 5266 25 5266 25
5080 5065 15 5065 15
4887 4870 17 4870 17
5294 5267 27 5267 27
5509 5480 29 5480 29
5564 5541 23 5541 23
4962 4930 32 4930 32
5241 5216 25 5216 25
5267 5241 26 5241 26
5098 5078 20 5078 20
5282 5261 21 5261 21
5464 5436 28 5436 28
5047 5020 27 5020 27
5420 5392 28 5392 28
4957 4940 17 4940 17
5152 5133 19 5133 19
5188 5167 21 5167 21
5237 5210 27 5210 27
5389 5359 30 5359 30
5908 5877 31 5877 31
5171 5147 24 5147 24
4881 4863 18 4863 18
5453 5428 25 5428 25
5112 5083 29 5083 29
5059 5034 25 5034 25
4751 4733 18 4733 18
5478 5461 17 5461 17
4925 4905 20 4905 20
5159 5138 21 5138 21
4662 4638 24 4638 24
5066 5049 17 5049 17
4995 4966 29 4966 29
5392 5374 18 5373 19
4965 4944 21 4944 21
5198 5173 25 5173 25
5320 5296 24 5296 24
5095 5079 16 5079 16
5316 5282 34 5282 34
5175 5149 26 5149 26
5286 5252 34 5252 34
5089 5074 15 5074 15
5065 5037 28 5037 28
5381 5353 28 5353 28
5081 5055 26 5055 26
5412 5394 18 5394 18
5320 5302 18 5302 18
5202 5182 20 5182 20
5178 5157 21 5157 21
5121 5090 31 5090 31
4930 4910 20 4909 21
5388 5358 30 5358 30
5680 5650 30 5650 30
5425 5399 26 5399 26
5088 5068 20 5068 20
4794 4764 30 4764 30
5484 5459 25 5459 25
5093 5070 23 5070 23
5221 5204 17 5204 17
5513 5470 43 5470 43
5049 5024 25 5022 27
4815 4785 30 4785 30
5821 5793 28 5793 28
5173 5149 24 5149 24
4917 4897 20 4897 20
5373 5349 24 5349 24
5526 5502 24 5502 24
5675 5649 26 5649 26
5248 5222 26 5222 26
5466 5439 27 5439 27
5168 5136 32 5136 32
5180 5154 26 5154 26
5023 4996 27 4996 27
5231 5209 22 5208 23
4976 4959 17 4959 17
5055 5038 17 5038 17
5168 5156 12 5156 12
5309 5281 28 5281 28
5220 5205 15 5205 15
4865 4837 28 4837 28
5231 5208 23 5208 23
5111 5087 24 5087 24
5408 5387 21 5387 21
5044 5013 31 5013 31
5157 5137 20 5137 20
5717 5683 34 5683 34
5102 5078 24 5078 24
5220 5207 13 5207 13
5353 5321 32 5321 32
5120 5101 19 5101 19
5017 4981 36 4981 36
5313 5278 35 5278 35
5173 5151 22 5151 22
5291 5260 31 5260 31
5111 5087 24 5087 24
5314 5293 21 5293 21
5299 5274 25 5274 25
5589 5565 24 5565 24
5049 5022 27 5022 27
5099 5077 22 5077 22
5487 5464 23 5464 23
5073 5050 23 5049 24
5092 5067 25 5067 25
4889 4860 29 4860 29
5358 5337 21 5337 21
5161 5132 29 5132 29
4982 4954 28 4954 28
4950 4929 21 4929 21
5541 5511 30 5511 30
5330 5309 21 5309 21
5197 5174 23 5174 23
4808 4787 21 4787 21
5100 5075 25 5075 25
